0 2 3.05 1006.16 3.25 79.1429 0 449.57 295.886
0.0208333 2 3 1006.17 3.4 79.4286 0 389.785 295.369
0.0416667 2 3.1 1006.09 3.6 79.4286 0 440.616 295.55
0.0625 2 3.2 1006.02 3.8 79.4286 0 491.446 295.732
0.0833333 2 3.5 1006.04 3.15 80.0714 0 432.523 293.915
0.104167 2 3.8 1006.05 2.5 80.7143 0 373.6 292.098
0.125 2 3.75 1006.07 2.3 80.7857 0 324.242 291.933
0.145833 2 3.7 1006.08 2.1 80.8571 0 274.885 291.768
0.166667 2 3.5 1006.11 2.1 81 3.09943e-005 252.524 308.182
0.1875 2 3.3 1006.14 2.1 81.1429 6.19886e-005 230.163 324.597
0.208333 2 2.9 1006.14 2.05 81.2143 6.20432e-005 178.996 328.935
0.229167 2 2.5 1006.14 2 81.2857 6.20978e-005 127.83 333.274
0.25 2 2.45 1006.18 1.95 80.3095 3.10489e-005 97.6874 332.334
0.270833 2 2.4 1006.21 1.9 79.3333 0 67.5448 331.395
0.291667 2 2 1006.28 1.85 79.0833 0 57.6915 329.804
0.3125 2 1.6 1006.34 1.8 78.8333 0 47.8382 328.213
0.333333 2 1.4 1006.42 1.8 78.9166 0 36.4152 327.755
0.354167 2 1.2 1006.49 1.8 79 0 24.9922 327.298
0.375 2 1.25 1006.53 1.8 79 0 19.2512 327.736
0.395833 2 1.3 1006.57 1.8 79 0 13.5102 328.174
0.416667 2 1.45 1006.72 1.7 79.25 0 11.3012 325.418
0.4375 2 1.6 1006.87 1.6 79.5 0 9.09217 322.661
0.458333 2 1.7 1006.97 1.4 79.6666 0 10.9047 320.932
0.479167 2 1.8 1007.08 1.2 79.8333 0 12.7173 319.203
0.5 2 1.55 1007.17 1.25 80.0833 0 20.0708 315.237
0.520833 2 1.3 1007.26 1.3 80.3333 0 27.4243 311.27
0.541667 2 1.45 1007.28 1.25 80 0 46.4613 300.826
0.5625 2 1.6 1007.3 1.2 79.6667 0 65.4983 290.383
0.583333 2 1.9 1007.3 1.2 79.1667 0 77.694 292.509
0.604167 2 2.2 1007.31 1.2 78.6667 0 89.8898 294.635
0.625 2 2 1007.38 1.35 78.4167 0 110.32 299.219
0.645833 2 1.8 1007.45 1.5 78.1667 0 130.751 303.802
0.666667 2 1.65 1007.57 1.55 77.9167 0 146.491 311.719
0.6875 2 1.5 1007.68 1.6 77.6667 0 162.23 319.635
0.708333 2 1.9 1007.81 1.6 77.25 0 189.445 319.931
0.729167 2 2.3 1007.94 1.6 76.8333 0 216.661 320.226
0.75 2 2.65 1008.01 1.75 76.3333 0 262.597 319.826
0.770833 2 3 1008.08 1.9 75.8333 0 308.533 319.426
0.791667 2 3.1 1008.18 1.9 75.5833 0 289.895 319.75
0.8125 2 3.2 1008.27 1.9 75.3333 0 271.256 320.073
0.833333 2 3.2 1008.34 2 75.3333 0 318.235 318.474
0.854167 2 3.2 1008.42 2.1 75.3333 0 365.214 316.874
0.875 2 3.35 1008.44 2.25 76.9523 0 479.973 298.44
0.895833 2 3.5 1008.46 2.4 78.5714 0 594.731 280.006
0.916667 2 3.55 1008.49 2.6 79 0 646.65 279.25
0.9375 2 3.6 1008.52 2.8 79.4286 0 698.568 278.495
0.958333 2 3.75 1008.58 2.85 79.3571 0 669.362 281.302
0.979167 2 3.9 1008.63 2.9 79.2857 0 640.156 284.108
1 2 3.9 1008.67 2.85 78.3095 0 625.323 280.843
1.02083 2 3.9 1008.72 2.8 77.3333 0 610.49 277.578
1.04167 2 3.9 1008.73 2.75 77.4166 0 625.443 273.888
1.0625 2 3.9 1008.74 2.7 77.5 0 640.395 270.199
1.08333 2 3.85 1008.78 2.3 78.3334 0 542.307 286.177
1.10417 2 3.8 1008.81 1.9 79.1667 0 444.219 302.156
1.125 2 3.9 1008.82 1.9 80.0834 3.09397e-005 345.4 305.144
1.14583 2 4 1008.82 1.9 81 6.18794e-005 246.581 308.132
1.16667 2 3.65 1008.91 1.9 81.4166 6.21978e-005 194.427 313.34
1.1875 2 3.3 1008.99 1.9 81.8333 6.25161e-005 142.274 318.548
1.20833 2 3.6 1008.9 1.95 80.2166 3.12581e-005 142.347 313.797
1.22917 2 3.9 1008.8 2 78.6 0 142.42 309.046
1.25 2 3.55 1008.72 1.95 78.9 0 120.86 310.406
1.27083 2 3.2 1008.65 1.9 79.2 0 99.2993 311.766
1.29167 2 2.9 1008.69 1.6 78.9 0 79.4286 313.854
1.3125 2 2.6 1008.73 1.3 78.6 0 59.5578 315.941
1.33333 2 2.45 1008.92 1.25 77.9 0 55.4621 316.615
1.35417 2 2.3 1009.12 1.2 77.2 0 51.3663 317.289
1.375 2 2.2 1009.13 1.1 77.3 0 45.9972 316.48
1.39583 2 2.1 1009.14 1 77.4 0 40.6282 315.671
1.41667 2 2.45 1009.05 0.85 77.2 0 38.1464 314.065
1.4375 2 2.8 1008.95 0.7 77 0 35.6645 312.458
1.45833 2 2.7 1008.97 0.45 77 0 30.9274 309.875
1.47917 2 2.6 1008.99 0.2 77 0 26.1903 307.293
1.5 2 2.6 1008.99 0.3 77.6 0 35.1209 311.047
1.52083 2 2.6 1008.99 0.4 78.2 0 44.0515 314.802
1.54167 2 2.7 1008.98 0.5 78 0 56.5341 315.471
1.5625 2 2.8 1008.98 0.6 77.8 0 69.0168 316.139
1.58333 2 2.7 1008.86 0.7 77.6 0 69.7742 317.004
1.60417 2 2.6 1008.75 0.8 77.4 0 70.5315 317.868
1.625 2 2.55 1008.83 0.85 77.2 0 79.1611 320.556
1.64583 2 2.5 1008.91 0.9 77 0 87.7907 323.244
1.66667 2 2.1 1009 1 76.6 0 88.7247 323.018
1.6875 2 1.7 1009.09 1.1 76.2 0 89.6587 322.792
1.70833 2 1.85 1009.06 1.15 76.4 0 100.575 324.016
1.72917 2 2 1009.02 1.2 76.6 0 111.492 325.24
1.75 2 2.2 1009.02 1.35 74.8 0 138.355 324.708
1.77083 2 2.4 1009.01 1.5 73 0 165.219 324.176
1.79167 2 2.55 1008.96 1.85 72 0 225.628 326.284
1.8125 2 2.7 1008.92 2.2 71 0 286.038 328.392
1.83333 2 2.6 1008.97 2.25 71.1 0 277.865 329.997
1.85417 2 2.5 1009.02 2.3 71.2 0 269.691 331.603
1.875 2 2.45 1009.05 2.5 75.1 0 290.243 330.957
1.89583 2 2.4 1009.07 2.7 79 0 310.796 330.311
1.91667 2 2.6 1009.07 2.9 81.125 3.17992e-005 338.831 330.582
1.9375 2 2.8 1009.06 3.1 83.25 6.35983e-005 366.866 330.853
1.95833 2 3.2 1009.05 3.1 83.375 6.36939e-005 371.453 330.334
1.97917 2 3.6 1009.05 3.1 83.5 6.37894e-005 376.041 329.815
2 2 3.6 1009.05 3 83.9166 6.41078e-005 355.999 328.081
2.02083 2 3.6 1009.06 2.9 84.3333 6.44261e-005 335.957 326.347
2.04167 2 3.9 1009.14 2.8 84.5 6.45533e-005 315.894 325.75
2.0625 2 4.2 1009.21 2.7 84.6667 6.46806e-005 295.831 325.153
2.08333 2 4.35 1009.23 2.6 84.5 6.45533e-005 298.91 323.193
2.10417 2 4.5 1009.26 2.5 84.3333 6.44261e-005 301.99 321.232
2.125 2 4.7 1009.15 2.35 82.8667 6.33056e-005 306.065 314.815
2.14583 2 4.9 1009.04 2.2 81.4 6.2185e-005 310.14 308.398
2.16667 2 4.75 1009.15 2.2 82.6 6.31018e-005 279.966 305.598
2.1875 2 4.6 1009.25 2.2 83.8 6.40186e-005 249.793 302.798
2.20833 2 5.15 1009.19 1.7 84.4 6.44769e-005 213.331 300.388
2.22917 2 5.7 1009.13 1.2 85 6.49353e-005 176.87 297.978
2.25 2 5.45 1009.2 1.05 86 6.56992e-005 147.032 296.598
2.27083 2 5.2 1009.27 0.9 87 6.64631e-005 117.194 295.218
2.29167 2 5.35 1009.34 0.8 87.6 6.69215e-005 96.3503 294.852
2.3125 2 5.5 1009.4 0.7 88.2 6.738e-005 75.5066 294.485
2.33333 2 5.65 1009.55 0.6 89 6.79911e-005 61.2134 298.93
2.35417 2 5.8 1009.7 0.5 89.8 6.86022e-005 46.9203 303.375
2.375 2 5.65 1009.79 0.7 89.9 6.86786e-005 36.6119 308.101
2.39583 2 5.5 1009.88 0.9 90 6.8755e-005 26.3035 312.827
2.41667 2 5.3 1009.93 1 90.4 6.90606e-005 23.6156 314.523
2.4375 2 5.1 1009.99 1.1 90.8 6.93661e-005 20.9277 316.219
2.45833 2 5.3 1009.97 1 91.4 6.98244e-005 23.8829 314.535
2.47917 2 5.5 1009.96 0.9 92 7.02828e-005 26.8382 312.852
2.5 2 5.25 1010.1 0.85 92.4 7.05885e-005 30.8461 313.346
2.52083 2 5 1010.24 0.8 92.8 7.08942e-005 34.854 313.84
2.54167 2 5.1 1010.15 0.9 92.1 7.03593e-005 50.9706 307.871
2.5625 2 5.2 1010.06 1 91.4 6.98244e-005 67.0873 301.902
2.58333 2 5.4 1010.07 0.9 90 6.8755e-005 81.1131 306.094
2.60417 2 5.6 1010.08 0.8 88.6 6.76856e-005 95.1388 310.285
2.625 2 5.65 1010.2 0.85 87.2166 6.66288e-005 113.994 312.34
2.64583 2 5.7 1010.31 0.9 85.8333 6.55719e-005 132.85 314.394
2.66667 2 5.9 1010.37 1 85.0833 6.4999e-005 187.296 307.891
2.6875 2 6.1 1010.43 1.1 84.3333 6.44261e-005 241.742 301.388
2.70833 2 6.15 1010.46 1.2 84.25 6.43624e-005 257.15 307.356
2.72917 2 6.2 1010.5 1.3 84.1667 6.42986e-005 272.557 313.324
2.75 2 6.15 1010.53 1.6 83.1667 6.35347e-005 291.6 316.607
2.77083 2 6.1 1010.55 1.9 82.1667 6.27708e-005 310.643 319.891
2.79167 2 6.2 1010.55 2.15 80.9167 3.13854e-005 360.219 318.947
2.8125 2 6.3 1010.56 2.4 79.6667 0 409.796 318.003
2.83333 2 6.15 1010.54 2.5 79.5 0 430.406 319.778
2.85417 2 6 1010.52 2.6 79.3333 0 451.016 321.553
2.875 2 6.05 1010.43 2.95 79.3333 0 511.701 317.547
2.89583 2 6.1 1010.34 3.3 79.3333 0 572.385 313.54
2.91667 2 6.35 1010.28 3.65 80.3333 3.10671e-005 586.044 308.677
2.9375 2 6.6 1010.21 4 81.3333 6.21342e-005 599.703 303.813
2.95833 2 6.5 1010.18 4.5 81.0833 3.10671e-005 634.741 288.943
2.97917 2 6.4 1010.16 5 80.8333 0 669.779 274.073
3 2 6.65 1009.98 4.7 81.0595 3.10489e-005 634.807 278.966
3.02083 2 6.9 1009.8 4.4 81.2857 6.20978e-005 599.836 283.859
3.04167 2 7.15 1009.69 4.2 80.8571 3.10489e-005 502.553 300.599
3.0625 2 7.4 1009.58 4 80.4286 0 405.27 317.338
3.08333 2 7.05 1009.47 3.85 80.5 0 347.984 317.56
3.10417 2 6.7 1009.36 3.7 80.5714 0 290.698 317.782
3.125 2 7.1 1009.17 3.7 81.0714 3.11581e-005 251.637 318.172
3.14583 2 7.5 1008.99 3.7 81.5714 6.23161e-005 212.576 318.561
3.16667 2 7.35 1008.92 3.5 82.7142 6.31892e-005 179.94 318.234
3.1875 2 7.2 1008.84 3.3 83.8571 6.40622e-005 147.304 317.908
3.20833 2 7.35 1008.73 3.25 84.5714 6.46079e-005 133.307 318.727
3.22917 2 7.5 1008.62 3.2 85.2857 6.51536e-005 119.31 319.547
3.25 2 7.7 1008.45 3.25 86.5714 6.61358e-005 102.314 314.893
3.27083 2 7.9 1008.27 3.3 87.8571 6.71181e-005 85.3188 310.24
3.29167 2 7.75 1008.21 3.3 88.7857 6.78274e-005 72.0084 311.492
3.3125 2 7.6 1008.14 3.3 89.7143 6.85367e-005 58.698 312.744
3.33333 2 7.65 1008.02 3.3 89.6071 6.84549e-005 54.0559 304.227
3.35417 2 7.7 1007.9 3.3 89.5 6.83731e-005 49.4138 295.709
3.375 2 7.75 1007.84 3.25 89.55 6.84113e-005 49.1675 296.262
3.39583 2 7.8 1007.79 3.2 89.6 6.84494e-005 48.9213 296.814
3.41667 2 8.25 1007.77 3.2 90.3 6.89842e-005 41.6862 289.362
3.4375 2 8.7 1007.74 3.2 91 6.95189e-005 34.4512 281.909
3.45833 2 8.7 1007.74 3.2 91.2 6.96717e-005 33.428 279.982
3.47917 2 8.7 1007.74 3.2 91.4 6.98244e-005 32.4048 278.055
3.5 2 8.6 1007.85 3.25 91.7 7.00536e-005 39.968 269.229
3.52083 2 8.5 1007.96 3.3 92 7.02828e-005 47.5312 260.404
3.54167 2 8.35 1008.04 3.45 92.3334 7.05375e-005 63.6071 260.583
3.5625 2 8.2 1008.11 3.6 92.6667 7.07922e-005 79.6831 260.763
3.58333 2 8.4 1008.17 3.75 92.3334 7.05375e-005 103.579 260.87
3.60417 2 8.6 1008.24 3.9 92 7.02828e-005 127.475 260.978
3.625 2 8.5 1008.4 4.25 91.1429 6.96281e-005 195.957 261.399
3.64583 2 8.4 1008.56 4.6 90.2857 6.89733e-005 264.439 261.82
3.66667 2 8.45 1008.76 4.6 88.4286 6.75546e-005 306.603 260.941
3.6875 2 8.5 1008.96 4.6 86.5714 6.61358e-005 348.767 260.063
3.70833 2 8.7 1009.18 4.75 85.2142 6.5099e-005 394.275 258.991
3.72917 2 8.9 1009.41 4.9 83.8571 6.40622e-005 439.783 257.919
3.75 2 8.95 1009.67 5.05 84 6.41714e-005 477.558 258.896
3.77083 2 9 1009.93 5.2 84.1429 6.42806e-005 515.333 259.873
3.79167 2 8.6 1010.17 5.25 84.2143 6.43351e-005 553.082 260.303
3.8125 2 8.2 1010.4 5.3 84.2857 6.43897e-005 590.831 260.734
3.83333 2 8.2 1010.55 5.55 84.3571 6.44443e-005 621.637 259.371
3.85417 2 8.2 1010.7 5.8 84.4286 6.44989e-005 652.444 258.008
3.875 2 8 1010.84 6.1 83.6429 6.38986e-005 671.097 259.214
3.89583 2 7.8 1010.99 6.4 82.8571 6.32983e-005 689.75 260.421
3.91667 2 7.5 1011.1 6.3 82 6.26435e-005 692.742 261.395
3.9375 2 7.2 1011.21 6.2 81.1429 6.19886e-005 695.735 262.368
3.95833 2 7.45 1011.28 6.15 82 6.26435e-005 690.182 263.694
3.97917 2 7.7 1011.35 6.1 82.8571 6.32983e-005 684.63 265.02
4 2 7.75 1011.41 6.05 83.3571 6.36803e-005 665.108 265.178
4.02083 2 7.8 1011.46 6 83.8571 6.40622e-005 645.586 265.337
4.04167 2 7.65 1011.49 5.9 84.0714 6.4226e-005 617.417 263.987
4.0625 2 7.5 1011.53 5.8 84.2857 6.43897e-005 589.247 262.638
4.08333 2 7.6 1011.62 5.55 84.5714 6.46079e-005 553.272 260.85
4.10417 2 7.7 1011.71 5.3 84.8571 6.48261e-005 517.297 259.062
4.125 2 7.75 1011.78 5.1 84.3571 6.44442e-005 475.221 258.919
4.14583 2 7.8 1011.85 4.9 83.8571 6.40622e-005 433.144 258.777
4.16667 2 7.4 1011.9 4.9 83.5714 6.38439e-005 385.401 259.575
4.1875 2 7 1011.95 4.9 83.2857 6.36256e-005 337.657 260.373
4.20833 2 6.95 1012.02 4.95 83.7857 6.40076e-005 293.349 261.349
4.22917 2 6.9 1012.08 5 84.2857 6.43897e-005 249.041 262.326
4.25 2 7 1012.11 4.85 85.3571 6.52082e-005 210.452 263.716
4.27083 2 7.1 1012.15 4.7 86.4286 6.60267e-005 171.864 265.107
4.29167 2 7 1012.27 4.55 86.7143 6.62449e-005 142.252 265.712
4.3125 2 6.9 1012.39 4.4 87 6.64631e-005 112.64 266.317
4.33333 2 6.95 1012.57 4.25 87.25 6.66542e-005 90.4851 266.536
4.35417 2 7 1012.75 4.1 87.5 6.68453e-005 68.3302 266.756
4.375 2 6.95 1012.9 4.05 87.6071 6.69271e-005 54.2224 266.526
4.39583 2 6.9 1013.04 4 87.7143 6.70089e-005 40.1145 266.297
4.41667 2 7 1012.99 3.95 87.8571 6.71181e-005 39.4868 265.393
4.4375 2 7.1 1012.95 3.9 88 6.72272e-005 38.8592 264.49
4.45833 2 7.05 1013.04 3.9 88.5834 6.76728e-005 42.0242 262.338
4.47917 2 7 1013.12 3.9 89.1667 6.81183e-005 45.1892 260.186
4.5 2 6.9 1013.2 3.65 88.4167 6.75454e-005 58.5306 260.268
4.52083 2 6.8 1013.29 3.4 87.6667 6.69725e-005 71.872 260.349
4.54167 2 7.05 1013.36 3.4 88.3334 6.74818e-005 90.057 261.209
4.5625 2 7.3 1013.44 3.4 89 6.79911e-005 108.242 262.069
4.58333 2 7.3 1013.48 3.55 88.0714 6.72817e-005 141.519 262.651
4.60417 2 7.3 1013.53 3.7 87.1429 6.65722e-005 174.796 263.232
4.625 2 7.15 1013.62 3.9 85.8571 6.559e-005 230.117 262.576
4.64583 2 7 1013.71 4.1 84.5714 6.46078e-005 285.438 261.919
4.66667 2 7 1013.84 4.15 83.2857 6.36256e-005 314.849 261.575
4.6875 2 7 1013.97 4.2 82 6.26433e-005 344.261 261.231
4.70833 2 7.1 1014.07 4.35 80.8571 3.13217e-005 391.563 260.382
4.72917 2 7.2 1014.17 4.5 79.7143 0 438.865 259.533
4.75 2 7.3 1014.29 4.5 79.5 0 481.419 259.87
4.77083 2 7.4 1014.41 4.5 79.2857 0 523.974 260.208
4.79167 2 7.4 1014.46 4.65 78.7143 0 559.154 261.103
4.8125 2 7.4 1014.52 4.8 78.1429 0 594.334 261.998
4.83333 2 7.6 1014.54 4.9 75.0089 0 619.638 262.587
4.85417 2 7.8 1014.56 5 71.875 0 644.943 263.176
4.875 2 7.65 1014.6 5.1 71.625 0 662.185 263.811
4.89583 2 7.5 1014.65 5.2 71.375 0 679.426 264.446
4.91667 2 7.5 1014.74 5.25 72.3125 0 684.807 264.711
4.9375 2 7.5 1014.83 5.3 73.25 0 690.188 264.976
4.95833 2 7.5 1014.96 5.25 74.3125 0 683.037 264.474
4.97917 2 7.5 1015.09 5.2 75.375 0 675.886 263.972
5 2 7.5 1015.14 5.2 75.375 0 657.554 263.763
5.02083 2 7.5 1015.18 5.2 75.375 0 639.222 263.553
5.04167 2 7.45 1015.27 5.1 75.6875 0 611.107 262.579
5.0625 2 7.4 1015.35 5 76 0 582.992 261.605
5.08333 2 7.45 1015.35 4.95 76 0 546.977 261.548
5.10417 2 7.5 1015.36 4.9 76 0 510.962 261.491
5.125 2 7.5 1015.47 4.85 76.8125 0 467.544 262.014
5.14583 2 7.5 1015.58 4.8 77.625 0 424.126 262.537
5.16667 2 7.35 1015.68 4.65 78.3125 0 377.083 262.289
5.1875 2 7.2 1015.79 4.5 79 0 330.039 262.04
5.20833 2 6.95 1015.76 4.3 80 3.09397e-005 287.452 261.743
5.22917 2 6.7 1015.72 4.1 81 6.18794e-005 244.864 261.447
5.25 2 6.5 1015.88 3.9 81.3125 6.21182e-005 204.119 263.786
5.27083 2 6.3 1016.03 3.7 81.625 6.23569e-005 163.374 266.126
5.29167 2 6.4 1016.08 3.45 80.9554 3.11785e-005 139.148 260.971
5.3125 2 6.5 1016.12 3.2 80.2857 0 114.923 255.816
5.33333 2 6.4 1016.24 3 80.5595 0 93.6873 254.456
5.35417 2 6.3 1016.36 2.8 80.8333 0 72.4517 253.096
5.375 2 6.25 1016.38 2.65 81.5595 3.14308e-005 60.6647 253.174
5.39583 2 6.2 1016.4 2.5 82.2857 6.28617e-005 48.8778 253.252
5.41667 2 6.05 1016.45 2.4 82.7143 6.31892e-005 45.3988 252.755
5.4375 2 5.9 1016.5 2.3 83.1429 6.35167e-005 41.9197 252.258
5.45833 2 5.85 1016.55 2.2 82.0714 6.26981e-005 45.6582 251.718
5.47917 2 5.8 1016.6 2.1 81 6.18794e-005 49.3968 251.178
5.5 2 5.9 1016.59 2.1 81.25 6.20704e-005 60.7021 250.813
5.52083 2 6 1016.59 2.1 81.5 6.22614e-005 72.0075 250.448
5.54167 2 5.9 1016.65 2.05 81.5 6.22614e-005 88.0168 250.725
5.5625 2 5.8 1016.71 2 81.5 6.22614e-005 104.026 251.001
5.58333 2 5.8 1016.75 2.15 82.1071 6.27253e-005 136.204 251.372
5.60417 2 5.8 1016.79 2.3 82.7143 6.31892e-005 168.383 251.742
5.625 2 5.65 1016.82 2.25 82.2857 6.28618e-005 219.402 252.336
5.64583 2 5.5 1016.86 2.2 81.8571 6.25344e-005 270.42 252.929
5.66667 2 5.45 1016.89 2.35 81.5 6.22615e-005 305.17 253.043
5.6875 2 5.4 1016.91 2.5 81.1429 6.19886e-005 339.92 253.157
5.70833 2 5.55 1016.89 2.85 81 3.09943e-005 387.028 253.702
5.72917 2 5.7 1016.87 3.2 80.8571 0 434.136 254.247
5.75 2 5.4 1016.99 3.3 82.3661 3.20379e-005 476.338 254.077
5.77083 2 5.1 1017.12 3.4 83.875 6.40758e-005 518.54 253.906
5.79167 2 5.25 1017.17 3.5 83.125 6.35029e-005 553.166 253.716
5.8125 2 5.4 1017.21 3.6 82.375 6.293e-005 587.792 253.527
5.83333 2 5.25 1017.22 3.75 82.0625 6.26913e-005 616.836 253.365
5.85417 2 5.1 1017.24 3.9 81.75 6.24525e-005 645.88 253.204
5.875 2 5.25 1017.29 3.85 82.25 6.28344e-005 665.349 253.143
5.89583 2 5.4 1017.35 3.8 82.75 6.32164e-005 684.817 253.082
5.91667 2 5.45 1017.32 3.8 82.6875 6.31686e-005 690.461 253.249
5.9375 2 5.5 1017.3 3.8 82.625 6.31208e-005 696.104 253.415
5.95833 2 5.5 1017.22 3.85 82.5 6.30254e-005 689.154 254.404
5.97917 2 5.5 1017.15 3.9 82.375 6.293e-005 682.203 255.393
6 2 5.6 1017.12 4 82.3125 6.28822e-005 663.516 255.59
6.02083 2 5.7 1017.09 4.1 82.25 6.28344e-005 644.828 255.786
6.04167 2 5.6 1017.08 4.15 82.6875 6.31686e-005 613.638 258.127
6.0625 2 5.5 1017.07 4.2 83.125 6.35028e-005 582.447 260.468
6.08333 2 5.5 1017.16 4.15 83.1875 6.35506e-005 544.792 262.089
6.10417 2 5.5 1017.24 4.1 83.25 6.35983e-005 507.136 263.711
6.125 2 5.25 1017.18 4.1 83.0625 6.34551e-005 465.695 264.227
6.14583 2 5 1017.13 4.1 82.875 6.33119e-005 424.254 264.742
6.16667 2 4.9 1017.11 4.05 83.1875 6.35507e-005 377.199 265.068
6.1875 2 4.8 1017.09 4 83.5 6.37894e-005 330.145 265.395
6.20833 2 4.9 1017.1 3.7 84.125 6.42669e-005 266.457 278.633
6.22917 2 5 1017.11 3.4 84.75 6.47444e-005 202.77 291.871
6.25 2 4.95 1017.07 2.85 83.8125 6.40282e-005 155.764 294.628
6.27083 2 4.9 1017.04 2.3 82.875 6.33119e-005 108.758 297.386
6.29167 2 5.2 1017.07 2.35 82.6875 6.31688e-005 104.767 286.23
6.3125 2 5.5 1017.1 2.4 82.5 6.30256e-005 100.775 275.075
6.33333 2 5.6 1017.16 2.5 80.5834 3.15128e-005 87.265 274.151
6.35417 2 5.7 1017.22 2.6 78.6667 0 73.7551 273.226
6.375 2 5.55 1017.27 2.55 80.619 3.154e-005 57.9394 273.283
6.39583 2 5.4 1017.32 2.5 82.5714 6.308e-005 42.1238 273.34
6.41667 2 5.3 1017.39 2.45 82.7857 6.32438e-005 30.7034 285.026
6.4375 2 5.2 1017.45 2.4 83 6.34075e-005 19.283 296.713
6.45833 2 5.1 1017.43 2.5 82.6429 6.31346e-005 19.5223 307.116
6.47917 2 5 1017.42 2.6 82.2857 6.28617e-005 19.7615 317.518
6.5 2 5 1017.35 2.65 82.1429 6.27525e-005 22.7851 317.708
6.52083 2 5 1017.29 2.7 82 6.26433e-005 25.8087 317.898
6.54167 2 5.15 1017.39 2.7 81.7857 6.24797e-005 30.3246 319.197
6.5625 2 5.3 1017.48 2.7 81.5714 6.23161e-005 34.8405 320.495
6.58333 2 5.5 1017.49 2.8 80.9286 3.11581e-005 48.9121 323.337
6.60417 2 5.7 1017.5 2.9 80.2857 0 62.9837 326.179
6.625 2 5.85 1017.52 2.95 78.2262 0 65.7406 326.57
6.64583 2 6 1017.53 3 76.1667 0 68.4975 326.962
6.66667 2 5.65 1017.59 3.15 75.5834 0 88.9023 327.307
6.6875 2 5.3 1017.65 3.3 75 0 109.307 327.651
6.70833 2 5.55 1017.78 3.3 75.7857 0 152.176 327.096
6.72917 2 5.8 1017.91 3.3 76.5714 0 195.046 326.542
6.75 2 6.25 1018.01 3.4 77.1607 0 261.906 325.706
6.77083 2 6.7 1018.11 3.5 77.75 0 328.765 324.871
6.79167 2 6.75 1018.17 3.55 78.5625 0 328.374 324.742
6.8125 2 6.8 1018.24 3.6 79.375 0 327.983 324.613
6.83333 2 6.85 1018.35 3.8 79.4375 0 400.219 324.636
6.85417 2 6.9 1018.46 4 79.5 0 472.456 324.659
6.875 2 7 1018.52 4 79.5 0 451.925 324.068
6.89583 2 7.1 1018.58 4 79.5 0 431.395 323.476
6.91667 2 7 1018.6 4.3 79.6875 0 434.809 315.746
6.9375 2 6.9 1018.62 4.6 79.875 0 438.223 308.015
6.95833 2 6.9 1018.65 5 79.6875 0 537.446 293.93
6.97917 2 6.9 1018.68 5.4 79.5 0 636.67 279.845
7 2 6.85 1018.73 5.4 79.0625 0 628.948 275.672
7.02083 2 6.8 1018.79 5.4 78.625 0 621.225 271.499
7.04167 2 6.75 1018.83 5.4 79.25 0 595.791 269.57
7.0625 2 6.7 1018.88 5.4 79.875 0 570.357 267.642
7.08333 2 6.9 1018.92 5.35 78.7709 0 535.698 266.438
7.10417 2 7.1 1018.97 5.3 77.6667 0 501.038 265.233
7.125 2 7.15 1018.97 5.3 77.4445 0 460.884 263.437
7.14583 2 7.2 1018.97 5.3 77.2222 0 420.73 261.641
7.16667 2 7.3 1018.91 5.25 78.0555 0 375.673 260.258
7.1875 2 7.4 1018.84 5.2 78.8889 0 330.616 258.876
7.20833 2 7.3 1018.88 5.1 77.6945 0 286.856 258.224
7.22917 2 7.2 1018.91 5 76.5 0 243.096 257.573
7.25 2 7.15 1018.99 4.75 75.3125 0 205.958 256.479
7.27083 2 7.1 1019.07 4.5 74.125 0 168.821 255.385
7.29167 2 7.1 1019.17 4.35 73.5625 0 139.242 253.87
7.3125 2 7.1 1019.27 4.2 73 0 109.663 252.355
7.33333 2 7.05 1019.35 4.1 73.5 0 88.836 251.1
7.35417 2 7 1019.43 4 74 0 68.009 249.845
7.375 2 7.4 1019.32 4.1 74.5 0 57.1044 250.325
7.39583 2 7.8 1019.2 4.2 75 0 46.1997 250.805
7.41667 2 7.5 1019.15 4.2 75.2857 0 42.7306 251.344
7.4375 2 7.2 1019.1 4.2 75.5714 0 39.2615 251.884
7.45833 2 7.05 1019.07 4.15 75.7857 0 42.9521 251.871
7.47917 2 6.9 1019.05 4.1 76 0 46.6427 251.858
7.5 2 7.05 1018.99 4.15 77.9375 0 58.8083 251.94
7.52083 2 7.2 1018.94 4.2 79.875 0 70.9738 252.023
7.54167 2 7.15 1018.91 4.3 79.2946 0 87.9249 252.057
7.5625 2 7.1 1018.87 4.4 78.7143 0 104.876 252.091
7.58333 2 7.05 1018.78 4.45 79.9821 3.10353e-005 138.522 251.728
7.60417 2 7 1018.68 4.5 81.25 6.20706e-005 172.168 251.365
7.625 2 7.05 1018.66 4.7 80.25 3.10353e-005 223.688 251.717
7.64583 2 7.1 1018.63 4.9 79.25 0 275.208 252.069
7.66667 2 7.35 1018.56 4.9 78.0625 0 309.126 251.972
7.6875 2 7.6 1018.49 4.9 76.875 0 343.044 251.875
7.70833 2 7.65 1018.47 4.95 75.75 0 390.135 250.995
7.72917 2 7.7 1018.46 5 74.625 0 437.227 250.115
7.75 2 7.7 1018.39 4.95 73.8125 0 479.911 249.881
7.77083 2 7.7 1018.31 4.9 73 0 522.595 249.647
7.79167 2 7.75 1018.12 5.05 73.0625 0 558.091 249.66
7.8125 2 7.8 1017.93 5.2 73.125 0 593.588 249.674
7.83333 2 8 1017.83 5.3 73 0 620.605 249.852
7.85417 2 8.2 1017.74 5.4 72.875 0 647.623 250.029
7.875 2 8.2 1017.66 5.45 73.1875 0 663.541 250.576
7.89583 2 8.2 1017.58 5.5 73.5 0 679.458 251.123
7.91667 2 8.15 1017.49 5.4 74.6875 0 683.627 251.548
7.9375 2 8.1 1017.41 5.3 75.875 0 687.796 251.974
7.95833 2 8.15 1017.28 5.1 76 0 680.079 251.749
7.97917 2 8.2 1017.15 4.9 76.125 0 672.362 251.524
8 2 8.3 1016.95 4.75 76.4514 0 654.58 251.344
8.02083 2 8.4 1016.75 4.6 76.7778 0 636.798 251.164
8.04167 2 8.4 1016.58 4.35 76.7223 0 601.333 254.439
8.0625 2 8.4 1016.4 4.1 76.6667 0 565.869 257.714
8.08333 2 8.55 1016.21 4 76.5555 0 524.54 262.339
8.10417 2 8.7 1016.01 3.9 76.4444 0 483.211 266.964
8.125 2 8.65 1015.93 3.75 78.5347 0 440.545 273.655
8.14583 2 8.6 1015.86 3.6 80.625 0 397.879 280.347
8.16667 2 8.3 1015.67 3.4 80.2411 0 283.329 301.319
8.1875 2 8 1015.48 3.2 79.8571 0 168.779 322.292
8.20833 2 7.8 1015.33 3.05 79.0536 0 144.29 317.429
8.22917 2 7.6 1015.19 2.9 78.25 0 119.801 312.566
8.25 2 7.55 1015.14 2.75 76.1964 0 90.8857 317.776
8.27083 2 7.5 1015.08 2.6 74.1429 0 61.9703 322.986
8.29167 2 7.5 1015.03 2.6 75.4464 0 51.4892 321.641
8.3125 2 7.5 1014.98 2.6 76.75 0 41.008 320.295
8.33333 2 7.55 1014.91 2.55 75.5179 0 32.2302 321.517
8.35417 2 7.6 1014.84 2.5 74.2857 0 23.4525 322.739
8.375 2 7.4 1014.73 2.55 74.6429 0 18.4557 323.586
8.39583 2 7.2 1014.62 2.6 75 0 13.4588 324.433
8.41667 2 7.1 1014.55 2.65 75 0 13.2111 323.315
8.4375 2 7 1014.49 2.7 75 0 12.9633 322.197
8.45833 2 7.05 1014.42 2.6 75.6429 0 12.8975 322.065
8.47917 2 7.1 1014.35 2.5 76.2857 0 12.8317 321.933
8.5 2 6.9 1014.22 2.45 76 0 16.7182 322.539
8.52083 2 6.7 1014.09 2.4 75.7143 0 20.6047 323.144
8.54167 2 6.65 1014.01 2.35 75.6429 0 31.1412 322.245
8.5625 2 6.6 1013.92 2.3 75.5714 0 41.6777 321.346
8.58333 2 6.85 1013.8 2.4 75.1429 0 46.9452 322.436
8.60417 2 7.1 1013.69 2.5 74.7143 0 52.2127 323.526
8.625 2 6.95 1013.61 2.5 74.3571 0 53.3624 324.17
8.64583 2 6.8 1013.54 2.5 74 0 54.512 324.814
8.66667 2 6.75 1013.47 2.55 73.4286 0 65.097 324.698
8.6875 2 6.7 1013.41 2.6 72.8571 0 75.682 324.582
8.70833 2 6.7 1013.34 2.75 72.5 0 115.686 324.599
8.72917 2 6.7 1013.28 2.9 72.1429 0 155.69 324.617
8.75 2 6.8 1013.18 3.1 72.4286 0 231.609 324.908
8.77083 2 6.9 1013.08 3.3 72.7143 0 307.529 325.198
8.79167 2 6.6 1013.08 3.35 75.6349 0 287.52 325.576
8.8125 2 6.3 1013.07 3.4 78.5556 0 267.51 325.954
8.83333 2 6.35 1013.01 3.4 77.7778 0 281.617 326.288
8.85417 2 6.4 1012.95 3.4 77 0 295.724 326.622
8.875 2 6.15 1012.86 3.5 77.2222 0 336.609 326.416
8.89583 2 5.9 1012.77 3.6 77.4444 0 377.494 326.21
8.91667 2 5.95 1012.7 3.6 78 0 415.006 324.768
8.9375 2 6 1012.63 3.6 78.5556 0 452.518 323.325
8.95833 2 5.7 1012.61 3.7 78.7223 0 428.261 324.266
8.97917 2 5.4 1012.6 3.8 78.8889 0 404.004 325.207
9 2 5.2 1012.54 3.85 78.8334 0 357.94 327.931
9.02083 2 5 1012.49 3.9 78.7778 0 311.875 330.655
9.04167 2 5 1012.32 4.05 79.2778 0 300.753 334.468
9.0625 2 5 1012.15 4.2 79.7778 0 289.631 338.281
9.08333 2 4.9 1012.05 4.3 79.5 0 262.968 338.322
9.10417 2 4.8 1011.94 4.4 79.2222 0 236.305 338.362
9.125 2 4.75 1011.83 4.45 79.2777 0 206.352 338.586
9.14583 2 4.7 1011.72 4.5 79.3333 0 176.398 338.81
9.16667 2 4.75 1011.76 4.55 80 0 147.083 337.518
9.1875 2 4.8 1011.8 4.6 80.6667 0 117.768 336.226
9.20833 2 4.75 1011.7 4.55 80.9445 3.10246e-005 91.6315 336.252
9.22917 2 4.7 1011.61 4.5 81.2222 6.20492e-005 65.495 336.278
9.25 2 4.7 1011.58 4.6 81.0555 3.10246e-005 51.5605 336.624
9.27083 2 4.7 1011.55 4.7 80.8889 0 37.626 336.969
9.29167 2 4.25 1011.55 4.85 79.6945 0 40.0696 332.761
9.3125 2 3.8 1011.55 5 78.5 0 42.5132 328.554
9.33333 2 3.85 1011.43 4.5 78.625 0 36.4148 320.504
9.35417 2 3.9 1011.31 4 78.75 0 30.3165 312.454
9.375 2 4.2 1011.31 3.65 79.125 0 25.9718 312.995
9.39583 2 4.5 1011.31 3.3 79.5 0 21.627 313.535
9.41667 2 4.65 1011.32 3.15 79.75 0 17.7197 322.792
9.4375 2 4.8 1011.33 3 80 0 13.8123 332.048
9.45833 2 4.8 1011.26 2.9 80.3125 0 17.916 324.422
9.47917 2 4.8 1011.18 2.8 80.625 0 22.0198 316.795
9.5 2 4.7 1011.12 3 79.625 0 36.6512 322.883
9.52083 2 4.6 1011.06 3.2 78.625 0 51.2827 328.972
9.54167 2 4.5 1010.92 3.55 77.3125 0 65.8064 326.193
9.5625 2 4.4 1010.79 3.9 76 0 80.3302 323.414
9.58333 2 4.15 1010.69 4.2 75.5714 0 86.6967 329.623
9.60417 2 3.9 1010.59 4.5 75.1429 0 93.0632 335.832
9.625 2 3.05 1010.61 4.85 74.6429 0 109.414 327.925
9.64583 2 2.2 1010.64 5.2 74.1429 0 125.765 320.018
9.66667 2 2.05 1010.59 5.55 73.3571 0 179.362 304.055
9.6875 2 1.9 1010.55 5.9 72.5714 0 232.959 288.091
9.70833 2 2.5 1010.45 5.6 73.9107 0 223.801 288.721
9.72917 2 3.1 1010.35 5.3 75.25 0 214.642 289.35
9.75 2 3.15 1010.41 5.4 77.2679 0 321.688 292.53
9.77083 2 3.2 1010.46 5.5 79.2857 0 428.734 295.71
9.79167 2 2.7 1010.55 6.2 77.7054 0 500.954 285.283
9.8125 2 2.2 1010.63 6.9 76.125 0 573.174 274.855
9.83333 2 1.95 1010.71 7.55 76.125 0 601.964 275.562
9.85417 2 1.7 1010.79 8.2 76.125 0 630.754 276.268
9.875 2 2.05 1010.78 8.3 77.2847 0 647.705 276.837
9.89583 2 2.4 1010.76 8.4 78.4444 0 664.655 277.406
9.91667 2 2.3 1010.72 8.6 77.9444 0 573.219 303.359
9.9375 2 2.2 1010.69 8.8 77.4444 0 481.783 329.313
9.95833 2 2.75 1010.62 8.55 77.4722 0 441.618 337.745
9.97917 2 3.3 1010.55 8.3 77.5 0 401.454 346.176
10 2 3.7 1010.48 8.2 78.8055 0 420.518 341.086
10.0208 2 4.1 1010.41 8.1 80.1111 0 439.581 335.997
10.0417 2 3.95 1010.36 8.25 80.0555 0 456.878 315.851
10.0625 2 3.8 1010.31 8.4 80 0 474.176 295.705
10.0833 2 3.1 1010.29 8.15 81.5 3.17037e-005 361.88 323.194
10.1042 2 2.4 1010.27 7.9 83 6.34075e-005 249.585 350.684
10.125 2 2.55 1010.27 7.7 82.8571 6.32983e-005 246.912 341.322
10.1458 2 2.7 1010.27 7.5 82.7143 6.31892e-005 244.239 331.96
10.1667 2 2.8 1010.25 7.05 82 6.26435e-005 239.579 327.823
10.1875 2 2.9 1010.23 6.6 81.2857 6.20978e-005 234.92 323.685
10.2083 2 2.6 1010.19 6.7 80.8095 3.10489e-005 174.827 336.086
10.2292 2 2.3 1010.16 6.8 80.3333 0 114.735 348.486
10.25 2 2.2 1010.04 6.65 81.4523 3.154e-005 90.5807 349.635
10.2708 2 2.1 1009.93 6.5 82.5714 6.308e-005 66.4263 350.784
10.2917 2 1.6 1009.86 6.35 81.369 3.154e-005 63.0621 328.202
10.3125 2 1.1 1009.79 6.2 80.1667 0 59.698 305.62
10.3333 2 1.3 1009.82 6 80.3334 0 57.7655 287.99
10.3542 2 1.5 1009.84 5.8 80.5 0 55.833 270.359
10.375 2 1.45 1009.85 5.5 80.6666 0 48.2775 270.167
10.3958 2 1.4 1009.87 5.2 80.8333 0 40.722 269.975
10.4167 2 0.7 1009.66 5.35 80.9166 3.09397e-005 37.7587 271.224
10.4375 2 0 1009.44 5.5 81 6.18794e-005 34.7953 272.472
10.4583 2 1.15 1009.42 5.25 81.0834 6.19432e-005 30.8663 295.334
10.4792 2 2.3 1009.41 5 81.1667 6.20069e-005 26.9373 318.196
10.5 2 1.95 1009.36 5.05 81.25 6.20706e-005 25.5663 329.231
10.5208 2 1.6 1009.31 5.1 81.3333 6.21342e-005 24.1953 340.265
10.5417 2 1.8 1009.26 4.9 81.3333 6.21342e-005 35.2279 337.695
10.5625 2 2 1009.2 4.7 81.3333 6.21342e-005 46.2605 335.126
10.5833 2 1.9 1009.12 4.75 81.3333 6.21342e-005 67.0088 333.653
10.6042 2 1.8 1009.04 4.8 81.3333 6.21342e-005 87.757 332.18
10.625 2 1.8 1008.98 5.1 80.75 3.10671e-005 104.73 330.166
10.6458 2 1.8 1008.92 5.4 80.1667 0 121.703 328.152
10.6667 2 1.65 1008.92 6.1 79.5 0 174.962 323.142
10.6875 2 1.5 1008.93 6.8 78.8333 0 228.22 318.131
10.7083 2 1.45 1008.97 6.55 77.8333 0 207.172 329.419
10.7292 2 1.4 1009.01 6.3 76.8333 0 186.123 340.708
10.75 2 1.35 1008.96 6.5 75.9166 0 205.676 341.648
10.7708 2 1.3 1008.9 6.7 75 0 225.23 342.588
10.7917 2 1.7 1008.9 6.9 72.4286 0 270.322 338.773
10.8125 2 2.1 1008.9 7.1 69.8571 0 315.413 334.959
10.8333 2 2.05 1008.83 7.4 70.8571 0 363.176 336.626
10.8542 2 2 1008.76 7.7 71.8571 0 410.939 338.293
10.875 2 2.15 1008.7 8.2 72.7411 0 465.083 332.276
10.8958 2 2.3 1008.64 8.7 73.625 0 519.228 326.259
10.9167 2 2.6 1008.55 8.75 73.5 0 576.13 310.209
10.9375 2 2.9 1008.45 8.8 73.375 0 633.033 294.159
10.9583 2 3.35 1008.33 8.9 72.4018 0 643.263 287.641
10.9792 2 3.8 1008.21 9 71.4286 0 653.492 281.123
11 2 4 1008.14 9.2 72.7143 0 636.723 279.711
11.0208 2 4.2 1008.07 9.4 74 0 619.953 278.298
11.0417 2 4.2 1007.89 9.7 74.375 0 591.904 279.362
11.0625 2 4.2 1007.71 10 74.75 0 563.854 280.426
11.0833 2 4.25 1007.6 10.35 74.875 0 528.8 280.982
11.1042 2 4.3 1007.5 10.7 75 0 493.746 281.539
11.125 2 4.1 1007.43 10.85 74.9375 0 452.566 281.68
11.1458 2 3.9 1007.36 11 74.875 0 411.386 281.82
11.1667 2 3.95 1007.26 11 75.1875 0 365.906 280.977
11.1875 2 4 1007.15 11 75.5 0 320.427 280.134
11.2083 2 3.65 1007.22 10.9 75.9375 0 277.913 280.865
11.2292 2 3.3 1007.28 10.8 76.375 0 235.398 281.596
11.25 2 3.4 1007.16 10.7 76.5625 0 197.798 283.226
11.2708 2 3.5 1007.04 10.6 76.75 0 160.198 284.856
11.2917 2 3.4 1007.04 10.4 77.875 0 130.414 285.397
11.3125 2 3.3 1007.05 10.2 79 0 100.631 285.939
11.3333 2 3.25 1007.16 10 78.2857 0 80.844 293.844
11.3542 2 3.2 1007.26 9.8 77.5714 0 61.057 301.749
11.375 2 3.15 1007.29 9.8 77.7857 0 53.9865 307.699
11.3958 2 3.1 1007.32 9.8 78 0 46.916 313.649
11.4167 2 3.1 1007.27 9.65 78.2857 0 40.836 307.914
11.4375 2 3.1 1007.21 9.5 78.5714 0 34.756 302.18
11.4583 2 3 1007.2 9.3 78.6429 0 29.4783 295.6
11.4792 2 2.9 1007.18 9.1 78.7143 0 24.2005 289.02
11.5 2 2.95 1007.17 8.85 80.2946 3.1274e-005 39.9667 286.88
11.5208 2 3 1007.17 8.6 81.875 6.25481e-005 55.7328 284.74
11.5417 2 3.05 1007.12 8.85 80.1875 3.1274e-005 73.5642 282.328
11.5625 2 3.1 1007.07 9.1 78.5 0 91.3956 279.917
11.5833 2 3.4 1007.07 8.7 77.9166 0 124.489 277.893
11.6042 2 3.7 1007.07 8.3 77.3333 0 157.582 275.87
11.625 2 4.1 1007.05 8.45 77.0833 0 171.526 283.828
11.6458 2 4.5 1007.02 8.6 76.8333 0 185.47 291.786
11.6667 2 4.75 1006.94 9.05 77.7023 0 256.871 283.679
11.6875 2 5 1006.86 9.5 78.5714 0 328.272 275.572
11.7083 2 4.05 1006.95 9.95 78.4286 0 373.905 275.475
11.7292 2 3.1 1007.04 10.4 78.2857 0 419.538 275.379
11.75 2 3.65 1007.11 9.3 78.5 0 461.321 272.886
11.7708 2 4.2 1007.19 8.2 78.7143 0 503.104 270.393
11.7917 2 4.35 1007.24 9.4 77.6905 0 536.445 275.064
11.8125 2 4.5 1007.29 10.6 76.6667 0 569.786 279.735
11.8333 2 4.3 1007.2 11.05 76.9762 0 596.579 281.968
11.8542 2 4.1 1007.12 11.5 77.2857 0 623.372 284.201
11.875 2 3.55 1007.1 12.1 77.2857 0 639.09 287.005
11.8958 2 3 1007.08 12.7 77.2857 0 654.808 289.809
11.9167 2 2.5 1007.1 12.25 77.4286 0 659.461 288.494
11.9375 2 2 1007.13 11.8 77.5714 0 664.114 287.179
11.9583 2 2.65 1007.16 10.7 78.0982 0 657.031 283.685
11.9792 2 3.3 1007.18 9.6 78.625 0 649.947 280.192
12 2 3.4 1007.14 8.55 78.75 0 633.359 277.919
12.0208 2 3.5 1007.1 7.5 78.875 0 616.77 275.647
12.0417 2 3.7 1007.15 6.9 78.125 0 587.21 275.137
12.0625 2 3.9 1007.19 6.3 77.375 0 557.65 274.627
12.0833 2 3.55 1007.16 6.5 77.25 0 522.848 275.826
12.1042 2 3.2 1007.12 6.7 77.125 0 488.046 277.025
12.125 2 3.15 1007.11 6.4 77.3125 0 447.413 276.658
12.1458 2 3.1 1007.1 6.1 77.5 0 406.78 276.29
12.1667 2 3.2 1007.03 6 77.8125 0 361.258 277.81
12.1875 2 3.3 1006.95 5.9 78.125 0 315.737 279.33
12.2083 2 3.2 1006.99 5.75 78.375 0 272.758 278.266
12.2292 2 3.1 1007.04 5.6 78.625 0 229.779 277.201
12.25 2 2.75 1007.07 5.45 78.3125 0 193.582 277.581
12.2708 2 2.4 1007.1 5.3 78 0 157.384 277.962
12.2917 2 2.5 1007.23 4.95 78.75 0 114.082 293.743
12.3125 2 2.6 1007.37 4.6 79.5 0 70.7808 309.524
12.3333 2 2.85 1007.45 4.55 78.9643 0 49.3374 322.606
12.3542 2 3.1 1007.53 4.5 78.4286 0 27.894 335.688
12.375 2 3.05 1007.45 4.5 79.5268 0 26.6413 336.38
12.3958 2 3 1007.37 4.5 80.625 0 25.3887 337.071
12.4167 2 2.8 1007.33 4.75 80.3125 0 24.6072 333.563
12.4375 2 2.6 1007.3 5 80 0 23.8257 330.054
12.4583 2 2.4 1007.21 5.8 80.1429 0 23.6439 333.97
12.4792 2 2.2 1007.13 6.6 80.2857 0 23.462 337.887
12.5 2 2.55 1007.02 7.6 81.1429 3.13217e-005 33.1259 329.445
12.5208 2 2.9 1006.9 8.6 82 6.26433e-005 42.7897 321.002
12.5417 2 3.1 1006.79 8.95 82.0625 6.26911e-005 45.4603 306.022
12.5625 2 3.3 1006.67 9.3 82.125 6.27389e-005 48.1309 291.042
12.5833 2 3.4 1006.62 9.65 82.1875 6.27867e-005 101.913 290.943
12.6042 2 3.5 1006.57 10 82.25 6.28344e-005 155.696 290.844
12.625 2 3.35 1006.55 10.2 81.8125 6.25003e-005 171.633 295.186
12.6458 2 3.2 1006.52 10.4 81.375 6.21661e-005 187.569 299.529
12.6667 2 3.55 1006.59 8.35 80.3125 3.10831e-005 228.439 295.417
12.6875 2 3.9 1006.65 6.3 79.25 0 269.31 291.306
12.7083 2 4.1 1006.77 6.95 78.625 0 301.471 302.021
12.7292 2 4.3 1006.89 7.6 78 0 333.632 312.737
12.75 2 3.9 1006.94 7.75 77.75 0 336.372 320.274
12.7708 2 3.5 1006.99 7.9 77.5 0 339.113 327.811
12.7917 2 3.5 1007.08 8.45 77.4375 0 422.101 320.487
12.8125 2 3.5 1007.18 9 77.375 0 505.089 313.163
12.8333 2 3.35 1007.23 8.95 76.25 0 490.689 311.179
12.8542 2 3.2 1007.29 8.9 75.125 0 476.289 309.195
12.875 2 3 1007.32 8 75.75 0 401.486 317.185
12.8958 2 2.8 1007.34 7.1 76.375 0 326.683 325.174
12.9167 2 2.55 1007.32 7.15 76.0625 0 318.195 330.391
12.9375 2 2.3 1007.29 7.2 75.75 0 309.708 335.608
12.9583 2 1.75 1007.32 7.85 75.625 0 322.339 335.145
12.9792 2 1.2 1007.36 8.5 75.5 0 334.969 334.681
13 2 1.7 1007.43 8.05 74.8214 0 391.346 331.612
13.0208 2 2.2 1007.5 7.6 74.1429 0 447.723 328.543
13.0417 2 3.25 1007.65 6.75 76.4881 0 412.077 325.018
13.0625 2 4.3 1007.79 5.9 78.8333 0 376.431 321.493
13.0833 2 4.1 1007.91 5.85 76.6167 0 375.306 315.893
13.1042 2 3.9 1008.04 5.8 74.4 0 374.181 310.293
13.125 2 4.05 1008.21 5.75 74.3 0 364.208 298.143
13.1458 2 4.2 1008.39 5.7 74.2 0 354.234 285.994
13.1667 2 4.05 1008.67 5.4 75.9333 0 297.539 288.008
13.1875 2 3.9 1008.95 5.1 77.6667 0 240.843 290.022
13.2083 2 3.5 1009.09 4.95 75.6905 0 180.159 303.516
13.2292 2 3.1 1009.24 4.8 73.7143 0 119.475 317.009
13.25 2 3.15 1009.48 4.65 74.9821 0 93.1467 318.605
13.2708 2 3.2 1009.72 4.5 76.25 0 66.8183 320.201
13.2917 2 3.85 1009.91 4.15 76.875 0 60.1567 318.38
13.3125 2 4.5 1010.11 3.8 77.5 0 53.4952 316.558
13.3333 2 4.4 1010.23 3.55 76.5357 0 42.132 318.344
13.3542 2 4.3 1010.35 3.3 75.5714 0 30.7688 320.129
13.375 2 4.2 1010.47 3.15 77.0357 0 21.7034 324.163
13.3958 2 4.1 1010.59 3 78.5 0 12.638 328.196
13.4167 2 4.25 1010.72 3.05 79.25 0 11.8889 329.619
13.4375 2 4.4 1010.86 3.1 80 0 11.1398 331.042
13.4583 2 3.9 1011.1 2.95 80.3125 0 9.65773 332.067
13.4792 2 3.4 1011.34 2.8 80.625 0 8.17567 333.092
13.5 2 3 1011.62 2.8 80.5 0 10.7975 333.292
13.5208 2 2.6 1011.9 2.8 80.375 0 13.4193 333.491
13.5417 2 2.9 1012.09 2.8 79.75 0 17.9551 333.516
13.5625 2 3.2 1012.27 2.8 79.125 0 22.4908 333.542
13.5833 2 3.35 1012.46 2.65 79 0 29.8779 332.107
13.6042 2 3.5 1012.65 2.5 78.875 0 37.265 330.672
13.625 2 3.3 1012.76 2.45 76.5089 0 45.5782 329.495
13.6458 2 3.1 1012.87 2.4 74.1429 0 53.8915 328.319
13.6667 2 3.05 1012.99 2.5 73.4286 0 67.6002 328.635
13.6875 2 3 1013.11 2.6 72.7143 0 81.3088 328.952
13.7083 2 2.95 1013.24 2.75 71.8571 0 120.492 328.601
13.7292 2 2.9 1013.37 2.9 71 0 159.676 328.25
13.75 2 2.95 1013.51 3 69.7143 0 192.204 328.345
13.7708 2 3 1013.64 3.1 68.4286 0 224.733 328.44
13.7917 2 3.4 1013.78 3.05 68.8571 0 234.17 328.991
13.8125 2 3.8 1013.92 3 69.2857 0 243.607 329.542
13.8333 2 3.2 1014.11 3.05 69.1429 0 218.746 332.126
13.8542 2 2.6 1014.31 3.1 69 0 193.886 334.71
13.875 2 2.55 1014.55 3.2 69.0834 0 184.958 335.381
13.8958 2 2.5 1014.78 3.3 69.1667 0 176.031 336.052
13.9167 2 2.35 1014.93 3.5 69.25 0 190.798 335.82
13.9375 2 2.2 1015.08 3.7 69.3333 0 205.566 335.587
13.9583 2 2.05 1015.06 3.8 69.881 0 266.402 335.646
13.9792 2 1.9 1015.04 3.9 70.4286 0 327.238 335.705
14 2 1.65 1015.04 4.4 70.7858 0 374.737 332.694
14.0208 2 1.4 1015.03 4.9 71.1429 0 422.235 329.684
14.0417 2 1.4 1015.02 4.9 71.1429 0 367.459 325.275
14.0625 2 1.4 1015.01 4.9 71.1429 0 312.683 320.866
14.0833 2 1.15 1014.99 5.55 71.2858 0 300.973 315.758
14.1042 2 0.9 1014.97 6.2 71.4286 0 289.263 310.651
14.125 2 1.05 1014.88 6.9 71.7143 0 265.896 317.607
14.1458 2 1.2 1014.79 7.6 72 0 242.528 324.564
14.1667 2 1.45 1014.76 8 72.6429 0 247.561 313.177
14.1875 2 1.7 1014.72 8.4 73.2857 0 252.595 301.791
14.2083 2 2.45 1014.66 8.25 73.5 0 214.913 293.807
14.2292 2 3.2 1014.6 8.1 73.7143 0 177.232 285.823
14.25 2 3.45 1014.58 8.5 73.5714 0 154.503 284.197
14.2708 2 3.7 1014.57 8.9 73.4286 0 131.774 282.57
14.2917 2 3.25 1014.63 9.05 74.1429 0 91.6939 281.75
14.3125 2 2.8 1014.68 9.2 74.8571 0 51.6138 280.929
14.3333 2 2.7 1014.58 9.15 75.3571 0 41.8001 281.544
14.3542 2 2.6 1014.48 9.1 75.8571 0 31.9865 282.16
14.375 2 1.4 1014.39 8.25 76.9286 0 25.6242 279.854
14.3958 2 0.2 1014.29 7.4 78 0 19.262 277.547
14.4167 2 0.15 1014.19 7.25 78.5714 0 18.4023 279.277
14.4375 2 0.1 1014.09 7.1 79.1429 0 17.5427 281.008
14.4583 2 0.5 1013.97 7.15 79 0 17.1841 282.707
14.4792 2 0.9 1013.86 7.2 78.8571 0 16.8255 284.406
14.5 2 1.3 1013.85 7.25 78.7142 0 29.5863 296.348
14.5208 2 1.7 1013.85 7.3 78.5714 0 42.347 308.29
14.5417 2 1.75 1013.74 8.45 78.4286 0 75.692 316.318
14.5625 2 1.8 1013.63 9.6 78.2857 0 109.037 324.345
14.5833 2 1.9 1013.51 10.1 78.7679 0 103.636 332.031
14.6042 2 2 1013.39 10.6 79.25 0 98.2353 339.718
14.625 2 1.85 1013.23 11.05 78.125 0 110.993 342.782
14.6458 2 1.7 1013.07 11.5 77 0 123.75 345.847
14.6667 2 2.25 1012.89 11.65 75.4375 0 201.007 324.429
14.6875 2 2.8 1012.7 11.8 73.875 0 278.263 303.011
14.7083 2 3.95 1012.52 12.85 72.75 0 343.906 295.668
14.7292 2 5.1 1012.33 13.9 71.625 0 409.549 288.326
14.75 2 5.2 1012.18 14.8 70.625 0 452.156 288.693
14.7708 2 5.3 1012.02 15.7 69.625 0 494.764 289.06
14.7917 2 5.6 1011.91 16.05 69 0 529.571 290.133
14.8125 2 5.9 1011.79 16.4 68.375 0 564.378 291.206
14.8333 2 6.05 1011.66 16.55 68.9375 0 592.307 292.427
14.8542 2 6.2 1011.54 16.7 69.5 0 620.236 293.647
14.875 2 6 1011.35 16.9 68.25 0 615.317 305.018
14.8958 2 5.8 1011.17 17.1 67 0 610.398 316.39
14.9167 2 5.75 1010.94 17.4 67.6875 0 592.833 329.604
14.9375 2 5.7 1010.72 17.7 68.375 0 575.268 342.818
14.9583 2 5.65 1010.5 17.75 69.5625 0 517.469 349.351
14.9792 2 5.6 1010.28 17.8 70.75 0 459.67 355.884
15 2 5.65 1010.21 16.5 70.375 0 431.254 350.773
15.0208 2 5.7 1010.14 15.2 70 0 402.838 345.663
15.0417 2 5.15 1010.09 14.8 70.125 0 415.12 342.576
15.0625 2 4.6 1010.03 14.4 70.25 0 427.402 339.488
15.0833 2 2.75 1009.96 14.9 69.375 0 450.549 319.068
15.1042 2 0.9 1009.89 15.4 68.5 0 473.695 298.647
15.125 2 1.8 1009.91 13.35 69.75 0 409.836 293.038
15.1458 2 2.7 1009.93 11.3 71 0 345.976 287.428
15.1667 2 2.1 1009.85 11.75 71.5625 0 312.897 289.559
15.1875 2 1.5 1009.77 12.2 72.125 0 279.818 291.689
15.2083 2 1.05 1009.7 12.2 72.625 0 236.493 288.611
15.2292 2 0.6 1009.63 12.2 73.125 0 193.169 285.533
15.25 2 1.2 1009.6 11.15 73.6875 0 139.902 286.855
15.2708 2 1.8 1009.58 10.1 74.25 0 86.6342 288.178
15.2917 2 1.95 1009.47 10.5 74.4375 0 63.5167 290.94
15.3125 2 2.1 1009.37 10.9 74.625 0 40.3992 293.702
15.3333 2 2.55 1009.21 10.8 75.125 0 34.5857 311.174
15.3542 2 3 1009.06 10.7 75.625 0 28.7722 328.646
15.375 2 3.25 1009.02 11.25 76.375 0 21.249 336.571
15.3958 2 3.5 1008.97 11.8 77.125 0 13.7257 344.496
15.4167 2 3.2 1008.8 11.7 78.125 0 11.5913 345.963
15.4375 2 2.9 1008.63 11.6 79.125 0 9.45683 347.43
15.4583 2 3.2 1008.5 11.8 79.1875 0 9.25483 351.115
15.4792 2 3.5 1008.37 12 79.25 0 9.05283 354.801
15.5 2 3.85 1008.25 11.95 78.25 0 8.745 356.341
15.5208 2 4.2 1008.13 11.9 77.25 0 8.43717 357.88
15.5417 2 5 1008.09 11.75 75.7679 0 13.4567 354.63
15.5625 2 5.8 1008.06 11.6 74.2857 0 18.4762 351.381
15.5833 2 6.15 1007.9 11.5 73.5 0 36.8957 339.334
15.6042 2 6.5 1007.73 11.4 72.7143 0 55.3152 327.287
15.625 2 7.8 1007.72 11.25 72.8571 0 61.0975 330.764
15.6458 2 9.1 1007.71 11.1 73 0 66.8797 334.241
15.6667 2 9 1007.97 8.45 72.2143 0 59.0153 336.786
15.6875 2 8.9 1008.24 5.8 71.4286 0 51.1508 339.331
15.7083 2 8.35 1008.52 4.35 71.3393 0 103.924 330.56
15.7292 2 7.8 1008.8 2.9 71.25 0 156.697 321.789
15.75 2 7.6 1009.11 2.45 70.0625 0 164.336 320.501
15.7708 2 7.4 1009.42 2 68.875 0 171.975 319.214
15.7917 2 7.8 1009.74 1.75 70.7232 0 246.426 313.185
15.8125 2 8.2 1010.06 1.5 72.5714 0 320.877 307.155
15.8333 2 7.75 1010.36 1.3 73.119 0 320.711 310.46
15.8542 2 7.3 1010.66 1.1 73.6667 0 320.544 313.764
15.875 2 7.1 1010.87 1.25 73.1905 0 365.773 310.03
15.8958 2 6.9 1011.08 1.4 72.7143 0 411.002 306.295
15.9167 2 7.2 1011.21 1.55 72.2857 0 472.66 295.045
15.9375 2 7.5 1011.34 1.7 71.8571 0 534.318 283.795
15.9583 2 7.55 1011.47 1.95 72.2857 0 501.018 287.166
15.9792 2 7.6 1011.59 2.2 72.7143 0 467.717 290.536
16 2 7.3 1011.74 2.6 70.9821 0 463.119 295.575
16.0208 2 7 1011.9 3 69.25 0 458.521 300.613
16.0417 2 7.4 1011.82 3.3 68.9821 0 430.899 283.29
16.0625 2 7.8 1011.73 3.6 68.7143 0 403.277 265.968
16.0833 2 7.75 1011.71 4 69.1429 0 345.232 273.449
16.1042 2 7.7 1011.7 4.4 69.5714 0 287.188 280.93
16.125 2 7.35 1011.52 5.15 70.2142 0 268.782 287.383
16.1458 2 7 1011.33 5.9 70.8571 0 250.376 293.836
16.1667 2 7.25 1011.18 5.55 71.7142 0 171.983 313.117
16.1875 2 7.5 1011.02 5.2 72.5714 0 93.5902 332.397
16.2083 2 8.1 1010.93 5 73.0714 0 75.254 333.348
16.2292 2 8.7 1010.84 4.8 73.5714 0 56.9177 334.299
16.25 2 9.75 1010.67 5.1 75.5 0 59.8839 333.584
16.2708 2 10.8 1010.5 5.4 77.4286 0 62.85 332.869
16.2917 2 11 1010.31 5.45 76.7143 0 49.9463 333.992
16.3125 2 11.2 1010.12 5.5 76 0 37.0425 335.114
16.3333 2 10.7 1010.09 5.6 76.3334 0 30.5905 335.262
16.3542 2 10.2 1010.07 5.7 76.6667 0 24.1385 335.409
16.375 2 10 1009.98 5.75 76.4167 0 20.8913 334.911
16.3958 2 9.8 1009.89 5.8 76.1667 0 17.644 334.413
16.4167 2 9.25 1009.74 5.8 76.3334 0 11.3139 336.839
16.4375 2 8.7 1009.6 5.8 76.5 0 4.98383 339.266
16.4583 2 8.35 1009.44 5.85 76.6666 0 5.39942 340.084
16.4792 2 8 1009.29 5.9 76.8333 0 5.815 340.902
16.5 2 7.85 1009.2 5.4 76.75 0 7.76408 338.914
16.5208 2 7.7 1009.12 4.9 76.6667 0 9.71317 336.927
16.5417 2 7.2 1009.08 4.25 76.25 0 23.0581 330.221
16.5625 2 6.7 1009.04 3.6 75.8333 0 36.403 323.516
16.5833 2 6 1009.13 2.6 75.6666 0 85.5455 302.625
16.6042 2 5.3 1009.22 1.6 75.5 0 134.688 281.733
16.625 2 5.2 1009.28 1.2 75 0 148.97 286.092
16.6458 2 5.1 1009.33 0.8 74.5 0 163.252 290.452
16.6667 2 5.4 1009.48 0.45 73.1666 0 170.415 296.862
16.6875 2 5.7 1009.63 0.1 71.8333 0 177.579 303.272
16.7083 2 5.9 1009.82 0 71.9166 0 197.764 305.628
16.7292 2 6.1 1010 -0.1 72 0 217.949 307.985
16.75 2 5.95 1010.1 0 74.3125 0 268.422 304.649
16.7708 2 5.8 1010.21 0.1 76.625 0 318.896 301.314
16.7917 2 6 1010.33 0.5 76.125 0 281.482 307.714
16.8125 2 6.2 1010.45 0.9 75.625 0 244.068 314.113
16.8333 2 6.5 1010.59 1.15 75.25 0 264.899 314.04
16.8542 2 6.8 1010.74 1.4 74.875 0 285.731 313.968
16.875 2 6.75 1010.94 1.55 74.4375 0 330.57 313.752
16.8958 2 6.7 1011.14 1.7 74 0 375.409 313.536
16.9167 2 6.9 1011.33 1.65 74.25 0 370.574 314.436
16.9375 2 7.1 1011.52 1.6 74.5 0 365.74 315.336
16.9583 2 7.1 1011.67 1.5 74.4375 0 364.378 314.734
16.9792 2 7.1 1011.82 1.4 74.375 0 363.016 314.132
17 2 7.05 1011.94 1.35 74.1875 0 376.669 313.495
17.0208 2 7 1012.06 1.3 74 0 390.322 312.857
17.0417 2 6.75 1012.15 1.4 73.75 0 360.779 312.734
17.0625 2 6.5 1012.23 1.5 73.5 0 331.235 312.612
17.0833 2 6.3 1012.23 1.6 74.75 0 310.519 312.103
17.1042 2 6.1 1012.23 1.7 76 0 289.803 311.594
17.125 2 6.1 1012.19 1.55 75.0714 0 258.265 310.206
17.1458 2 6.1 1012.16 1.4 74.1429 0 226.727 308.817
17.1667 2 6.15 1012.16 1.2 74.2858 0 200.057 311.334
17.1875 2 6.2 1012.15 1 74.4286 0 173.386 313.851
17.2083 2 5.95 1012.14 0.9 75.2143 0 131.537 314.502
17.2292 2 5.7 1012.13 0.8 76 0 89.6885 315.153
17.25 2 5.3 1012.07 0.9 76.4286 0 70.5809 315.453
17.2708 2 4.9 1012.01 1 76.8571 0 51.4733 315.753
17.2917 2 5.1 1011.88 1.1 77.0714 0 38.7491 315.977
17.3125 2 5.3 1011.74 1.2 77.2857 0 26.025 316.202
17.3333 2 5.15 1011.68 1.15 77.5714 0 20.1296 316.24
17.3542 2 5 1011.63 1.1 77.8571 0 14.2342 316.279
17.375 2 5.05 1011.64 1.05 78.2142 0 10.9095 316.169
17.3958 2 5.1 1011.64 1 78.5714 0 7.58483 316.059
17.4167 2 4.8 1011.51 1 77.119 0 6.77108 316.341
17.4375 2 4.5 1011.38 1 75.6667 0 5.95733 316.624
17.4583 2 4.2 1011.22 0.75 75.6667 0 8.03901 315.956
17.4792 2 3.9 1011.06 0.5 75.6667 0 10.1207 315.287
17.5 2 3.8 1010.93 0.25 75.6667 0 18.7005 313.922
17.5208 2 3.7 1010.81 0 75.6667 0 27.2803 312.557
17.5417 2 3.45 1010.73 -0.25 75.3334 0 46.5031 309.064
17.5625 2 3.2 1010.66 -0.5 75 0 65.7258 305.571
17.5833 2 2.8 1010.59 -0.5 75.0834 0 94.7709 289.443
17.6042 2 2.4 1010.53 -0.5 75.1667 0 123.816 273.315
17.625 2 2.6 1010.49 -0.45 75 0 165.497 263.303
17.6458 2 2.8 1010.45 -0.4 74.8333 0 207.179 253.291
17.6667 2 3 1010.36 -0.25 74.3333 0 259.03 250.084
17.6875 2 3.2 1010.27 -0.1 73.8333 0 310.881 246.877
17.7083 2 3.05 1010.21 0 73.5833 0 357.302 246.165
17.7292 2 2.9 1010.14 0.1 73.3333 0 403.724 245.453
17.75 2 2.65 1010.13 0.25 75.1666 0 452.967 241.228
17.7708 2 2.4 1010.11 0.4 77 0 502.211 237.002
17.7917 2 2.75 1010.12 0.35 77.5 0 533.688 240.199
17.8125 2 3.1 1010.13 0.3 78 0 565.165 243.397
17.8333 2 2.8 1010.22 0.35 78 0 585.235 246.034
17.8542 2 2.5 1010.31 0.4 78 0 605.305 248.67
17.875 2 2.5 1010.39 0.5 76.8 0 627.612 249.646
17.8958 2 2.5 1010.46 0.6 75.6 0 649.918 250.622
17.9167 2 2.95 1010.53 0.6 77.3833 0 662.922 244.766
17.9375 2 3.4 1010.59 0.6 79.1667 0 675.927 238.91
17.9583 2 3.3 1010.77 0.5 79.4167 0 658.094 244.49
17.9792 2 3.2 1010.94 0.4 79.6667 0 640.26 250.07
18 2 3.25 1010.97 0.35 76.9048 0 612.003 256.347
18.0208 2 3.3 1011.01 0.3 74.1429 0 583.746 262.624
18.0417 2 3.05 1010.96 0.1 75.5 0 562.866 270.128
18.0625 2 2.8 1010.92 -0.1 76.8571 0 541.987 277.633
18.0833 2 2.85 1010.91 -0.3 76.9286 0 472.781 286.52
18.1042 2 2.9 1010.91 -0.5 77 0 403.576 295.407
18.125 2 2.7 1011.03 -0.6 77.1429 0 347.523 293.406
18.1458 2 2.5 1011.16 -0.7 77.2857 0 291.47 291.406
18.1667 2 2.7 1011.33 -0.8 78.5804 0 258.732 290.766
18.1875 2 2.9 1011.51 -0.9 79.875 0 225.994 290.126
18.2083 2 2.45 1011.49 -0.9 80.6875 3.11307e-005 197.616 283.112
18.2292 2 2 1011.47 -0.9 81.5 6.22614e-005 169.237 276.098
18.25 2 2.05 1011.48 -0.85 81.3125 6.21182e-005 150.888 263.382
18.2708 2 2.1 1011.49 -0.8 81.125 6.1975e-005 132.54 250.666
18.2917 2 2.45 1011.57 -1.1 79.5625 3.09875e-005 99.8468 251.34
18.3125 2 2.8 1011.66 -1.4 78 0 67.1537 252.015
18.3333 2 2.8 1011.59 -1.4 77.7143 0 55.0724 244.586
18.3542 2 2.8 1011.53 -1.4 77.4286 0 42.9912 237.156
18.375 2 3.05 1011.62 -1.45 77.7858 0 31.6722 236.76
18.3958 2 3.3 1011.71 -1.5 78.1429 0 20.3533 236.363
18.4167 2 3.45 1011.7 -1.5 78.3571 0 16.0707 236.762
18.4375 2 3.6 1011.69 -1.5 78.5714 0 11.788 237.161
18.4583 2 3.5 1011.55 -1.7 78.9286 0 12.6755 237.431
18.4792 2 3.4 1011.42 -1.9 79.2857 0 13.563 237.702
18.5 2 3.8 1011.33 -1.8 79.3571 0 19.6034 239.427
18.5208 2 4.2 1011.25 -1.7 79.4286 0 25.6438 241.152
18.5417 2 4.7 1011.21 -0.9 79.2143 0 38.3635 243.917
18.5625 2 5.2 1011.18 -0.1 79 0 51.0832 246.682
18.5833 2 5.8 1011.09 0.65 79 0 107.23 251.809
18.6042 2 6.4 1011 1.4 79 0 163.377 256.936
18.625 2 6.5 1010.91 1.5 79.2857 0 139.859 278.245
18.6458 2 6.6 1010.82 1.6 79.5714 0 116.342 299.555
18.6667 2 7.2 1010.85 2 79.7857 0 168.296 286.822
18.6875 2 7.8 1010.88 2.4 80 0 220.249 274.088
18.7083 2 7.8 1010.77 3.1 78.5 0 297.963 267.794
18.7292 2 7.8 1010.65 3.8 77 0 375.677 261.501
18.75 2 7.9 1010.55 4.35 75.5 0 427.178 260.515
18.7708 2 8 1010.44 4.9 74 0 478.68 259.528
18.7917 2 8.2 1010.28 5.35 73.9375 0 508.785 262.328
18.8125 2 8.4 1010.11 5.8 73.875 0 538.89 265.127
18.8333 2 8.45 1010.04 5.55 73.5 0 528.552 285.378
18.8542 2 8.5 1009.98 5.3 73.125 0 518.214 305.629
18.875 2 8.15 1009.8 5.75 73.1875 0 601.199 288.971
18.8958 2 7.8 1009.63 6.2 73.25 0 684.185 272.314
18.9167 2 7.25 1009.45 6.3 73.0625 0 642.131 271.203
18.9375 2 6.7 1009.27 6.4 72.875 0 600.077 270.091
18.9583 2 6.35 1009.2 5.55 72.5 0 624.406 263.402
18.9792 2 6 1009.13 4.7 72.125 0 648.736 256.713
19 2 5.75 1008.88 4.6 71.875 0 617.925 259.336
19.0208 2 5.5 1008.62 4.5 71.625 0 587.114 261.96
19.0417 2 5.25 1008.52 4.45 70.5982 0 563.756 261.625
19.0625 2 5 1008.42 4.4 69.5714 0 540.399 261.291
19.0833 2 4.85 1008.21 4.75 70.6429 0 516.214 261.348
19.1042 2 4.7 1008 5.1 71.7143 0 492.029 261.405
19.125 2 4.1 1007.69 5.7 73.3571 0 420.258 263.107
19.1458 2 3.5 1007.38 6.3 75 0 348.488 264.808
19.1667 2 3.9 1007.13 7 74.375 0 317.559 264.643
19.1875 2 4.3 1006.87 7.7 73.75 0 286.63 264.477
19.2083 2 4.6 1006.65 7.2 74.75 0 209.531 264.13
19.2292 2 4.9 1006.43 6.7 75.75 0 132.432 263.782
19.25 2 4.8 1006.14 6.8 76.3125 0 108.016 275.828
19.2708 2 4.7 1005.85 6.9 76.875 0 83.6003 287.875
19.2917 2 5.25 1005.65 7.45 78 0 91.216 288.988
19.3125 2 5.8 1005.45 8 79.125 0 98.8318 290.102
19.3333 2 5.65 1005.26 7.65 78.9196 0 71.911 272.999
19.3542 2 5.5 1005.07 7.3 78.7143 0 44.9902 255.895
19.375 2 5.4 1005 6.55 78.9286 0 30.8941 255.355
19.3958 2 5.3 1004.93 5.8 79.1429 0 16.798 254.815
19.4167 2 6.15 1004.64 6.15 79.1429 0 14.9797 257.07
19.4375 2 7 1004.34 6.5 79.1429 0 13.1615 259.324
19.4583 2 7.35 1004.24 6.4 79.2143 0 11.1649 282.288
19.4792 2 7.7 1004.14 6.3 79.2857 0 9.16833 305.251
19.5 2 8.5 1004.05 5.9 79.1429 0 8.54958 321.929
19.5208 2 9.3 1003.95 5.5 79 0 7.93083 338.607
19.5417 2 8.55 1004.03 4.5 79.7143 0 14.898 333.927
19.5625 2 7.8 1004.11 3.5 80.4286 0 21.8652 329.246
19.5833 2 7.15 1004.41 2.45 80.2143 0 33.8176 323.584
19.6042 2 6.5 1004.7 1.4 80 0 45.77 317.922
19.625 2 6.25 1005.08 0.65 78.2857 0 67.017 312.872
19.6458 2 6 1005.46 -0.1 76.5714 0 88.264 307.823
19.6667 2 6 1005.69 0.05 74.869 0 125.285 305.873
19.6875 2 6 1005.92 0.2 73.1667 0 162.306 303.923
19.7083 2 6.05 1006.14 0.35 71.0119 0 211.292 297.216
19.7292 2 6.1 1006.36 0.5 68.8571 0 260.278 290.51
19.75 2 6.75 1006.5 0.65 68.4911 0 284.279 295.671
19.7708 2 7.4 1006.64 0.8 68.125 0 308.28 300.831
19.7917 2 7.5 1006.75 0.9 68.625 0 332.174 297.348
19.8125 2 7.6 1006.86 1 69.125 0 356.068 293.864
19.8333 2 7.8 1007.04 1.25 69.875 0 449.659 282.052
19.8542 2 8 1007.21 1.5 70.625 0 543.251 270.239
19.875 2 7.65 1007.43 1.7 71.375 0 573.538 267.805
19.8958 2 7.3 1007.65 1.9 72.125 0 603.826 265.371
19.9167 2 7.3 1007.88 1.85 73.375 0 580.856 271.358
19.9375 2 7.3 1008.1 1.8 74.625 0 557.886 277.345
19.9583 2 7.3 1008.28 1.75 74.75 0 558.203 279.805
19.9792 2 7.3 1008.47 1.7 74.875 0 558.519 282.266
20 2 7.05 1008.61 1.65 72.5804 0 489.938 289.088
20.0208 2 6.8 1008.76 1.6 70.2857 0 421.356 295.91
20.0417 2 7 1008.95 1.65 72 0 451.691 282.256
20.0625 2 7.2 1009.14 1.7 73.7143 0 482.026 268.602
20.0833 2 6.9 1009.28 1.55 74.0714 0 444.729 267.499
20.1042 2 6.6 1009.41 1.4 74.4286 0 407.431 266.396
20.125 2 5.9 1009.66 1.1 75.0714 0 343.702 273.897
20.1458 2 5.2 1009.9 0.8 75.7143 0 279.973 281.398
20.1667 2 5.45 1010.09 0.75 75.9286 0 241.766 287.255
20.1875 2 5.7 1010.27 0.7 76.1429 0 203.56 293.113
20.2083 2 5.5 1010.42 0.5 76.7858 0 171.179 292.215
20.2292 2 5.3 1010.57 0.3 77.4286 0 138.798 291.316
20.25 2 5.1 1010.6 0 76.5714 0 109.46 294.904
20.2708 2 4.9 1010.64 -0.3 75.7143 0 80.1222 298.491
20.2917 2 4.65 1010.72 -0.45 75.4286 0 58.3344 300.927
20.3125 2 4.4 1010.8 -0.6 75.1429 0 36.5467 303.364
20.3333 2 4.35 1010.84 -0.8 75.9286 0 28.5313 302.583
20.3542 2 4.3 1010.88 -1 76.7143 0 20.5158 301.803
20.375 2 4.2 1010.98 -1.05 76.8571 0 16.994 288.543
20.3958 2 4.1 1011.09 -1.1 77 0 13.4722 275.282
20.4167 2 4.15 1011.1 -0.9 78.5 0 11.413 286.172
20.4375 2 4.2 1011.12 -0.7 80 0 9.35383 297.061
20.4583 2 4.55 1011.08 -0.75 80.375 0 12.0433 282.389
20.4792 2 4.9 1011.05 -0.8 80.75 0 14.7327 267.717
20.5 2 4.7 1011.13 -0.85 81 3.10353e-005 22.5663 273.746
20.5208 2 4.5 1011.21 -0.9 81.25 6.20706e-005 30.4 279.775
20.5417 2 4.45 1011.18 -0.85 81.375 6.2166e-005 42.0924 279.403
20.5625 2 4.4 1011.15 -0.8 81.5 6.22614e-005 53.7847 279.031
20.5833 2 4.15 1011.26 -0.9 81.125 3.11307e-005 61.1181 288.842
20.6042 2 3.9 1011.37 -1 80.75 0 68.4515 298.654
20.625 2 3.7 1011.47 -1.2 80.1875 0 93.1037 297.43
20.6458 2 3.5 1011.57 -1.4 79.625 0 117.756 296.206
20.6667 2 3.55 1011.64 -1.15 78.9375 0 142.268 295.735
20.6875 2 3.6 1011.71 -0.9 78.25 0 166.78 295.264
20.7083 2 3.7 1011.8 -0.8 78.4107 0 171.486 299.493
20.7292 2 3.8 1011.89 -0.7 78.5714 0 176.193 303.722
20.75 2 4 1011.95 -0.4 77.2857 0 234.536 292.701
20.7708 2 4.2 1012.01 -0.1 76 0 292.88 281.681
20.7917 2 4.45 1012.05 0.2 76.3125 0 361.083 273.691
20.8125 2 4.7 1012.08 0.5 76.625 0 429.287 265.701
20.8333 2 4.55 1012.18 0.6 75.3125 0 468.617 260.049
20.8542 2 4.4 1012.29 0.7 74 0 507.948 254.398
20.875 2 4.3 1012.29 0.65 75.25 0 502.734 262.929
20.8958 2 4.2 1012.29 0.6 76.5 0 497.52 271.46
20.9167 2 4.1 1012.28 0.8 76.3125 0 535.781 271.951
20.9375 2 4 1012.27 1 76.125 0 574.041 272.442
20.9583 2 3.7 1012.33 1.15 76.4375 0 607.634 262.59
20.9792 2 3.4 1012.38 1.3 76.75 0 641.227 252.738
21 2 2.95 1012.33 1.3 76.875 0 558.194 250.613
21.0208 2 2.5 1012.28 1.3 77 0 475.162 248.488
21.0417 2 2.25 1012.29 1.3 77.625 0 429.449 258.139
21.0625 2 2 1012.29 1.3 78.25 0 383.736 267.79
21.0833 2 2.1 1012.31 1 77.8125 0 325.883 283.081
21.1042 2 2.2 1012.33 0.7 77.375 0 268.031 298.373
21.125 2 1.75 1012.32 0.55 77.125 0 214.989 305.19
21.1458 2 1.3 1012.31 0.4 76.875 0 161.947 312.006
21.1667 2 0.8 1012.35 0.5 76.75 0 121.248 311.794
21.1875 2 0.3 1012.4 0.6 76.625 0 80.5492 311.583
21.2083 2 0.25 1012.36 0.7 76.625 0 86.8949 311.292
21.2292 2 0.2 1012.33 0.8 76.625 0 93.2405 311
21.25 2 0.15 1012.26 1.15 76.6875 0 70.7924 311.51
21.2708 2 0.1 1012.19 1.5 76.75 0 48.3443 312.021
21.2917 2 0.15 1012.18 1.8 77.9305 0 43.3526 312.485
21.3125 2 0.2 1012.17 2.1 79.1111 0 38.361 312.949
21.3333 2 0.7 1012.11 2.1 78.0555 0 26.613 316.073
21.3542 2 1.2 1012.06 2.1 77 0 14.865 319.198
21.375 2 1.7 1011.91 2.7 78.5625 0 11.0108 320.942
21.3958 2 2.2 1011.76 3.3 80.125 0 7.15667 322.686
21.4167 2 2.15 1011.64 3.6 79.9375 0 7.019 322.336
21.4375 2 2.1 1011.52 3.9 79.75 0 6.88134 321.987
21.4583 2 2.45 1011.48 4.05 79.625 0 8.08508 322.355
21.4792 2 2.8 1011.45 4.2 79.5 0 9.28883 322.723
21.5 2 2.6 1011.37 4.35 79.5 0 16.2891 320.495
21.5208 2 2.4 1011.29 4.5 79.5 0 23.2893 318.268
21.5417 2 2.65 1011.3 4.65 79.375 0 38.8736 297.997
21.5625 2 2.9 1011.32 4.8 79.25 0 54.458 277.725
21.5833 2 3.05 1011.27 5.75 78.75 0 71.4044 280.74
21.6042 2 3.2 1011.21 6.7 78.25 0 88.3508 283.755
21.625 2 3.75 1011.08 7.4 78.0625 0 138.096 281.4
21.6458 2 4.3 1010.94 8.1 77.875 0 187.842 279.045
21.6667 2 4.6 1010.85 8.85 77.3125 0 219.084 277.461
21.6875 2 4.9 1010.77 9.6 76.75 0 250.326 275.878
21.7083 2 5.2 1010.76 10.7 75.0893 0 314.271 280.002
21.7292 2 5.5 1010.74 11.8 73.4286 0 378.216 284.126
21.75 2 5.75 1010.66 12.55 73.7858 0 422.813 283.26
21.7708 2 6 1010.58 13.3 74.1429 0 467.41 282.393
21.7917 2 6.2 1010.46 13.95 73.5 0 503.174 284.21
21.8125 2 6.4 1010.35 14.6 72.8571 0 538.939 286.027
21.8333 2 6.5 1010.23 15.35 70.9286 0 550.868 289.018
21.8542 2 6.6 1010.12 16.1 69 0 562.797 292.01
21.875 2 6.45 1010.04 16.6 70.5 0 571.769 293.338
21.8958 2 6.3 1009.97 17.1 72 0 580.741 294.665
21.9167 2 6.1 1009.83 17.7 72.3334 0 601.867 294.699
21.9375 2 5.9 1009.69 18.3 72.6667 0 622.993 294.733
21.9583 2 5.15 1009.52 18.05 72.5 0 623.563 294.867
21.9792 2 4.4 1009.34 17.8 72.3333 0 624.134 295
22 2 4.3 1009.18 17.6 72 0 609.693 294.583
22.0208 2 4.2 1009.01 17.4 71.6667 0 595.253 294.165
22.0417 2 3.35 1008.91 16.95 72.1667 0 540.529 295.285
22.0625 2 2.5 1008.81 16.5 72.6667 0 485.805 296.405
22.0833 2 1.65 1008.71 16.4 72.5 0 477.636 294.854
22.1042 2 0.8 1008.61 16.3 72.3333 0 469.468 293.302
22.125 2 1.55 1008.54 15.8 72.25 0 422.482 291.899
22.1458 2 2.3 1008.47 15.3 72.1667 0 375.495 290.496
22.1667 2 2.9 1008.37 14.55 70.4167 0 330.766 289.71
22.1875 2 3.5 1008.27 13.8 68.6667 0 286.036 288.923
22.2083 2 3.8 1008.15 13.8 67.6667 0 244.648 289.945
22.2292 2 4.1 1008.02 13.8 66.6667 0 203.259 290.968
22.25 2 3.85 1007.93 12.7 66.8334 0 166.257 289.92
22.2708 2 3.6 1007.85 11.6 67 0 129.254 288.873
22.2917 2 3.9 1007.69 10.5 68.9166 0 99.6776 287.246
22.3125 2 4.2 1007.54 9.4 70.8333 0 70.1012 285.619
22.3333 2 3.75 1007.38 8.65 71.6666 0 51.6077 285.834
22.3542 2 3.3 1007.22 7.9 72.5 0 33.1142 286.05
22.375 2 3.65 1007.11 8.55 72.75 0 25.5725 287.365
22.3958 2 4 1007 9.2 73 0 18.0307 288.681
22.4167 2 4.25 1006.86 9.75 73.0834 0 15.7948 287.555
22.4375 2 4.5 1006.73 10.3 73.1667 0 13.5588 286.429
22.4583 2 4.25 1006.61 9.85 73.5834 0 15.4544 285.11
22.4792 2 4 1006.5 9.4 74 0 17.35 283.792
22.5 2 3.1 1006.44 9.2 72 0 26.765 283.529
22.5208 2 2.2 1006.38 9 70 0 36.18 283.267
22.5417 2 2.2 1006.39 8.35 72.0834 0 51.2687 281.1
22.5625 2 2.2 1006.4 7.7 74.1667 0 66.3573 278.933
22.5833 2 1.75 1006.22 8.15 73.4167 0 97.0152 279.927
22.6042 2 1.3 1006.03 8.6 72.6667 0 127.673 280.922
22.625 2 1.1 1005.96 9.15 71.75 0 167.783 281.427
22.6458 2 0.9 1005.88 9.7 70.8333 0 207.892 281.931
22.6667 2 0.75 1005.83 9.8 71.4881 0 249.204 281.271
22.6875 2 0.6 1005.79 9.9 72.1429 0 290.516 280.61
22.7083 2 0.85 1005.8 10.15 72.0714 0 334.837 280.111
22.7292 2 1.1 1005.81 10.4 72 0 379.159 279.612
22.75 2 1.55 1005.94 10.35 73.0714 0 426.752 279.158
22.7708 2 2 1006.07 10.3 74.1429 0 474.345 278.704
22.7917 2 2.4 1006.17 10.3 74.2858 0 509.565 278.713
22.8125 2 2.8 1006.26 10.3 74.4286 0 544.785 278.722
22.8333 2 2.55 1006.35 10.6 74.9286 0 573.182 278.289
22.8542 2 2.3 1006.44 10.9 75.4286 0 601.58 277.857
22.875 2 2.05 1006.41 11.6 76.4286 0 618.901 279.841
22.8958 2 1.8 1006.38 12.3 77.4286 0 636.223 281.824
22.9167 2 1.7 1006.43 13 77.9286 0 640.723 283.674
22.9375 2 1.6 1006.48 13.7 78.4286 0 645.223 285.524
22.9583 2 1.7 1006.48 13.8 78.3571 0 640.084 285.618
22.9792 2 1.8 1006.49 13.9 78.2857 0 634.946 285.713
23 2 1.85 1006.42 14.6 78 0 617.747 286.349
23.0208 2 1.9 1006.36 15.3 77.7143 0 600.549 286.986
23.0417 2 2.65 1006.3 14.95 77.9286 0 568.398 286.686
23.0625 2 3.4 1006.25 14.6 78.1429 0 536.247 286.386
23.0833 2 3.8 1006.24 14.5 77.9286 0 500.43 288.233
23.1042 2 4.2 1006.24 14.4 77.7143 0 464.612 290.08
23.125 2 4.25 1006.25 14.05 77.8571 0 375.283 292.707
23.1458 2 4.3 1006.26 13.7 78 0 285.953 295.335
23.1667 2 4.45 1006.21 12.95 79.3571 0 213.819 305.456
23.1875 2 4.6 1006.16 12.2 80.7143 0 141.685 315.576
23.2083 2 4.75 1006.28 11.7 81.0714 3.11035e-005 112.628 309.383
23.2292 2 4.9 1006.39 11.2 81.4286 6.22069e-005 83.571 303.189
23.25 2 4.95 1006.49 11.3 79.5477 3.11035e-005 72.163 325.188
23.2708 2 5 1006.6 11.4 77.6667 0 60.755 347.187
23.2917 2 4.5 1006.64 11.35 76.75 0 40.8213 352.001
23.3125 2 4 1006.68 11.3 75.8333 0 20.8875 356.815
23.3333 2 3.4 1006.83 11.2 76.3333 0 17.1311 354.406
23.3542 2 2.8 1006.98 11.1 76.8333 0 13.3747 351.997
23.375 2 1.85 1007.33 11 77.0833 0 12.0339 352.012
23.3958 2 0.9 1007.68 10.9 77.3333 0 10.6932 352.026
23.4167 2 1.6 1007.82 10.25 77.1666 0 11.0209 349.172
23.4375 2 2.3 1007.95 9.6 77 0 11.3485 346.319
23.4583 2 2.8 1008.2 8.35 76.25 0 10.9586 347.249
23.4792 2 3.3 1008.44 7.1 75.5 0 10.5687 348.179
23.5 2 3.4 1008.55 7.5 75.6666 0 11.4235 348.905
23.5208 2 3.5 1008.65 7.9 75.8333 0 12.2783 349.632
23.5417 2 3.9 1008.59 8.05 75.8333 0 15.1588 349.792
23.5625 2 4.3 1008.52 8.2 75.8333 0 18.0393 349.952
23.5833 2 4 1008.52 8 76 0 21.9769 351.637
23.6042 2 3.7 1008.52 7.8 76.1667 0 25.9145 353.321
23.625 2 3.65 1008.46 8 76.1667 0 43.8104 353.107
23.6458 2 3.6 1008.4 8.2 76.1667 0 61.7063 352.893
23.6667 2 3.6 1008.39 8.25 76.6667 0 77.6996 350.491
23.6875 2 3.6 1008.38 8.3 77.1667 0 93.6928 348.089
23.7083 2 3.25 1008.53 7.95 76.6667 0 101.072 348.716
23.7292 2 2.9 1008.68 7.6 76.1667 0 108.451 349.342
23.75 2 2.5 1008.74 8 75.8334 0 99.7291 350.535
23.7708 2 2.1 1008.8 8.4 75.5 0 91.0072 351.728
23.7917 2 1.9 1009.01 6.95 75.5 0 84.4777 348.854
23.8125 2 1.7 1009.22 5.5 75.5 0 77.9482 345.981
23.8333 2 1.55 1009.33 6.2 74.8334 0 120.637 339.776
23.8542 2 1.4 1009.45 6.9 74.1667 0 163.326 333.571
23.875 2 1.5 1009.63 7.7 74.7977 0 179.146 334.479
23.8958 2 1.6 1009.81 8.5 75.4286 0 194.965 335.386
23.9167 2 1.5 1009.99 9.3 75.2143 0 207.974 342.918
23.9375 2 1.4 1010.18 10.1 75 0 220.983 350.451
23.9583 2 2.9 1010.27 11.55 74.5 0 213.003 352.845
23.9792 2 4.4 1010.35 13 74 0 205.022 355.24
24 2 5 1010.49 12.75 74.375 0 210.008 356.152
24.0208 2 5.6 1010.64 12.5 74.75 0 214.993 357.065
24.0417 2 5 1010.75 12.75 73.875 0 274.052 348.729
24.0625 2 4.4 1010.86 13 73 0 333.112 340.393
24.0833 2 3.85 1010.95 13.5 73.9375 0 287.994 345.447
24.1042 2 3.3 1011.05 14 74.875 0 242.876 350.501
24.125 2 3.05 1011.08 14.2 74.75 0 199.871 354.776
24.1458 2 2.8 1011.12 14.4 74.625 0 156.865 359.052
24.1667 2 2.55 1011.2 13.8 74.1875 0 106.511 361.327
24.1875 2 2.3 1011.27 13.2 73.75 0 56.1567 363.601
24.2083 2 1.75 1011.43 12.85 75.5 0 55.3276 357.753
24.2292 2 1.2 1011.58 12.5 77.25 0 54.4985 351.904
24.25 2 0.95 1011.81 10.8 76.3393 0 43.7385 349.909
24.2708 2 0.7 1012.04 9.1 75.4286 0 32.9785 347.915
24.2917 2 0.35 1012.16 9.75 75.4286 0 37.4067 338.087
24.3125 2 0 1012.29 10.4 75.4286 0 41.835 328.259
24.3333 2 0.55 1012.53 10.3 75.5 0 27.7425 332.844
24.3542 2 1.1 1012.77 10.2 75.5714 0 13.65 337.428
24.375 2 1.6 1013.02 9.55 76.5 0 10.0756 343.174
24.3958 2 2.1 1013.27 8.9 77.4286 0 6.50117 348.921
24.4167 2 2.45 1013.51 8.05 78.0714 0 5.66934 347.719
24.4375 2 2.8 1013.75 7.2 78.7143 0 4.8375 346.516
24.4583 2 2.4 1013.89 7.7 79.5 0 6.636 347.78
24.4792 2 2 1014.03 8.2 80.2857 0 8.4345 349.044
24.5 2 1.3 1014.17 8.4 80.1429 0 9.84115 350.07
24.5208 2 0.6 1014.31 8.6 80 0 11.2478 351.095
24.5417 2 0.9 1014.35 8.3 79.5 0 21.8627 344.721
24.5625 2 1.2 1014.4 8 79 0 32.4777 338.348
24.5833 2 1.55 1014.55 7.45 78.8571 0 49.8614 334.083
24.6042 2 1.9 1014.69 6.9 78.7143 0 67.245 329.818
24.625 2 1.7 1014.77 7 78.5446 0 94.657 320.446
24.6458 2 1.5 1014.84 7.1 78.375 0 122.069 311.074
24.6667 2 1.45 1014.84 7.3 77.3125 0 153.518 316.481
24.6875 2 1.4 1014.85 7.5 76.25 0 184.966 321.888
24.7083 2 1.7 1014.93 7.25 75.25 0 215.517 319.645
24.7292 2 2 1015.02 7 74.25 0 246.067 317.402
24.75 2 2.15 1015.17 7.35 75.125 0 271.203 324.528
24.7708 2 2.3 1015.31 7.7 76 0 296.339 331.654
24.7917 2 2.55 1015.34 8.2 75.625 0 300.194 334.923
24.8125 2 2.8 1015.37 8.7 75.25 0 304.05 338.192
24.8333 2 3.5 1015.39 8.05 75.125 0 294.785 338.917
24.8542 2 4.2 1015.4 7.4 75 0 285.52 339.642
24.875 2 4.55 1015.35 7.7 74.5 0 289.408 341.624
24.8958 2 4.9 1015.31 8 74 0 293.296 343.605
24.9167 2 4.95 1015.32 8.5 73.625 0 339.802 343.591
24.9375 2 5 1015.32 9 73.25 0 386.308 343.578
24.9583 2 5.3 1015.23 9.5 73.5625 0 498.666 326.609
24.9792 2 5.6 1015.15 10 73.875 0 611.024 309.639
25 2 5.85 1015 9.8 74.1518 0 591.181 300.92
25.0208 2 6.1 1014.85 9.6 74.4286 0 571.338 292.201
25.0417 2 6.15 1014.66 9.45 75.4018 0 506.685 296.253
25.0625 2 6.2 1014.46 9.3 76.375 0 442.033 300.304
25.0833 2 6.35 1014.29 9.2 76.75 0 389.49 316.898
25.1042 2 6.5 1014.12 9.1 77.125 0 336.946 333.493
25.125 2 6.7 1013.93 8.85 77.1875 0 231.62 342.529
25.1458 2 6.9 1013.75 8.6 77.25 0 126.293 351.564
25.1667 2 6.95 1013.67 8 78.125 0 114.641 350.336
25.1875 2 7 1013.6 7.4 79 0 102.989 349.108
25.2083 2 7.15 1013.53 7.3 80.3125 0 74.3372 349.855
25.2292 2 7.3 1013.45 7.2 81.625 0 45.6853 350.603
25.25 2 7.15 1013.29 7.25 81.5625 0 44.1006 349.736
25.2708 2 7 1013.13 7.3 81.5 0 42.516 348.868
25.2917 2 6.95 1012.98 7.55 82.25 0 35.4166 350.328
25.3125 2 6.9 1012.84 7.8 83 0 28.3173 351.789
25.3333 2 7.05 1012.75 8 83.625 0 18.6796 353.977
25.3542 2 7.2 1012.66 8.2 84.25 0 9.04183 356.165
25.375 2 6.95 1012.59 8.4 84.5625 0 6.70591 356.257
25.3958 2 6.7 1012.53 8.6 84.875 0 4.37 356.348
25.4167 2 7.1 1012.47 8.5 84.7946 0 2.5925 356.5
25.4375 2 7.5 1012.4 8.4 84.7143 0 0.815 356.651
25.4583 2 6.95 1012.35 8.6 85.2857 0 1.21184 357.428
25.4792 2 6.4 1012.3 8.8 85.8571 0 1.60867 358.206
25.5 2 6.35 1012.18 8.85 86 0 2.90259 357.13
25.5208 2 6.3 1012.07 8.9 86.1429 0 4.1965 356.055
25.5417 2 6.45 1011.92 8.95 86.6339 0 7.59235 355.522
25.5625 2 6.6 1011.77 9 87.125 0 10.9882 354.989
25.5833 2 6.55 1011.63 9.1 85.9911 0 18.2558 354.7
25.6042 2 6.5 1011.49 9.2 84.8571 0 25.5235 354.411
25.625 2 6.35 1011.42 9 84.7142 0 30.6259 353.445
25.6458 2 6.2 1011.34 8.8 84.5714 0 35.7282 352.478
25.6667 2 6.7 1011.19 8.65 84.4286 0 70.7156 349.516
25.6875 2 7.2 1011.04 8.5 84.2857 0 105.703 346.553
25.7083 2 7.05 1010.96 8.4 83.6429 0 92.2631 349.526
25.7292 2 6.9 1010.89 8.3 83 0 78.8232 352.499
25.75 2 6.2 1010.83 8.7 82.0714 0 109.34 352.733
25.7708 2 5.5 1010.76 9.1 81.1429 0 139.856 352.967
25.7917 2 5.4 1010.65 9.45 81.5089 0 164.247 355.237
25.8125 2 5.3 1010.54 9.8 81.875 0 188.639 357.506
25.8333 2 5.9 1010.38 9.9 80.5625 0 211.636 357.041
25.8542 2 6.5 1010.21 10 79.25 0 234.633 356.575
25.875 2 6.9 1010.11 9.75 80.3125 0 234.691 357.049
25.8958 2 7.3 1010.01 9.5 81.375 0 234.749 357.524
25.9167 2 7.25 1009.92 9.5 80.8304 0 261.858 356.548
25.9375 2 7.2 1009.82 9.5 80.2857 0 288.968 355.573
25.9583 2 7.35 1009.68 9.5 82.3571 0 274.067 355.316
25.9792 2 7.5 1009.54 9.5 84.4286 0 259.166 355.06
26 2 7.45 1009.49 9.3 84.1429 0 215.934 355.169
26.0208 2 7.4 1009.44 9.1 83.8571 0 172.703 355.278
26.0417 2 7.25 1009.28 9.25 84.8571 0 220.553 353.015
26.0625 2 7.1 1009.11 9.4 85.8571 0 268.403 350.751
26.0833 2 7.15 1008.94 9.3 85.8452 0 229.196 351.492
26.1042 2 7.2 1008.77 9.2 85.8333 0 189.988 352.233
26.125 2 7.3 1008.63 9.05 85.8333 0 177.259 351.985
26.1458 2 7.4 1008.49 8.9 85.8333 0 164.53 351.737
26.1667 2 6.9 1008.42 8.9 86.5 0 112.302 354.672
26.1875 2 6.4 1008.34 8.9 87.1667 0 60.0737 357.608
26.2083 2 6.3 1008.22 9.1 87.9167 0 43.2046 358.536
26.2292 2 6.2 1008.1 9.3 88.6667 0 26.3355 359.463
26.25 2 5.6 1008.1 9.6 88.75 0 24.6121 360.525
26.2708 2 5 1008.11 9.9 88.8333 0 22.8887 361.587
26.2917 2 4.5 1008.1 10.55 88.6666 0 18.5867 364.001
26.3125 2 4 1008.1 11.2 88.5 0 14.2847 366.416
26.3333 2 3.85 1008.03 11 88.6666 0 10.0284 366.573
26.3542 2 3.7 1007.96 10.8 88.8333 0 5.77217 366.73
26.375 2 3.8 1007.89 10.5 88.5833 0 5.16275 362.214
26.3958 2 3.9 1007.82 10.2 88.3333 0 4.55333 357.697
26.4167 2 3.75 1007.7 10.05 88.25 0 4.03375 354.644
26.4375 2 3.6 1007.57 9.9 88.1667 0 3.51417 351.591
26.4583 2 3.5 1007.53 9.95 88.0834 0 5.00033 341.49
26.4792 2 3.4 1007.48 10 88 0 6.4865 331.388
26.5 2 2.95 1007.44 10.4 88.5 0 9.85935 334.62
26.5208 2 2.5 1007.4 10.8 89 0 13.2322 337.853
26.5417 2 2.3 1007.32 11.2 88.8334 0 25.1156 342.362
26.5625 2 2.1 1007.23 11.6 88.6667 0 36.999 346.871
26.5833 2 2.15 1007.23 12.1 88.9167 0 37.7985 354.209
26.6042 2 2.2 1007.23 12.6 89.1667 0 38.598 361.547
26.625 2 2.45 1007.2 12.75 89.1667 0 48.1042 363.033
26.6458 2 2.7 1007.17 12.9 89.1667 0 57.6105 364.519
26.6667 2 2.9 1007.21 11.25 87.9834 0 86.8717 361.317
26.6875 2 3.1 1007.26 9.6 86.8 0 116.133 358.115
26.7083 2 2.9 1007.29 8.65 86.2 0 121.726 354.972
26.7292 2 2.7 1007.32 7.7 85.6 0 127.319 351.83
26.75 2 3.5 1007.48 6.5 85.8 0 124.674 346.643
26.7708 2 4.3 1007.64 5.3 86 0 122.03 341.457
26.7917 2 4.7 1007.8 4.9 86.75 0 129.433 341.297
26.8125 2 5.1 1007.97 4.5 87.5 0 136.836 341.138
26.8333 2 4.8 1008.02 4.85 86 0 142.248 343.799
26.8542 2 4.5 1008.06 5.2 84.5 0 147.66 346.461
26.875 2 4.8 1008.13 4.9 84.4166 0 196.251 343.535
26.8958 2 5.1 1008.2 4.6 84.3333 0 244.842 340.61
26.9167 2 5.15 1008.23 5.1 83.3667 0 330.216 336.045
26.9375 2 5.2 1008.27 5.6 82.4 0 415.59 331.48
26.9583 2 4.75 1008.24 5.7 82.5 0 380.922 333.987
26.9792 2 4.3 1008.22 5.8 82.6 0 346.254 336.493
27 2 3.8 1008.16 5.55 82.8833 0 354.902 333.068
27.0208 2 3.3 1008.09 5.3 83.1667 0 363.55 329.642
27.0417 2 3.2 1007.84 5.4 83 0 379.496 320.502
27.0625 2 3.1 1007.6 5.5 82.8333 0 395.443 311.362
27.0833 2 2.85 1007.44 5.45 83.3333 0 369.966 311.69
27.1042 2 2.6 1007.29 5.4 83.8333 0 344.49 312.019
27.125 2 2.7 1007.23 5.25 84 0 271.653 323.749
27.1458 2 2.8 1007.17 5.1 84.1667 0 198.816 335.479
27.1667 2 2.85 1006.91 5.45 85.8334 0 186.452 333.078
27.1875 2 2.9 1006.66 5.8 87.5 0 174.088 330.678
27.2083 2 2.9 1006.56 5.85 88 0 180.413 331.189
27.2292 2 2.9 1006.47 5.9 88.5 0 186.738 331.699
27.25 2 2.9 1006.18 5.75 88.6666 0 126.496 326.823
27.2708 2 2.9 1005.89 5.6 88.8333 0 66.2543 321.948
27.2917 2 3.65 1005.45 5.8 89.0833 0 54.2981 323.88
27.3125 2 4.4 1005 6 89.3333 0 42.342 325.811
27.3333 2 4.65 1004.83 6.1 89.6666 0 28.0865 330.091
27.3542 2 4.9 1004.67 6.2 90 0 13.831 334.37
27.375 2 4.9 1004.3 5.85 89.6666 0 8.43692 332.798
27.3958 2 4.9 1003.94 5.5 89.3333 0 3.04283 331.226
27.4167 2 4.6 1003.65 5.75 89.6666 0 2.95616 333.307
27.4375 2 4.3 1003.36 6 90 0 2.8695 335.389
27.4583 2 4.55 1003.06 6.5 90.4166 0 3.506 334.158
27.4792 2 4.8 1002.76 7 90.8333 0 4.1425 332.926
27.5 2 4.55 1002.52 7.55 90.8333 0 3.8475 337.664
27.5208 2 4.3 1002.28 8.1 90.8333 0 3.5525 342.401
27.5417 2 3.85 1002.11 8.7 90.1666 0 6.20567 346.125
27.5625 2 3.4 1001.94 9.3 89.5 0 8.85883 349.849
27.5833 2 3.1 1001.74 9.6 89.4166 0 11.522 351.801
27.6042 2 2.8 1001.55 9.9 89.3333 0 14.1852 353.753
27.625 2 3.05 1001.35 9.95 89 0 17.2708 354.444
27.6458 2 3.3 1001.15 10 88.6667 0 20.3563 355.136
27.6667 2 3.85 1001.11 10.15 87.75 0 30.9653 352.73
27.6875 2 4.4 1001.08 10.3 86.8333 0 41.5742 350.325
27.7083 2 4.55 1000.94 11 87.1666 0 127.862 341.749
27.7292 2 4.7 1000.8 11.7 87.5 0 214.149 333.173
27.75 2 6.05 1000.95 12.5 83.8214 0 292.844 327.201
27.7708 2 7.4 1001.09 13.3 80.1429 0 371.538 321.229
27.7917 2 8.3 1001.51 12.85 79.5 0 448.164 297.053
27.8125 2 9.2 1001.92 12.4 78.8571 0 524.789 272.877
27.8333 2 8.55 1002.26 12.5 78.9286 0 552.951 272.905
27.8542 2 7.9 1002.6 12.6 79 0 581.113 272.933
27.875 2 7.35 1002.78 12.7 81.8571 0 471.714 302.481
27.8958 2 6.8 1002.97 12.8 84.7143 0 362.314 332.029
27.9167 2 7.35 1003.16 12.7 84.6429 0 392.708 329.376
27.9375 2 7.9 1003.34 12.6 84.5714 0 423.101 326.723
27.9583 2 7.1 1003.69 11.7 85.2142 0 474.033 314.117
27.9792 2 6.3 1004.04 10.8 85.8571 0 524.964 301.512
28 2 5.9 1004.2 10.75 85.3571 0 534.819 288.581
28.0208 2 5.5 1004.37 10.7 84.8571 0 544.674 275.65
28.0417 2 5.2 1004.59 10.8 82.4911 0 532.459 271.87
28.0625 2 4.9 1004.81 10.9 80.125 0 520.244 268.089
28.0833 2 4.9 1005.15 10.05 80.875 0 484.375 266.068
28.1042 2 4.9 1005.48 9.2 81.625 0 448.507 264.046
28.125 2 4.25 1005.69 9.1 82 0 404.285 264.288
28.1458 2 3.6 1005.9 9 82.375 0 360.064 264.53
28.1667 2 3.25 1006.02 8.8 82.625 0 327.919 274.285
28.1875 2 2.9 1006.14 8.6 82.875 0 295.773 284.041
28.2083 2 2.05 1006.14 8.35 82.75 0 205.913 278.639
28.2292 2 1.2 1006.14 8.1 82.625 0 116.052 273.238
28.25 2 1.15 1006.09 8.35 83 0 91.0137 272.48
28.2708 2 1.1 1006.04 8.6 83.375 0 65.9755 271.722
28.2917 2 1.9 1006.09 8.5 83.5446 0 64.0925 274.325
28.3125 2 2.7 1006.15 8.4 83.7143 0 62.2095 276.928
28.3333 2 2.65 1006.16 8.4 84.4821 0 49.9186 297.495
28.3542 2 2.6 1006.16 8.4 85.25 0 37.6277 318.061
28.375 2 2.9 1006.09 8.4 85.9375 0 24.7385 323.663
28.3958 2 3.2 1006.02 8.4 86.625 0 11.8493 329.265
28.4167 2 3.6 1005.93 8.25 86.7411 0 9.25006 327.759
28.4375 2 4 1005.83 8.1 86.8571 0 6.65083 326.253
28.4583 2 3.8 1005.64 8.2 87 0 6.88791 331.467
28.4792 2 3.6 1005.44 8.3 87.1429 0 7.125 336.681
28.5 2 3.95 1005.3 8.2 86.7143 0 12.6083 332.535
28.5208 2 4.3 1005.17 8.1 86.2857 0 18.0917 328.389
28.5417 2 4.15 1004.94 7.9 86.1429 0 20.513 333.586
28.5625 2 4 1004.72 7.7 86 0 22.9342 338.782
28.5833 2 3.65 1004.51 7.6 85.5714 0 23.7889 344.779
28.6042 2 3.3 1004.3 7.5 85.1429 0 24.6437 350.775
28.625 2 3.25 1003.93 6.65 85.6964 0 37.5006 349.404
28.6458 2 3.2 1003.56 5.8 86.25 0 50.3575 348.033
28.6667 2 3.35 1003.48 5.9 85.0625 0 62.2831 347.268
28.6875 2 3.5 1003.4 6 83.875 0 74.2086 346.503
28.7083 2 2.9 1003.2 6.9 83.0625 0 113.492 349.117
28.7292 2 2.3 1002.99 7.8 82.25 0 152.776 351.732
28.75 2 2.7 1002.78 7.8 81.4375 0 149.836 351.367
28.7708 2 3.1 1002.56 7.8 80.625 0 146.896 351.003
28.7917 2 3.05 1002.48 6.9 80.3125 0 157.234 349.657
28.8125 2 3 1002.4 6 80 0 167.573 348.311
28.8333 2 3.3 1002.18 5.75 79.625 0 148.026 347.607
28.8542 2 3.6 1001.97 5.5 79.25 0 128.479 346.902
28.875 2 3.85 1001.8 5.8 78.5625 0 206.809 342.818
28.8958 2 4.1 1001.64 6.1 77.875 0 285.138 338.734
28.9167 2 4.2 1001.58 6.15 77.8125 0 227.805 341.966
28.9375 2 4.3 1001.51 6.2 77.75 0 170.471 345.197
28.9583 2 4.35 1001.46 6.25 77.8125 0 162.247 345.318
28.9792 2 4.4 1001.42 6.3 77.875 0 154.023 345.44
29 2 4.9 1001.07 6.75 78.0625 0 157.995 347.189
29.0208 2 5.4 1000.73 7.2 78.25 0 161.967 348.937
29.0417 2 5.35 1000.43 7.55 78.0625 0 143.525 348.533
29.0625 2 5.3 1000.13 7.9 77.875 0 125.082 348.129
29.0833 2 5.05 1000.02 8.25 78.0625 0 109.562 350.8
29.1042 2 4.8 999.9 8.6 78.25 0 94.0425 353.471
29.125 2 4.4 999.87 9.2 79.125 0 87.6086 356.191
29.1458 2 4 999.84 9.8 80 0 81.1747 358.911
29.1667 2 3.55 999.775 10.05 80.625 0 83.1285 357.898
29.1875 2 3.1 999.71 10.3 81.25 0 85.0823 356.884
29.2083 2 2.1 999.635 10.3 82 0 75.362 353.837
29.2292 2 1.1 999.56 10.3 82.75 0 65.6418 350.791
29.25 2 1.25 999.575 9.55 83.5 0 47.6567 350.297
29.2708 2 1.4 999.59 8.8 84.25 0 29.6715 349.804
29.2917 2 1.4 999.575 9 84.625 0 21.0458 352.784
29.3125 2 1.4 999.56 9.2 85 0 12.4202 355.765
29.3333 2 2.2 999.57 9.9 85.9375 0 9.8851 355.482
29.3542 2 3 999.58 10.6 86.875 0 7.35 355.198
29.375 2 3.35 999.625 11.25 86.9375 0 5.948 355.554
29.3958 2 3.7 999.67 11.9 87 0 4.546 355.91
29.4167 2 3.45 999.725 12.25 87 0 3.92975 345.549
29.4375 2 3.2 999.78 12.6 87 0 3.3135 335.189
29.4583 2 3.35 999.72 12.1 86.7857 0 3.62608 330.831
29.4792 2 3.5 999.66 11.6 86.5714 0 3.93867 326.473
29.5 2 3.9 999.68 11.7 86.3571 0 6.73042 325.023
29.5208 2 4.3 999.7 11.8 86.1429 0 9.52217 323.574
29.5417 2 4.95 999.835 11.8 86.7589 0 28.7211 313.228
29.5625 2 5.6 999.97 11.8 87.375 0 47.92 302.881
29.5833 2 5.9 1000.2 10.8 87 0 61.1625 305.947
29.6042 2 6.2 1000.44 9.8 86.625 0 74.405 309.013
29.625 2 6.5 1000.59 8.5 86.0625 0 101.634 322.438
29.6458 2 6.8 1000.74 7.2 85.5 0 128.863 335.863
29.6667 2 6.25 1001.05 6.2 84.6786 0 100.888 335.753
29.6875 2 5.7 1001.36 5.2 83.8571 0 72.9135 335.643
29.7083 2 5.5 1001.58 4.55 83.9911 0 122.592 332.859
29.7292 2 5.3 1001.81 3.9 84.125 0 172.27 330.074
29.75 2 4.9 1002.04 3.5 84.125 0 154.747 327.763
29.7708 2 4.5 1002.26 3.1 84.125 0 137.225 325.452
29.7917 2 4.35 1002.45 2.8 83.75 0 226.199 316.482
29.8125 2 4.2 1002.64 2.5 83.375 0 315.172 307.511
29.8333 2 3.75 1002.89 2.5 80.3304 0 309.337 309.49
29.8542 2 3.3 1003.13 2.5 77.2857 0 303.502 311.468
29.875 2 3.3 1003.33 2.65 77.8571 0 367.966 307.64
29.8958 2 3.3 1003.54 2.8 78.4286 0 432.431 303.812
29.9167 2 3.2 1003.61 2.8 76.9643 0 454.321 297.867
29.9375 2 3.1 1003.68 2.8 75.5 0 476.211 291.923
29.9583 2 2.75 1003.77 2.85 76.625 0 494.072 287.412
29.9792 2 2.4 1003.86 2.9 77.75 0 511.933 282.901
30 2 2.8 1004.01 2.85 78.125 0 479.156 288.763
30.0208 2 3.2 1004.15 2.8 78.5 0 446.379 294.624
30.0417 2 3.6 1004.24 2.65 79.5 0 436.809 282.194
30.0625 2 4 1004.34 2.5 80.5 0 427.239 269.764
30.0833 2 4.35 1004.48 2.4 80.125 0 345.594 291.796
30.1042 2 4.7 1004.62 2.3 79.75 0 263.948 313.828
30.125 2 4.65 1004.79 2.4 81.0893 0 275.372 304.294
30.1458 2 4.6 1004.97 2.5 82.4286 0 286.795 294.76
30.1667 2 4.55 1005.08 2.6 81.9643 0 207.747 311.258
30.1875 2 4.5 1005.19 2.7 81.5 0 128.699 327.757
30.2083 2 4.4 1005.27 2.85 82.8125 0 75.3448 331.456
30.2292 2 4.3 1005.34 3 84.125 0 21.9907 335.156
30.25 2 4.4 1005.47 2.8 85.25 0 18.5147 335.004
30.2708 2 4.5 1005.6 2.6 86.375 0 15.0387 334.851
30.2917 2 4.25 1005.77 3.05 86.5 0 11.8747 334.093
30.3125 2 4 1005.93 3.5 86.625 0 8.71067 333.335
30.3333 2 3.95 1006.09 3.35 86.625 0 6.15542 331.409
30.3542 2 3.9 1006.26 3.2 86.625 0 3.60017 329.482
30.375 2 3.9 1006.35 3.3 86.9375 0 2.32142 329.911
30.3958 2 3.9 1006.45 3.4 87.25 0 1.04267 330.34
30.4167 2 4.4 1006.55 2.7 87.5 0 0.571419 327.281
30.4375 2 4.9 1006.64 2 87.75 0 0.100167 324.222
30.4583 2 5.3 1006.85 1.75 87.6875 0 0.741334 322.802
30.4792 2 5.7 1007.07 1.5 87.625 0 1.3825 321.383
30.5 2 5.6 1007.07 1.65 87.0982 0 4.88208 322.15
30.5208 2 5.5 1007.07 1.8 86.5714 0 8.38167 322.917
30.5417 2 4.65 1007.21 2 86.2857 0 14.6339 323.772
30.5625 2 3.8 1007.36 2.2 86 0 20.8862 324.627
30.5833 2 3.35 1007.57 2.2 85.7143 0 30.144 324.325
30.6042 2 2.9 1007.78 2.2 85.4286 0 39.4018 324.022
30.625 2 2.85 1007.89 2.15 85.7143 0 51.2134 323.526
30.6458 2 2.8 1008 2.1 86 0 63.025 323.029
30.6667 2 2.5 1008.11 2.35 85.75 0 76.7559 323.744
30.6875 2 2.2 1008.23 2.6 85.5 0 90.4868 324.459
30.7083 2 2.25 1008.32 2.5 85.0625 0 95.6199 324.004
30.7292 2 2.3 1008.42 2.4 84.625 0 100.753 323.549
30.75 2 2.15 1008.38 2.5 84.3125 0 120.892 323.948
30.7708 2 2 1008.34 2.6 84 0 141.031 324.347
30.7917 2 2.05 1008.47 2.85 84.8125 0 175.86 325.302
30.8125 2 2.1 1008.61 3.1 85.625 0 210.689 326.257
30.8333 2 1.45 1008.79 3.5 84.375 0 226.457 326.974
30.8542 2 0.8 1008.97 3.9 83.125 0 242.225 327.692
30.875 2 1.05 1008.92 4.65 82.6875 0 345.76 316.619
30.8958 2 1.3 1008.87 5.4 82.25 0 449.294 305.546
30.9167 2 1.65 1008.95 5.9 82.0625 0 428.755 306.115
30.9375 2 2 1009.04 6.4 81.875 0 408.215 306.685
30.9583 2 1.7 1008.97 6.95 81.375 0 421.835 309.513
30.9792 2 1.4 1008.9 7.5 80.875 0 435.454 312.342
