0 2 2.9 1020.88 -33.45 55.5 0 144.02 129.336
0.0208333 2 2.8 1021.03 -33.5 55 0 122.82 128.277
0.0416667 2 2.7 1021.25 -33.4 55 0 103.131 128.022
0.0625 2 2.6 1021.47 -33.3 55 0 83.4418 127.768
0.0833333 2 2.45 1021.66 -33.5 54.5 0 54.7567 127.938
0.104167 2 2.3 1021.86 -33.7 54 0 26.0715 128.109
0.125 2 2.1 1022.06 -33.95 54 0 15.2045 132.678
0.145833 2 1.9 1022.26 -34.2 54 0 4.3375 137.247
0.166667 2 2.4 1022.45 -34.2 53.5 0 2.16875 139.424
0.1875 2 2.9 1022.64 -34.2 53 0 0 141.601
0.208333 2 2.8 1022.77 -33.9 54 0 0 150.305
0.229167 2 2.7 1022.9 -33.6 55 0 0 159.008
0.25 2 2.85 1023.02 -33.75 54.5 0 0 153.799
0.270833 2 3 1023.14 -33.9 54 0 0 148.59
0.291667 2 2.95 1023.18 -33.95 54 0 0 152.787
0.3125 2 2.9 1023.23 -34 54 0 0 156.984
0.333333 2 3.05 1023.31 -33.8 54 0 0 159.681
0.354167 2 3.2 1023.39 -33.6 54 0 0 162.378
0.375 2 3.5 1023.41 -33.5 54 0 0 161.003
0.395833 2 3.8 1023.43 -33.4 54 0 0 159.628
0.416667 2 3.65 1023.45 -33.6 54 0 0 153.094
0.4375 2 3.5 1023.46 -33.8 54 0 0 146.559
0.458333 2 3.45 1023.42 -34.2 50 0 0 142.959
0.479167 2 3.4 1023.38 -34.6 46 0 0 139.359
0.5 2 3.45 1023.29 -34.85 46 0 0 137.503
0.520833 2 3.5 1023.19 -35.1 46 0 0 135.646
0.541667 2 3.65 1023.07 -35.1 46.5 0 0 136.323
0.5625 2 3.8 1022.94 -35.1 47 0 0 137
0.583333 2 4 1022.77 -35.3 46.5 0 0 133.146
0.604167 2 4.2 1022.6 -35.5 46 0 0 129.291
0.625 2 4.25 1022.57 -35.35 46.5 0 0 134.32
0.645833 2 4.3 1022.54 -35.2 47 0 0 139.35
0.666667 2 4.25 1022.39 -35.35 47 0 0 135.467
0.6875 2 4.2 1022.23 -35.5 47 0 0 131.585
0.708333 2 4.25 1022.12 -35.7 46.5 0 1.06884 129.35
0.729167 2 4.3 1022.01 -35.9 46 0 2.13767 127.115
0.75 2 4.45 1021.96 -36 46 0 12.5552 126.011
0.770833 2 4.6 1021.92 -36.1 46 0 22.9728 124.907
0.791667 2 4.4 1021.87 -36 46 0 47.1412 126.958
0.8125 2 4.2 1021.82 -35.9 46 0 71.3096 129.01
0.833333 2 4.15 1021.89 -35.75 47.5 0 107.749 127.817
0.854167 2 4.1 1021.95 -35.6 49 0 144.189 126.624
0.875 2 4.1 1021.99 -35.35 50.5 0 164.168 127.247
0.895833 2 4.1 1022.04 -35.1 52 0 184.148 127.871
0.916667 2 4.2 1022.03 -34.85 52.5 0 191.171 128.471
0.9375 2 4.3 1022.01 -34.6 53 0 198.194 129.07
0.958333 2 4.15 1021.96 -34.45 53 0 190.686 129.043
0.979167 2 4 1021.9 -34.3 53 0 183.177 129.016
1 2 4.15 1021.79 -34.15 53 0 166.476 129.053
1.02083 2 4.3 1021.67 -34 53 0 149.775 129.091
1.04167 2 4.25 1021.63 -34 53.5 0 126.117 128.81
1.0625 2 4.2 1021.58 -34 54 0 102.459 128.528
1.08333 2 4.15 1021.56 -34.1 54.5 0 63.3295 128.781
1.10417 2 4.1 1021.54 -34.2 55 0 24.2 129.033
1.125 2 4.3 1021.52 -34.3 54.5 0 14.8528 129.081
1.14583 2 4.5 1021.49 -34.4 54 0 5.5055 129.128
1.16667 2 4.35 1021.45 -34.4 53.5 0 2.76325 130.228
1.1875 2 4.2 1021.4 -34.4 53 0 0.021 131.328
1.20833 2 3.9 1021.31 -34 54 0 0.0105 133.762
1.22917 2 3.6 1021.21 -33.6 55 0 0 136.195
1.25 2 3.45 1021.05 -33.25 56 0 0 138.255
1.27083 2 3.3 1020.89 -32.9 57 0 0 140.315
1.29167 2 3.6 1020.79 -32.9 57 0 0 142.1
1.3125 2 3.9 1020.68 -32.9 57 0 0 143.884
1.33333 2 4.25 1020.6 -32.15 57.5 0 0 146.6
1.35417 2 4.6 1020.52 -31.4 58 0 0 149.316
1.375 2 4.65 1020.46 -31.05 58 0 0 153.012
1.39583 2 4.7 1020.39 -30.7 58 0 0 156.708
1.41667 2 4.7 1020.27 -30.5 58 0 0 164.705
1.4375 2 4.7 1020.15 -30.3 58 0 0 172.702
1.45833 2 5.1 1020.05 -29.35 58 0 0 180.911
1.47917 2 5.5 1019.94 -28.4 58 0 0 189.121
1.5 2 6.05 1019.8 -28.5 58.5 0 0 182.674
1.52083 2 6.6 1019.65 -28.6 59 0 0 176.228
1.54167 2 6.3 1019.49 -28.85 59 0 0 166.702
1.5625 2 6 1019.34 -29.1 59 0 0 157.177
1.58333 2 5.9 1019.2 -29.5 58.5 0 0 158.375
1.60417 2 5.8 1019.05 -29.9 58 0 0 159.572
1.625 2 5.7 1018.92 -29.9 58 0 0 168.298
1.64583 2 5.6 1018.78 -29.9 58 0 0 177.024
1.66667 2 5.95 1018.67 -29.5 58.5 0 0 189.457
1.6875 2 6.3 1018.56 -29.1 59 0 0 201.89
1.70833 2 6.1 1018.42 -29.2 59 0 1.10192 185.266
1.72917 2 5.9 1018.28 -29.3 59 0 2.20383 168.641
1.75 2 5.75 1018.2 -29.7 58.5 0 12.8043 161.667
1.77083 2 5.6 1018.11 -30.1 58 0 23.4047 154.693
1.79167 2 5.45 1018.06 -30.35 57.5 0 30.0578 148.921
1.8125 2 5.3 1018.01 -30.6 57 0 36.7109 143.148
1.83333 2 5.1 1017.96 -30.8 56.5 0 67.2254 141.777
1.85417 2 4.9 1017.91 -31 56 0 97.74 140.406
1.875 2 4.65 1017.9 -30.85 56.5 0 147.357 146.572
1.89583 2 4.4 1017.88 -30.7 57 0 196.974 152.737
1.91667 2 4.55 1017.84 -30.3 57 0 205.436 150.789
1.9375 2 4.7 1017.81 -29.9 57 0 213.897 148.841
1.95833 2 4.45 1017.76 -30.05 57 0 199.082 145.29
1.97917 2 4.2 1017.71 -30.2 57 0 184.266 141.738
2 2 4.15 1017.76 -30.35 57 0 166.401 141.781
2.02083 2 4.1 1017.8 -30.5 57 0 148.535 141.823
2.04167 2 3.75 1017.74 -30.65 57 0 129.628 142.029
2.0625 2 3.4 1017.68 -30.8 57 0 110.721 142.234
2.08333 2 3.65 1017.67 -30.95 57 0 74.6497 141.216
2.10417 2 3.9 1017.65 -31.1 57 0 38.5783 140.199
2.125 2 3.6 1017.58 -31.15 57.5 0 22.5322 140.107
2.14583 2 3.3 1017.5 -31.2 58 0 6.48617 140.015
2.16667 2 3.1 1017.49 -31.55 58.5 0 3.303 139.548
2.1875 2 2.9 1017.48 -31.9 59 0 0.119833 139.08
2.20833 2 2.8 1017.46 -32.05 59 0 0.0599165 138.182
2.22917 2 2.7 1017.45 -32.2 59 0 0 137.283
2.25 2 2.5 1017.36 -32.35 58.5 0 0 136.202
2.27083 2 2.3 1017.28 -32.5 58 0 0 135.121
2.29167 2 2.3 1017.3 -32.75 58 0 0 133.651
2.3125 2 2.3 1017.31 -33 58 0 0 132.181
2.33333 2 2.3 1017.32 -33.1 57.5 0 0 131.387
2.35417 2 2.3 1017.32 -33.2 57 0 0 130.593
2.375 2 2.1 1017.26 -33.05 57.5 0 0 130.259
2.39583 2 1.9 1017.2 -32.9 58 0 0 129.925
2.41667 2 1.65 1017.17 -32.95 58 0 0 131.059
2.4375 2 1.4 1017.14 -33 58 0 0 132.193
2.45833 2 1.65 1017.17 -32.9 56 0 0 132.207
2.47917 2 1.9 1017.2 -32.8 54 0 0 132.221
2.5 2 2 1017.17 -33.45 53.5 0 0 132.785
2.52083 2 2.1 1017.13 -34.1 53 0 0 133.35
2.54167 2 2.55 1017.2 -34.9 50.5 0 0 134.761
2.5625 2 3 1017.27 -35.7 48 0 0 136.172
2.58333 2 2.95 1017.27 -36.4 48 0 0 136.047
2.60417 2 2.9 1017.27 -37.1 48 0 0 135.922
2.625 2 3.15 1017.34 -37.05 47.5 0 0 136.549
2.64583 2 3.4 1017.41 -37 47 0 0 137.176
2.66667 2 3.55 1017.45 -37.5 46.5 0 0 136.01
2.6875 2 3.7 1017.5 -38 46 0 0 134.844
2.70833 2 3.7 1017.47 -37.7 46.5 0 2.10659 134.811
2.72917 2 3.7 1017.44 -37.4 47 0 4.21317 134.778
2.75 2 3.45 1017.41 -36.95 49.5 0 20.1711 134.979
2.77083 2 3.2 1017.37 -36.5 52 0 36.129 135.18
2.79167 2 3 1017.3 -36.3 55.5 0 69.291 134.827
2.8125 2 2.8 1017.24 -36.1 59 0 102.453 134.475
2.83333 2 2.95 1017.22 -36.05 60 0 136.324 136.84
2.85417 2 3.1 1017.21 -36 61 0 170.195 139.205
2.875 2 3.15 1017.13 -35.55 59 0 174.57 139.249
2.89583 2 3.2 1017.05 -35.1 57 0 178.944 139.292
2.91667 2 3.1 1017.02 -34.8 56.5 0 190.52 139.163
2.9375 2 3 1016.98 -34.5 56 0 202.096 139.034
2.95833 2 3.05 1016.68 -32.85 58 0 205.592 148.738
2.97917 2 3.1 1016.38 -31.2 60 0 209.088 158.442
3 2 3.15 1016.45 -30.35 61 0 174.388 160.193
3.02083 2 3.2 1016.52 -29.5 62 0 139.688 161.943
3.04167 2 3.15 1016.21 -29.45 62 0 110.508 156.548
3.0625 2 3.1 1015.89 -29.4 62 0 81.327 151.154
3.08333 2 3 1015.86 -29.45 61.5 0 58.0925 147.171
3.10417 2 2.9 1015.84 -29.5 61 0 34.858 143.188
3.125 2 2.85 1015.86 -29.85 60.5 0 20.8442 144.173
3.14583 2 2.8 1015.88 -30.2 60 0 6.83033 145.158
3.16667 2 2.8 1015.9 -30.15 60 0 3.46766 146.763
3.1875 2 2.8 1015.92 -30.1 60 0 0.105 148.367
3.20833 2 2.7 1015.92 -30 60 0 0.0525 151.319
3.22917 2 2.6 1015.92 -29.9 60 0 0 154.271
3.25 2 2.65 1015.24 -30.05 60 0 0 156.394
3.27083 2 2.7 1014.56 -30.2 60 0 0 158.517
3.29167 2 2.75 1014.53 -30.3 59.5 0 0 160.294
3.3125 2 2.8 1014.5 -30.4 59 0 0 162.072
3.33333 2 2.9 1014.49 -30.55 59 0 0 154.628
3.35417 2 3 1014.48 -30.7 59 0 0 147.184
3.375 2 3 1014.44 -30.9 58.5 0 0 148.285
3.39583 2 3 1014.4 -31.1 58 0 0 149.387
3.41667 2 3.05 1014.32 -31.25 58 0 0 148.604
3.4375 2 3.1 1014.23 -31.4 58 0 0 147.822
3.45833 2 3.05 1014.11 -31.55 57 0 0 147.37
3.47917 2 3 1013.99 -31.7 56 0 0 146.917
3.5 2 3.1 1013.87 -31.85 56 0 0 150.51
3.52083 2 3.2 1013.75 -32 56 0 0 154.102
3.54167 2 3.1 1013.7 -31.95 56 0 0 151.577
3.5625 2 3 1013.66 -31.9 56 0 0 149.053
3.58333 2 2.95 1013.67 -32.1 56 0 0 145.676
3.60417 2 2.9 1013.69 -32.3 56 0 0 142.298
3.625 2 3.05 1013.71 -32.5 56 0 0 142.512
3.64583 2 3.2 1013.74 -32.7 56 0 0 142.725
3.66667 2 3 1013.73 -32.75 56 0 0 139.108
3.6875 2 2.8 1013.72 -32.8 56 0 0 135.491
3.70833 2 2.9 1013.78 -32.85 56 0 2.15483 140.279
3.72917 2 3 1013.83 -32.9 56 0 4.30967 145.066
3.75 2 3.05 1013.86 -32.9 56 0 19.8407 141.357
3.77083 2 3.1 1013.9 -32.9 56 0 35.3717 137.647
3.79167 2 3.15 1014.63 -32.85 56 0 62.5048 138.49
3.8125 2 3.2 1015.36 -32.8 56 0 89.6378 139.332
3.83333 2 3.1 1015.46 -32.65 57 0 118.478 137.553
3.85417 2 3 1015.57 -32.5 58 0 147.318 135.775
3.875 2 3.2 1015.68 -32.1 58 0 167.297 136.085
3.89583 2 3.4 1015.79 -31.7 58 0 187.277 136.394
3.91667 2 3.5 1015.85 -31.45 58.5 0 197.183 136.672
3.9375 2 3.6 1015.92 -31.2 59 0 207.089 136.949
3.95833 2 3.75 1015.91 -30.9 59.5 0 201.143 136.843
3.97917 2 3.9 1015.91 -30.6 60 0 195.196 136.737
4 2 3.85 1015.99 -30.6 60 0 176.939 136.29
4.02083 2 3.8 1016.07 -30.6 60 0 158.683 135.843
4.04167 2 4 1016.13 -30.75 59.5 0 132.012 135.617
4.0625 2 4.2 1016.19 -30.9 59 0 105.341 135.391
4.08333 2 4.35 1016.22 -31.05 58.5 0 76.1747 135.898
4.10417 2 4.5 1016.26 -31.2 58 0 47.0083 136.406
4.125 2 4.5 1016.45 -31.4 57.5 0 27.7394 136.342
4.14583 2 4.5 1016.63 -31.6 57 0 8.4705 136.279
4.16667 2 4.55 1016.84 -31.7 57 0 4.3685 136.809
4.1875 2 4.6 1017.05 -31.8 57 0 0.2665 137.338
4.20833 2 4.6 1017.17 -31.9 57 0 0.13325 138.505
4.22917 2 4.6 1017.29 -32 57 0 0 139.672
4.25 2 4.45 1017.45 -31.9 57 0 0 139.683
4.27083 2 4.3 1017.61 -31.8 57 0 0 139.694
4.29167 2 4.45 1017.79 -31.85 57 0 0 139.962
4.3125 2 4.6 1017.98 -31.9 57 0 0 140.23
4.33333 2 4.75 1018.16 -31.95 57 0 0 140.695
4.35417 2 4.9 1018.35 -32 57 0 0 141.16
4.375 2 5 1018.56 -31.9 57 0 0 141.609
4.39583 2 5.1 1018.77 -31.8 57 0 0 142.057
4.41667 2 4.75 1018.93 -31.85 56.5 0 0 141.053
4.4375 2 4.4 1019.1 -31.9 56 0 0 140.05
4.45833 2 4.25 1019.2 -32.25 55 0 0 139.508
4.47917 2 4.1 1019.31 -32.6 54 0 0 138.965
4.5 2 4.1 1019.4 -33.15 53.5 0 0 138.965
4.52083 2 4.1 1019.49 -33.7 53 0 0 138.966
4.54167 2 3.85 1021.32 -34.75 50.5 0 0 138.854
4.5625 2 3.6 1023.16 -35.8 48 0 0 138.743
4.58333 2 3.85 1023.02 -36.4 47 0 0 137.807
4.60417 2 4.1 1022.88 -37 46 0 0 136.871
4.625 2 4 1022.54 -36.95 45.5 0 0 137.09
4.64583 2 3.9 1022.2 -36.9 45 0 0 137.309
4.66667 2 3.7 1021.71 -37.2 45 0 0.00141667 137.307
4.6875 2 3.5 1021.22 -37.5 45 0 0.00283333 137.306
4.70833 2 3.65 1020.66 -37.75 45 0 2.9985 137.231
4.72917 2 3.8 1020.09 -38 45 0 5.99417 137.156
4.75 2 3.7 1019.64 -38.05 45 0 21.7586 137.452
4.77083 2 3.6 1019.19 -38.1 45 0 37.523 137.749
4.79167 2 3.6 1018.88 -37.5 48.5 0 81.342 138.051
4.8125 2 3.6 1018.57 -36.9 52 0 125.161 138.354
4.83333 2 3.2 1018.03 -36.55 53 0 145.269 138.652
4.85417 2 2.8 1017.48 -36.2 54 0 165.377 138.949
4.875 2 2.95 1017.09 -35.85 54.5 0 184.53 138.828
4.89583 2 3.1 1016.7 -35.5 55 0 203.683 138.708
4.91667 2 3.15 1016.08 -35.15 55.5 0 211.771 138.999
4.9375 2 3.2 1015.45 -34.8 56 0 219.86 139.289
4.95833 2 3.05 1014.64 -34.55 56 0 214.013 139.635
4.97917 2 2.9 1013.83 -34.3 56 0 208.166 139.981
5 2 3 1013.14 -34.25 56 0 179.717 139.776
5.02083 2 3.1 1012.45 -34.2 56 0 151.268 139.57
5.04167 2 3.2 1011.83 -34.85 54.5 0 126.289 139.175
5.0625 2 3.3 1011.21 -35.5 53 0 101.31 138.78
5.08333 2 3 1010.43 -35.2 53.5 0 76.5306 139.265
5.10417 2 2.7 1009.66 -34.9 54 0 51.7512 139.75
5.125 2 2.4 1008.96 -34.25 54 0 31.0336 141.525
5.14583 2 2.1 1008.27 -33.6 54 0 10.316 143.299
5.16667 2 2.3 1007.7 -33.65 54 0 5.21058 141.948
5.1875 2 2.5 1007.12 -33.7 54 0 0.105167 140.597
5.20833 2 2.75 1006.71 -34.6 52 0 0.0525835 140.757
5.22917 2 3 1006.31 -35.5 50 0 0 140.916
5.25 2 3.4 1005.89 -36.3 48 0 0 140.429
5.27083 2 3.8 1005.46 -37.1 46 0 0 139.942
5.29167 2 3.65 1005 -36.3 48.5 0 0 139.214
5.3125 2 3.5 1004.54 -35.5 51 0 0 138.485
5.33333 2 3.4 1004.18 -35.2 52 0 0 137.952
5.35417 2 3.3 1003.82 -34.9 53 0 0 137.418
5.375 2 3.3 1003.65 -34.4 54 0 0 137.969
5.39583 2 3.3 1003.48 -33.9 55 0 0 138.52
5.41667 2 3.3 1003.14 -34.7 54 0 0 138.483
5.4375 2 3.3 1002.8 -35.5 53 0 0 138.445
5.45833 2 3.2 1002.41 -35.75 49.5 0 0 138.204
5.47917 2 3.1 1002.02 -36 46 0 0 137.963
5.5 2 3.4 1001.76 -35.85 48.5 0 0 137.161
5.52083 2 3.7 1001.5 -35.7 51 0 0 136.36
5.54167 2 3.5 1001.4 -36.7 48.5 0 0 133.893
5.5625 2 3.3 1001.29 -37.7 46 0 0 131.427
5.58333 2 3.4 1001.11 -37.2 47 0 0 133.985
5.60417 2 3.5 1000.94 -36.7 48 0 0 136.543
5.625 2 3.45 1000.83 -35.9 50 0 0 151.015
5.64583 2 3.4 1000.73 -35.1 52 0 0 165.487
5.66667 2 3.75 1000.68 -33.25 55 0 0.0456666 159.587
5.6875 2 4.1 1000.64 -31.4 58 0 0.0913333 153.686
5.70833 2 4.25 1000.61 -30.7 59.5 0 3.04408 168.609
5.72917 2 4.4 1000.58 -30 61 0 5.99683 183.533
5.75 2 4.35 1000.62 -29.95 60.5 0 21.2952 180.21
5.77083 2 4.3 1000.66 -29.9 60 0 36.5935 176.886
5.79167 2 4.65 1000.81 -29.6 60.5 0 56.1174 182.922
5.8125 2 5 1000.96 -29.3 61 0 75.6413 188.958
5.83333 2 5.35 1001.16 -29.3 61 0 98.5751 174.397
5.85417 2 5.7 1001.35 -29.3 61 0 121.509 159.836
5.875 2 5.55 1001.5 -29.3 61.5 0 154.414 155.361
5.89583 2 5.4 1001.65 -29.3 62 0 187.319 150.887
5.91667 2 5.25 1001.93 -29.3 62 0 199.164 147.611
5.9375 2 5.1 1002.22 -29.3 62 0 211.01 144.336
5.95833 2 5.05 1002.43 -29.25 61.5 0 207.682 141.978
5.97917 2 5 1002.64 -29.2 61 0 204.355 139.62
6 2 5 1002.86 -29.2 61 0 187.097 139.058
6.02083 2 5 1003.08 -29.2 61 0 169.839 138.496
6.04167 2 4.55 1003.3 -29.3 60.5 0 143.109 137.91
6.0625 2 4.1 1003.51 -29.4 60 0 116.38 137.324
6.08333 2 4.25 1003.74 -29.65 59.5 0 86.347 136.488
6.10417 2 4.4 1003.97 -29.9 59 0 56.314 135.652
6.125 2 4.45 1004.23 -30.2 58.5 0 33.4402 135.253
6.14583 2 4.5 1004.5 -30.5 58 0 10.5663 134.855
6.16667 2 4.65 1004.72 -30.7 57.5 0 5.54473 135.145
6.1875 2 4.8 1004.94 -30.9 57 0 0.523167 135.435
6.20833 2 4.9 1005.16 -31.1 57 0 0.261584 135.128
6.22917 2 5 1005.38 -31.3 57 0 0 134.82
6.25 2 4.95 1005.6 -31.4 57 0 0 135.919
6.27083 2 4.9 1005.83 -31.5 57 0 0 137.018
6.29167 2 4.9 1005.99 -31.45 57 0 0 136.372
6.3125 2 4.9 1006.15 -31.4 57 0 0 135.725
6.33333 2 4.95 1006.41 -31.45 57 0 0 139.417
6.35417 2 5 1006.66 -31.5 57 0 0 143.108
6.375 2 5 1006.93 -31.45 57 0 0 141.426
6.39583 2 5 1007.2 -31.4 57 0 0 139.743
6.41667 2 4.95 1007.38 -31.4 57 0 0 143.059
6.4375 2 4.9 1007.55 -31.4 57 0 0 146.374
6.45833 2 5 1007.66 -31 56 0 0 149.104
6.47917 2 5.1 1007.77 -30.6 55 0 0 151.835
6.5 2 5.2 1007.82 -30.55 55.5 0 0 157.186
6.52083 2 5.3 1007.86 -30.5 56 0 0 162.537
6.54167 2 5.1 1007.96 -30.5 56.5 0 0 168.511
6.5625 2 4.9 1008.07 -30.5 57 0 0 174.485
6.58333 2 4.85 1008.15 -31.35 56 0 0 169.622
6.60417 2 4.8 1008.22 -32.2 55 0 0 164.76
6.625 2 4.5 1008.27 -32.05 55.5 0 0 160.534
6.64583 2 4.2 1008.32 -31.9 56 0 0 156.307
6.66667 2 4.5 1008.43 -31.15 57 0 0.07161 174.901
6.6875 2 4.8 1008.53 -30.4 58 0 0.14322 193.494
6.70833 2 5.5 1008.6 -29.35 59 0 3.84606 196.715
6.72917 2 6.2 1008.67 -28.3 60 0 7.54889 199.935
6.75 2 6.35 1008.83 -27.4 61 0 28.997 199.451
6.77083 2 6.5 1008.99 -26.5 62 0 50.4451 198.967
6.79167 2 6.5 1009.1 -26.55 62 0 69.828 182.13
6.8125 2 6.5 1009.22 -26.6 62 0 89.2109 165.292
6.83333 2 6.7 1009.33 -26.45 62.5 0 128.367 171.342
6.85417 2 6.9 1009.45 -26.3 63 0 167.524 177.391
6.875 2 6.7 1009.71 -26.25 63 0 181.052 167.91
6.89583 2 6.5 1009.96 -26.2 63 0 194.581 158.428
6.91667 2 6.45 1010.29 -26.05 63.5 0 204.206 158.236
6.9375 2 6.4 1010.62 -25.9 64 0 213.831 158.043
6.95833 2 6.3 1010.83 -25.7 64 0 211.348 158.036
6.97917 2 6.2 1011.04 -25.5 64 0 208.865 158.029
7 2 6 1011.16 -25.55 63.5 0 181.1 155.629
7.02083 2 5.8 1011.28 -25.6 63 0 153.335 153.229
7.04167 2 5.65 1011.46 -25.75 63 0 118.738 153.475
7.0625 2 5.5 1011.63 -25.9 63 0 84.1412 153.72
7.08333 2 5.8 1011.73 -25.9 63 0 72.6019 156.294
7.10417 2 6.1 1011.84 -25.9 63 0 61.0625 158.867
7.125 2 5.85 1011.99 -26.1 62.5 0 39.2775 156.381
7.14583 2 5.6 1012.15 -26.3 62 0 17.4925 153.895
7.16667 2 5.35 1012.41 -26.7 61.5 0 9.15358 151.431
7.1875 2 5.1 1012.66 -27.1 61 0 0.814667 148.967
7.20833 2 5 1013 -27.35 61 0 0.407333 148.644
7.22917 2 4.9 1013.34 -27.6 61 0 0 148.321
7.25 2 5 1013.54 -27.75 61 0 0 149.426
7.27083 2 5.1 1013.73 -27.9 61 0 0 150.53
7.29167 2 5.3 1013.95 -28 61 0 0 148.318
7.3125 2 5.5 1014.17 -28.1 61 0 0 146.106
7.33333 2 5.5 1014.4 -28.45 60.5 0 0 143.876
7.35417 2 5.5 1014.63 -28.8 60 0 0 141.646
7.375 2 5.25 1014.83 -29.25 59.5 0 0 139.253
7.39583 2 5 1015.02 -29.7 59 0 0 136.861
7.41667 2 5 1015.16 -29.85 59 0 0 136.522
7.4375 2 5 1015.3 -30 59 0 0 136.184
7.45833 2 4.85 1015.45 -30.3 57.5 0 0 135.613
7.47917 2 4.7 1015.61 -30.6 56 0 0 135.042
7.5 2 4.75 1015.67 -30.75 56.5 0 0 135.383
7.52083 2 4.8 1015.73 -30.9 57 0 0 135.723
7.54167 2 4.55 1015.73 -31.05 57 0 0 135.014
7.5625 2 4.3 1015.74 -31.2 57 0 0 134.305
7.58333 2 4.05 1015.76 -31.6 56.5 0 0 134.095
7.60417 2 3.8 1015.78 -32 56 0 0 133.886
7.625 2 3.3 1015.96 -33.25 54.5 0 0 132.98
7.64583 2 2.8 1016.13 -34.5 53 0 0 132.075
7.66667 2 2.95 1016.21 -36.1 49 0 0.213 131.864
7.6875 2 3.1 1016.28 -37.7 45 0 0.426 131.653
7.70833 2 3.05 1016.32 -37.1 46 0 6.46725 132.538
7.72917 2 3 1016.36 -36.5 47 0 12.5085 133.424
7.75 2 3.2 1016.45 -35.1 51 0 30.5281 136.377
7.77083 2 3.4 1016.54 -33.7 55 0 48.5478 139.33
7.79167 2 3.15 1016.55 -33.6 55.5 0 91.1369 140.666
7.8125 2 2.9 1016.57 -33.5 56 0 133.726 142.002
7.83333 2 2.6 1016.61 -33.65 56 0 158.501 142.188
7.85417 2 2.3 1016.65 -33.8 56 0 183.277 142.373
7.875 2 2.2 1016.64 -32.65 57 0 203.872 143.104
7.89583 2 2.1 1016.63 -31.5 58 0 224.468 143.836
7.91667 2 2.1 1016.58 -30.75 59.5 0 231.754 144.139
7.9375 2 2.1 1016.54 -30 61 0 239.04 144.443
7.95833 2 2.1 1016.46 -29.75 60.5 0 232.74 144.724
7.97917 2 2.1 1016.39 -29.5 60 0 226.44 145.005
8 2 2.2 1016.29 -29.45 59.5 0 207.443 144.981
8.02083 2 2.3 1016.19 -29.4 59 0 188.445 144.957
8.04167 2 2.25 1016.12 -29.45 59 0 160.871 144.577
8.0625 2 2.2 1016.05 -29.5 59 0 133.296 144.196
8.08333 2 2.25 1015.92 -29.6 59 0 104.525 143.74
8.10417 2 2.3 1015.8 -29.7 59 0 75.7547 143.283
8.125 2 2.55 1015.74 -29.9 59 0 42.6446 141.799
8.14583 2 2.8 1015.68 -30.1 59 0 9.53444 140.316
8.16667 2 2.9 1015.55 -30.5 59 0 5.21947 138.383
8.1875 2 3 1015.43 -30.9 59 0 0.9045 136.451
8.20833 2 2.95 1015.35 -31.25 58.5 0 0.45225 136.433
8.22917 2 2.9 1015.28 -31.6 58 0 0 136.415
8.25 2 2.95 1015.18 -31.75 57.5 0 0 136.309
8.27083 2 3 1015.07 -31.9 57 0 0 136.202
8.29167 2 2.6 1015.05 -31.85 57.5 0 0 136.121
8.3125 2 2.2 1015.02 -31.8 58 0 0 136.04
8.33333 2 2.55 1014.98 -32.4 57 0 0 135.318
8.35417 2 2.9 1014.94 -33 56 0 0 134.595
8.375 2 2.95 1014.88 -33.1 56 0 0 134.645
8.39583 2 3 1014.81 -33.2 56 0 0 134.695
8.41667 2 3.1 1014.81 -33.35 55.5 0 0 136.735
8.4375 2 3.2 1014.81 -33.5 55 0 0 138.775
8.45833 2 3.05 1014.8 -33.45 53 0 0 138.131
8.47917 2 2.9 1014.79 -33.4 51 0 0 137.487
8.5 2 3.05 1014.65 -33.65 51.5 0 0 136.154
8.52083 2 3.2 1014.51 -33.9 52 0 0 134.82
8.54167 2 3 1014.55 -34 52.5 0 0 134.822
8.5625 2 2.8 1014.58 -34.1 53 0 0 134.824
8.58333 2 2.9 1014.49 -34.1 53 0 0 134.242
8.60417 2 3 1014.41 -34.1 53 0 0 133.661
8.625 2 3 1014.42 -34.15 53.5 0 0 134.05
8.64583 2 3 1014.44 -34.2 54 0 0 134.439
8.66667 2 2.95 1014.47 -34.3 54 0 0.234833 134.404
8.6875 2 2.9 1014.5 -34.4 54 0 0.469667 134.368
8.70833 2 2.8 1014.65 -34.45 54 0 7.07843 134.795
8.72917 2 2.7 1014.8 -34.5 54 0 13.6872 135.222
8.75 2 2.65 1014.91 -34.25 55 0 31.455 136.59
8.77083 2 2.6 1015.02 -34 56 0 49.2228 137.957
8.79167 2 2.65 1015.1 -33.8 56.5 0 105.64 137.215
8.8125 2 2.7 1015.18 -33.6 57 0 162.057 136.474
8.83333 2 2.75 1015.24 -33.45 57.5 0 179.292 136.932
8.85417 2 2.8 1015.31 -33.3 58 0 196.527 137.391
8.875 2 2.75 1015.36 -33.1 58 0 216.711 137.943
8.89583 2 2.7 1015.41 -32.9 58 0 236.896 138.495
8.91667 2 2.8 1015.48 -32.5 58.5 0 244.861 139.027
8.9375 2 2.9 1015.56 -32.1 59 0 252.827 139.56
8.95833 2 2.75 1015.61 -31.85 59 0 245.393 139.712
8.97917 2 2.6 1015.67 -31.6 59 0 237.959 139.863
9 2 2.8 1015.77 -31.4 58.5 0 217.377 139.781
9.02083 2 3 1015.86 -31.2 58 0 196.795 139.7
9.04167 2 3.15 1015.99 -31.15 58 0 174.902 139.726
9.0625 2 3.3 1016.12 -31.1 58 0 153.01 139.752
9.08333 2 3.5 1016.26 -31.15 58.5 0 114.355 139.838
9.10417 2 3.7 1016.4 -31.2 59 0 75.7002 139.924
9.125 2 3.7 1016.52 -31.2 59.5 0 47.7937 140.056
9.14583 2 3.7 1016.63 -31.2 60 0 19.8872 140.189
9.16667 2 3.75 1016.72 -31.7 59.5 0 10.5525 144.293
9.1875 2 3.8 1016.82 -32.2 59 0 1.21783 148.397
9.20833 2 3.75 1016.97 -31.95 59 0 0.608915 157.333
9.22917 2 3.7 1017.12 -31.7 59 0 0 166.268
9.25 2 3.35 1017.29 -31.25 59.5 0 0 162.438
9.27083 2 3 1017.47 -30.8 60 0 0 158.608
9.29167 2 3.45 1017.6 -31.15 59.5 0 0 149.388
9.3125 2 3.9 1017.74 -31.5 59 0 0 140.168
9.33333 2 4.05 1017.74 -32 58.5 0 0 140.404
9.35417 2 4.2 1017.74 -32.5 58 0 0 140.639
9.375 2 4.05 1017.76 -32.6 58 0 0 140.289
9.39583 2 3.9 1017.77 -32.7 58 0 0 139.938
9.41667 2 3.75 1017.86 -32.7 57.5 0 0 140.1
9.4375 2 3.6 1017.96 -32.7 57 0 0 140.261
9.45833 2 2.9 1017.99 -32.55 56 0 0 148.013
9.47917 2 2.2 1018.03 -32.4 55 0 0 155.764
9.5 2 2.15 1017.98 -32.45 55.5 0 0 161.039
9.52083 2 2.1 1017.93 -32.5 56 0 0 166.314
9.54167 2 2.4 1017.81 -32.55 56 0 0 163.654
9.5625 2 2.7 1017.69 -32.6 56 0 0 160.994
9.58333 2 2.85 1017.57 -32.75 56 0 0 156.184
9.60417 2 3 1017.45 -32.9 56 0 0 151.373
9.625 2 2.95 1017.35 -32.55 56.5 0 0 165.214
9.64583 2 2.9 1017.25 -32.2 57 0 0 179.055
9.66667 2 3.15 1017.1 -31.75 57.5 0 0.392666 177.458
9.6875 2 3.4 1016.95 -31.3 58 0 0.785333 175.862
9.70833 2 3.65 1016.75 -30.8 59 0 8.04257 179.959
9.72917 2 3.9 1016.55 -30.3 60 0 15.2998 184.056
9.75 2 4.35 1016.32 -29.85 60.5 0 33.0839 188.991
9.77083 2 4.8 1016.09 -29.4 61 0 50.868 193.925
9.79167 2 5.2 1015.84 -29.15 61.5 0 68.8594 189.663
9.8125 2 5.6 1015.6 -28.9 62 0 86.8508 185.402
9.83333 2 5.8 1015.34 -28.65 62 0 117.401 178.708
9.85417 2 6 1015.08 -28.4 62 0 147.952 172.014
9.875 2 6.2 1014.77 -28.15 63 0 178.451 178.91
9.89583 2 6.4 1014.45 -27.9 64 0 208.949 185.806
9.91667 2 6.6 1014.12 -27.35 64 0 205.32 190.293
9.9375 2 6.8 1013.79 -26.8 64 0 201.69 194.78
9.95833 2 7.1 1013.54 -26.1 65 0 202.399 200.548
9.97917 2 7.4 1013.29 -25.4 66 0 203.108 206.316
10 2 7.4 1012.99 -25.1 66 0 169.329 196.725
10.0208 2 7.4 1012.69 -24.8 66 0 135.551 187.134
10.0417 2 7.55 1012.51 -24.6 66.5 0 129.236 183.076
10.0625 2 7.7 1012.33 -24.4 67 0 122.92 179.017
10.0833 2 7.4 1012.21 -24.4 66.5 0 96.2929 183.652
10.1042 2 7.1 1012.08 -24.4 66 0 69.6658 188.288
10.125 2 6.9 1011.92 -24.5 65.5 0 46.744 189.495
10.1458 2 6.7 1011.76 -24.6 65 0 23.8222 190.703
10.1667 2 6.65 1011.62 -24.55 65 0 12.6021 197.773
10.1875 2 6.6 1011.48 -24.5 65 0 1.382 204.843
10.2083 2 6.5 1011.42 -24.4 65.5 0 0.691 205.339
10.2292 2 6.4 1011.36 -24.3 66 0 0 205.834
10.25 2 6.25 1011.31 -24.2 66 0 0 203.459
10.2708 2 6.1 1011.26 -24.1 66 0 0 201.084
10.2917 2 5.85 1011.23 -24.05 66 0 0 192.979
10.3125 2 5.6 1011.2 -24 66 0 0 184.875
10.3333 2 5.4 1011.22 -24.2 66 0 0 179.646
10.3542 2 5.2 1011.25 -24.4 66 0 0 174.418
10.375 2 5.2 1011.22 -24.3 66 0 0 191.04
10.3958 2 5.2 1011.19 -24.2 66 0 0 207.663
10.4167 2 5.45 1011.17 -23.75 66.5 0 0 218.971
10.4375 2 5.7 1011.16 -23.3 67 0 0 230.28
10.4583 2 5.75 1011.17 -22.85 67 0 0 232.664
10.4792 2 5.8 1011.19 -22.4 67 0 0 235.049
10.5 2 5.8 1011.28 -22.1 67.5 0 0 235.456
10.5208 2 5.8 1011.36 -21.8 68 0 0 235.863
10.5417 2 5.9 1011.4 -21.4 69 0 0 236.679
10.5625 2 6 1011.43 -21 70 0 0 237.495
10.5833 2 5.85 1011.53 -20.55 70.5 0 0 238.975
10.6042 2 5.7 1011.63 -20.1 71 0 0 240.456
10.625 2 5.5 1011.74 -19.75 71.5 0 0 240.97
10.6458 2 5.3 1011.85 -19.4 72 0 0 241.484
10.6667 2 5.1 1012.02 -19.15 73.5 0 0.417583 241.251
10.6875 2 4.9 1012.18 -18.9 75 0 0.835167 241.018
10.7083 2 4.75 1012.41 -18.75 76 0 6.80083 240.84
10.7292 2 4.6 1012.63 -18.6 77 0 12.7665 240.661
10.75 2 4.45 1012.84 -18.45 77.5 0 27.6172 241.263
10.7708 2 4.3 1013.06 -18.3 78 0 42.468 241.866
10.7917 2 4.3 1013.32 -18.2 78 0 63.5358 241.792
10.8125 2 4.3 1013.57 -18.1 78 0 84.6035 241.717
10.8333 2 4.3 1013.78 -18 78 0 101.97 242.058
10.8542 2 4.3 1013.99 -17.9 78 0 119.337 242.399
10.875 2 4.15 1014.26 -17.85 78 0 132.202 242.087
10.8958 2 4 1014.52 -17.8 78 0 145.068 241.774
10.9167 2 3.95 1014.78 -17.65 78.5 0 151.921 241.729
10.9375 2 3.9 1015.04 -17.5 79 0 158.775 241.685
10.9583 2 3.8 1015.29 -17.3 79.5 0 157.57 241.708
10.9792 2 3.7 1015.53 -17.1 80 0 156.365 241.731
11 2 3.4 1015.8 -16.85 81 0.000282222 150.962 240.874
11.0208 2 3.1 1016.06 -16.6 82 0.000564444 145.56 240.016
11.0417 2 3.35 1016.29 -16.45 82 0.000564444 123.296 238.426
11.0625 2 3.6 1016.52 -16.3 82 0.000564444 101.033 236.836
11.0833 2 3.2 1016.8 -17.1 80 0.000282222 84.3298 215.698
11.1042 2 2.8 1017.08 -17.9 78 0 67.6267 194.559
11.125 2 2.6 1017.49 -19.95 74.5 0 48.0841 182.464
11.1458 2 2.4 1017.91 -22 71 0 28.5415 170.368
11.1667 2 2.35 1018.28 -22.35 70.5 0 15.7739 189.94
11.1875 2 2.3 1018.65 -22.7 70 0 3.00633 209.512
11.2083 2 2.2 1018.85 -22.9 69.5 0 1.50317 196.891
11.2292 2 2.1 1019.06 -23.1 69 0 0 184.27
11.25 2 1.85 1019.3 -23.4 68.5 0 0 196.398
11.2708 2 1.6 1019.53 -23.7 68 0 0 208.527
11.2917 2 1.8 1019.79 -23.3 68.5 0 0 217.309
11.3125 2 2 1020.05 -22.9 69 0 0 226.091
11.3333 2 1.9 1020.32 -22.6 69.5 0 0 227.491
11.3542 2 1.8 1020.59 -22.3 70 0 0 228.89
11.375 2 2 1020.72 -22.15 70 0 0 230.051
11.3958 2 2.2 1020.85 -22 70 0 0 231.213
11.4167 2 1.95 1020.91 -21.85 70 0 0 230.094
11.4375 2 1.7 1020.96 -21.7 70 0 0 228.974
11.4583 2 1.9 1021.2 -21.55 69 0 0 228.021
11.4792 2 2.1 1021.44 -21.4 68 0 0 227.068
11.5 2 2.2 1021.56 -21.35 68.5 0 0 227.4
11.5208 2 2.3 1021.68 -21.3 69 0 0 227.731
11.5417 2 2.05 1021.74 -21.25 69 0 0 220.528
11.5625 2 1.8 1021.81 -21.2 69 0 0 213.325
11.5833 2 1.75 1021.83 -21.5 69.5 0 0 212.374
11.6042 2 1.7 1021.85 -21.8 70 0 0 211.422
11.625 2 1.85 1021.78 -21.95 70 0 0 197.846
11.6458 2 2 1021.7 -22.1 70 0 0 184.271
11.6667 2 2.3 1021.66 -22.65 70 0 0.50775 175.527
11.6875 2 2.6 1021.62 -23.2 70 0 1.0155 166.784
11.7083 2 2.7 1021.43 -23.8 69.5 0 10.0915 168.125
11.7292 2 2.8 1021.24 -24.4 69 0 19.1675 169.467
11.75 2 2.8 1021.17 -24.55 68.5 0 43.1202 182.412
11.7708 2 2.8 1021.11 -24.7 68 0 67.073 195.357
11.7917 2 2.45 1021 -24.2 68.5 0 90.8925 201.93
11.8125 2 2.1 1020.89 -23.7 69 0 114.712 208.502
11.8333 2 1.85 1020.75 -23.2 69.5 0 137.124 205.318
11.8542 2 1.6 1020.61 -22.7 70 0 159.536 202.135
11.875 2 1.85 1020.48 -22.35 70 0 194.193 206.823
11.8958 2 2.1 1020.36 -22 70 0 228.849 211.511
11.9167 2 2.3 1020.24 -21.7 69.5 0 218.212 214.607
11.9375 2 2.5 1020.12 -21.4 69 0 207.576 217.704
11.9583 2 2.8 1019.95 -21.4 69 0 208.966 209.764
11.9792 2 3.1 1019.79 -21.4 69 0 210.357 201.824
12 2 3.05 1019.7 -21.55 69 0 195.284 196.955
12.0208 2 3 1019.61 -21.7 69 0 180.211 192.086
12.0417 2 3.1 1019.41 -22.4 68.5 0 160.364 177.725
12.0625 2 3.2 1019.2 -23.1 68 0 140.517 163.364
12.0833 2 3.35 1019.08 -23.75 68 0 111.566 162.366
12.1042 2 3.5 1018.97 -24.4 68 0 82.6158 161.367
12.125 2 3.65 1018.78 -25.15 67 0 55.4198 159.626
12.1458 2 3.8 1018.58 -25.9 66 0 28.2237 157.885
12.1667 2 3.95 1018.41 -26.55 65.5 0 15.6526 156.398
12.1875 2 4.1 1018.24 -27.2 65 0 3.0815 154.912
12.2083 2 4 1018.17 -27.55 64.5 0 1.54075 154.258
12.2292 2 3.9 1018.1 -27.9 64 0 0 153.605
12.25 2 3.85 1017.97 -28.2 63.5 0 0 153.238
12.2708 2 3.8 1017.84 -28.5 63 0 0 152.872
12.2917 2 3.8 1017.81 -28.9 63 0 0 152.764
12.3125 2 3.8 1017.78 -29.3 63 0 0 152.656
12.3333 2 3.65 1017.76 -29.45 62.5 0 0 153.945
12.3542 2 3.5 1017.74 -29.6 62 0 0 155.235
12.375 2 3.5 1017.57 -29.6 62 0 0 157.626
12.3958 2 3.5 1017.4 -29.6 62 0 0 160.017
12.4167 2 3.55 1017.26 -29.7 62 0 0 159.059
12.4375 2 3.6 1017.11 -29.8 62 0 0 158.101
12.4583 2 3.65 1017.03 -29.65 62.7222 0 0 160.7
12.4792 2 3.7 1016.95 -29.5 63.4444 0 0 163.299
12.5 2 3.55 1016.89 -29.4 61.7222 0 0 163.307
12.5208 2 3.4 1016.83 -29.3 60 0 0 163.316
12.5417 2 3.6 1016.78 -29.85 60 0 0 155.122
12.5625 2 3.8 1016.73 -30.4 60 0 0 146.929
12.5833 2 3.7 1016.67 -30.85 59.5 0 0 146.299
12.6042 2 3.6 1016.62 -31.3 59 0 0 145.67
12.625 2 3.8 1016.43 -31.6 59 0 0 145.887
12.6458 2 4 1016.25 -31.9 59 0 0 146.104
12.6667 2 3.8 1016.29 -31.25 59.5 0 1.25809 166.656
12.6875 2 3.6 1016.33 -30.6 60 0 2.51617 187.208
12.7083 2 3.8 1016.33 -29.5 61 0 12.1297 186.24
12.7292 2 4 1016.33 -28.4 62 0 21.7432 185.272
12.75 2 4.2 1016.3 -29.1 61 0 48.6917 168.99
12.7708 2 4.4 1016.26 -29.8 60 0 75.6403 152.708
12.7917 2 4.8 1016.3 -29.75 60 0 118.738 147.951
12.8125 2 5.2 1016.35 -29.7 60 0 161.836 143.194
12.8333 2 5.2 1016.34 -29.6 60 0 195.952 142.038
12.8542 2 5.2 1016.34 -29.5 60 0 230.067 140.882
12.875 2 5.25 1016.33 -29.3 60 0 251.095 140.754
12.8958 2 5.3 1016.32 -29.1 60 0 272.123 140.625
12.9167 2 5.2 1016.46 -29 60 0 279.794 140.324
12.9375 2 5.1 1016.61 -28.9 60 0 287.465 140.024
12.9583 2 4.9 1016.67 -28.85 60 0 281.417 139.91
12.9792 2 4.7 1016.73 -28.8 60 0 275.369 139.797
13 2 4.45 1016.68 -28.85 60 0 256.094 139.648
13.0208 2 4.2 1016.64 -28.9 60 0 236.82 139.499
13.0417 2 4.55 1016.73 -28.95 59.5 0 206.121 139.305
13.0625 2 4.9 1016.83 -29 59 0 175.422 139.111
13.0833 2 5 1016.92 -29.35 58.5 0 139.294 138.594
13.1042 2 5.1 1017 -29.7 58 0 103.167 138.076
13.125 2 5.3 1017.02 -30.1 58 0 76.2959 137.822
13.1458 2 5.5 1017.04 -30.5 58 0 49.4248 137.568
13.1667 2 5.5 1017.04 -30.85 57.5 0 26.4241 137.327
13.1875 2 5.5 1017.05 -31.2 57 0 3.42333 137.085
13.2083 2 5.5 1017.03 -31.5 56.5 0 1.71167 136.926
13.2292 2 5.5 1017 -31.8 56 0 0 136.767
13.25 2 5.3 1017.05 -32.1 56 0 0 136.467
13.2708 2 5.1 1017.1 -32.4 56 0 0 136.167
13.2917 2 5.1 1017.06 -32.55 56 0 0 136.167
13.3125 2 5.1 1017.02 -32.7 56 0 0 136.166
13.3333 2 4.9 1017.02 -33.05 55 0 0 136.059
13.3542 2 4.7 1017.01 -33.4 54 0 0 135.952
13.375 2 4.55 1017.06 -33.5 54 0 0 136.026
13.3958 2 4.4 1017.11 -33.6 54 0 0 136.101
13.4167 2 4.2 1017.1 -33.65 53.5 0 0 139.504
13.4375 2 4 1017.09 -33.7 53 0 0 142.906
13.4583 2 3.95 1017.15 -33.35 53.5 0 0 143.674
13.4792 2 3.9 1017.2 -33 54 0 0 144.443
13.5 2 3.75 1017.16 -33.1 54.5 0 0 140.453
13.5208 2 3.6 1017.12 -33.2 55 0 0 136.464
13.5417 2 3.65 1017.08 -33.5 53.5 0 0 136.77
13.5625 2 3.7 1017.04 -33.8 52 0 0 137.075
13.5833 2 3.9 1017.01 -34.2 51 0 0 135.59
13.6042 2 4.1 1016.98 -34.6 50 0 0 134.106
13.625 2 4.1 1016.85 -34.75 49.5 0 0 133.982
13.6458 2 4.1 1016.72 -34.9 49 0 0 133.858
13.6667 2 4.1 1016.71 -35.1 49 0 1.422 133.646
13.6875 2 4.1 1016.7 -35.3 49 0 2.844 133.433
13.7083 2 4.1 1016.65 -35.25 49.5 0 17.7125 133.393
13.7292 2 4.1 1016.59 -35.2 50 0 32.581 133.354
13.75 2 3.9 1016.61 -34.95 52 0 64.6744 133.897
13.7708 2 3.7 1016.64 -34.7 54 0 96.7678 134.441
13.7917 2 3.5 1016.55 -34.45 54 0 134.138 135.56
13.8125 2 3.3 1016.47 -34.2 54 0 171.508 136.679
13.8333 2 3.55 1016.35 -33.75 54.5 0 204.215 137.6
13.8542 2 3.8 1016.23 -33.3 55 0 236.921 138.521
13.875 2 3.85 1016.23 -32.85 55.5 0 258.19 138.905
13.8958 2 3.9 1016.24 -32.4 56 0 279.458 139.29
13.9167 2 3.95 1016.32 -32.2 56.5 0 286.878 139.148
13.9375 2 4 1016.39 -32 57 0 294.298 139.006
13.9583 2 3.9 1016.38 -31.8 57 0 287.63 138.498
13.9792 2 3.8 1016.37 -31.6 57 0 280.963 137.99
14 2 3.9 1016.39 -31.6 57.5 0 261.455 137.688
14.0208 2 4 1016.41 -31.6 58 0 241.947 137.386
14.0417 2 4.15 1016.37 -31.7 58 0 211.012 136.676
14.0625 2 4.3 1016.33 -31.8 58 0 180.076 135.965
14.0833 2 4.2 1016.35 -32.05 57.5 0 144.466 135.974
14.1042 2 4.1 1016.38 -32.3 57 0 108.856 135.984
14.125 2 3.95 1016.35 -32.65 56.5 0 73.9538 137.046
14.1458 2 3.8 1016.33 -33 56 0 39.0515 138.109
14.1667 2 3.85 1016.26 -33.1 56 0 22.0487 140.286
14.1875 2 3.9 1016.19 -33.2 56 0 5.04583 142.464
14.2083 2 4.1 1016.1 -33.3 55.5 0 2.52625 142.894
14.2292 2 4.3 1016.01 -33.4 55 0 0.00666667 143.324
14.25 2 4.1 1016.01 -33.4 55 0 0.00333334 142.734
14.2708 2 3.9 1016 -33.4 55 0 0 142.144
14.2917 2 3.8 1016.19 -33.45 55 0 0 144.436
14.3125 2 3.7 1016.38 -33.5 55 0 0 146.727
14.3333 2 3.65 1016.37 -33.5 55 0 0 145.162
14.3542 2 3.6 1016.36 -33.5 55 0 0 143.597
14.375 2 3.7 1016.33 -33.6 55 0 0 148.729
14.3958 2 3.8 1016.31 -33.7 55 0 0 153.86
14.4167 2 3.7 1016.27 -32.95 59.4445 0 0 163.725
14.4375 2 3.6 1016.23 -32.2 63.8889 0 0 173.589
14.4583 2 3.95 1016.36 -32.1 58.4445 0 0 171.867
14.4792 2 4.3 1016.49 -32 53 0 0 170.146
14.5 2 4.3 1016.57 -31.9 53.5 0 0 169.146
14.5208 2 4.3 1016.64 -31.8 54 0 0 168.145
14.5417 2 4.4 1016.59 -31.9 54.5 0 0 158.013
14.5625 2 4.5 1016.55 -32 55 0 0 147.881
14.5833 2 4.65 1016.61 -32.6 54.5 0 0 141.808
14.6042 2 4.8 1016.67 -33.2 54 0 0 135.735
14.625 2 4.9 1016.67 -33.55 52.5 0 0 134.396
14.6458 2 5 1016.68 -33.9 51 0 0 133.058
14.6667 2 5 1016.78 -34.2 51 0 1.64909 132.766
14.6875 2 5 1016.88 -34.5 51 0 3.29817 132.473
14.7083 2 5.2 1016.98 -34.6 51 0 16.3349 132.133
14.7292 2 5.4 1017.08 -34.7 51 0 29.3716 131.793
14.75 2 5.5 1017.23 -34.5 52.5 0 66.6628 131.874
14.7708 2 5.6 1017.39 -34.3 54 0 103.954 131.955
14.7917 2 5.5 1017.6 -34.1 54 0 145.543 131.811
14.8125 2 5.4 1017.81 -33.9 54 0 187.132 131.667
14.8333 2 5.6 1018.11 -33.65 54.5 0 222.586 131.53
14.8542 2 5.8 1018.42 -33.4 55 0 258.041 131.392
14.875 2 5.9 1018.55 -33.2 55 0 278.931 131.522
14.8958 2 6 1018.68 -33 55 0 299.822 131.653
14.9167 2 6 1018.8 -32.8 55 0 306.964 131.875
14.9375 2 6 1018.92 -32.6 55 0 314.107 132.097
14.9583 2 5.9 1019.03 -32.35 55.5 0 306.576 132.693
14.9792 2 5.8 1019.13 -32.1 56 0 299.044 133.288
15 2 5.4 1019.15 -31.95 56.5 0 276.846 133.647
15.0208 2 5 1019.16 -31.8 57 0 254.648 134.007
15.0417 2 5.1 1019.15 -31.75 57 0 222.514 134.267
15.0625 2 5.2 1019.13 -31.7 57 0 190.381 134.526
15.0833 2 4.85 1019.28 -31.7 57 0 152.617 134.635
15.1042 2 4.5 1019.43 -31.7 57 0 114.854 134.744
15.125 2 4.3 1019.52 -31.95 57 0 79.192 134.78
15.1458 2 4.1 1019.61 -32.2 57 0 43.53 134.815
15.1667 2 4.25 1019.64 -32.55 57 0 24.8848 134.706
15.1875 2 4.4 1019.67 -32.9 57 0 6.23967 134.596
15.2083 2 4.45 1019.74 -33.05 57 0 3.131 134.625
15.2292 2 4.5 1019.82 -33.2 57 0 0.0223333 134.655
15.25 2 4.6 1019.94 -33.2 56.5 0 0.0111666 134.763
15.2708 2 4.7 1020.06 -33.2 56 0 0 134.872
15.2917 2 4.95 1020.22 -33.2 56 0 0 134.755
15.3125 2 5.2 1020.39 -33.2 56 0 0 134.639
15.3333 2 5.1 1020.52 -33.35 56 0 0 134.686
15.3542 2 5 1020.65 -33.5 56 0 0 134.732
15.375 2 4.8 1020.8 -33.75 54 0 0 134.695
15.3958 2 4.6 1020.95 -34 52 0 0 134.658
15.4167 2 4.45 1021.1 -34.2 51.5 0 0 134.561
15.4375 2 4.3 1021.25 -34.4 51 0 0 134.464
15.4583 2 4.35 1021.37 -34.55 49 0 0 134.391
15.4792 2 4.4 1021.49 -34.7 47 0 0 134.318
15.5 2 4.4 1021.58 -34.85 47.5 0 0 134.163
15.5208 2 4.4 1021.67 -35 48 0 0 134.007
15.5417 2 4.35 1021.72 -34.95 48 0 0 133.926
15.5625 2 4.3 1021.78 -34.9 48 0 0 133.844
15.5833 2 4.3 1021.92 -35 48 0 0 133.641
15.6042 2 4.3 1022.06 -35.1 48 0 0 133.438
15.625 2 4.2 1022.18 -35.25 48 0 0 133.301
15.6458 2 4.1 1022.3 -35.4 48 0 0 133.163
15.6667 2 3.85 1022.39 -35.4 48 0 2.51442 133.107
15.6875 2 3.6 1022.48 -35.4 48 0 5.02883 133.052
15.7083 2 3.8 1022.5 -35.55 48 0 18.3423 132.68
15.7292 2 4 1022.52 -35.7 48 0 31.6558 132.308
15.75 2 3.8 1021.02 -35.55 50 0 86.9539 132.24
15.7708 2 3.6 1019.52 -35.4 52 0 142.252 132.172
15.7917 2 3.35 1019.59 -35.1 53 0 169.444 132.191
15.8125 2 3.1 1019.66 -34.8 54 0 196.636 132.21
15.8333 2 3.05 1019.71 -34.45 54.5 0 229.836 132.419
15.8542 2 3 1019.76 -34.1 55 0 263.037 132.627
15.875 2 3 1019.91 -33.7 55.5 0 284.621 133.027
15.8958 2 3 1020.05 -33.3 56 0 306.205 133.427
15.9167 2 2.9 1020.07 -33.05 56.5 0 311.547 133.656
15.9375 2 2.8 1020.08 -32.8 57 0 316.888 133.884
15.9583 2 2.85 1020.07 -32.5 57 0 309.108 134.115
15.9792 2 2.9 1020.05 -32.2 57 0 301.328 134.346
16 2 3 1020.39 -32.1 57 0 280.531 134.788
16.0208 2 3.1 1020.72 -32 57 0 259.734 135.23
16.0417 2 2.9 1020.78 -31.95 57 0 226.939 135.647
16.0625 2 2.7 1020.84 -31.9 57 0 194.144 136.064
16.0833 2 2.75 1020.88 -31.9 57 0 156.537 136.417
16.1042 2 2.8 1020.92 -31.9 57 0 118.93 136.771
16.125 2 2.75 1021.04 -32.05 57 0 83.349 136.928
16.1458 2 2.7 1021.16 -32.2 57 0 47.768 137.086
16.1667 2 2.7 1021.26 -32.3 57 0 27.4988 137.512
16.1875 2 2.7 1021.36 -32.4 57 0 7.2295 137.939
16.2083 2 2.7 1021.37 -32.5 57 0 3.63167 137.939
16.2292 2 2.7 1021.38 -32.6 57 0 0.0338333 137.94
16.25 2 2.85 1021.47 -32.85 57 0 0.0169166 137.768
16.2708 2 3 1021.57 -33.1 57 0 0 137.596
16.2917 2 3.05 1021.61 -33.3 56.5 0 0 137.347
16.3125 2 3.1 1021.65 -33.5 56 0 0 137.098
16.3333 2 3.05 1021.75 -33.65 55.5 0 0 136.686
16.3542 2 3 1021.85 -33.8 55 0 0 136.274
16.375 2 2.95 1021.93 -34 54.5 0 0 136.045
16.3958 2 2.9 1022.01 -34.2 54 0 0 135.816
16.4167 2 3.05 1022.08 -34.45 52 0 0 135.757
16.4375 2 3.2 1022.15 -34.7 50 0 0 135.697
16.4583 2 3 1022.18 -34.5 50.5 0 0 136.643
16.4792 2 2.8 1022.21 -34.3 51 0 0 137.59
16.5 2 2.8 1022.23 -34.55 50.5 0 0 137.072
16.5208 2 2.8 1022.25 -34.8 50 0 0 136.553
16.5417 2 2.95 1022.32 -35.1 49 0 0 135.828
16.5625 2 3.1 1022.39 -35.4 48 0 0 135.104
16.5833 2 3 1022.46 -35.4 48 0 0 133.979
16.6042 2 2.9 1022.52 -35.4 48 0 0 132.854
16.625 2 3.1 1022.59 -35.7 47.5 0 0.0175833 132.841
16.6458 2 3.3 1022.65 -36 47 0 0.0351667 132.828
16.6667 2 3.25 1022.72 -35.9 47 0 3.05183 132.926
16.6875 2 3.2 1022.79 -35.8 47 0 6.0685 133.025
16.7083 2 3 1022.82 -35.75 48.5 0 23.9876 134.415
16.7292 2 2.8 1022.86 -35.7 50 0 41.9068 135.805
16.75 2 2.8 1022.92 -35.6 51.5 0 68.1134 136.714
16.7708 2 2.8 1022.99 -35.5 53 0 94.32 137.624
16.7917 2 2.75 1023.06 -35.15 54 0 135.197 136.753
16.8125 2 2.7 1023.13 -34.8 55 0 176.074 135.882
16.8333 2 2.6 1023.22 -34.3 55.5 0 217.824 135.736
16.8542 2 2.5 1023.32 -33.8 56 0 259.573 135.59
16.875 2 2.65 1023.37 -33.25 56.5 0 281.635 136.165
16.8958 2 2.8 1023.42 -32.7 57 0 303.698 136.741
16.9167 2 2.75 1023.43 -32.25 58 0 312.142 137.456
16.9375 2 2.7 1023.45 -31.8 59 0 320.586 138.171
16.9583 2 2.7 1023.42 -31.45 59 0 313.792 138.491
16.9792 2 2.7 1023.39 -31.1 59 0 306.998 138.811
17 2 3.1 1022.53 -30.9 59 0 284.268 138.438
17.0208 2 3.5 1021.67 -30.7 59 0 261.539 138.064
17.0417 2 3.6 1021.72 -30.7 59 0 229.492 138.249
17.0625 2 3.7 1021.77 -30.7 59 0 197.445 138.435
17.0833 2 3.6 1021.78 -30.8 58.5 0 160.986 138.374
17.1042 2 3.5 1021.78 -30.9 58 0 124.526 138.312
17.125 2 3.65 1021.77 -31.1 58 0 88.7904 137.861
17.1458 2 3.8 1021.76 -31.3 58 0 53.0548 137.41
17.1667 2 3.7 1021.83 -31.4 58.5 0 31.0262 136.797
17.1875 2 3.6 1021.89 -31.5 59 0 8.99767 136.183
17.2083 2 3.7 1021.88 -31.8 58.5 0 4.5725 136.18
17.2292 2 3.8 1021.86 -32.1 58 0 0.147333 136.176
17.25 2 3.75 1021.85 -32.3 58 0 0.0736665 135.47
17.2708 2 3.7 1021.85 -32.5 58 0 0 134.765
17.2917 2 3.65 1021.89 -32.75 57.5 0 0 134.818
17.3125 2 3.6 1021.93 -33 57 0 0 134.872
17.3333 2 3.75 1021.95 -33.5 55 0 0 133.391
17.3542 2 3.9 1021.97 -34 53 0 0 131.91
17.375 2 3.85 1021.93 -34.1 52.5 0 0 131.91
17.3958 2 3.8 1021.9 -34.2 52 0 0 131.91
17.4167 2 3.9 1021.89 -34.35 51.5 0 0 131.94
17.4375 2 4 1021.87 -34.5 51 0 0 131.97
17.4583 2 3.9 1021.91 -34.65 49 0 0 132.467
17.4792 2 3.8 1021.95 -34.8 47 0 0 132.964
17.5 2 3.85 1021.95 -34.95 47.5 0 0 132.16
17.5208 2 3.9 1021.95 -35.1 48 0 0 131.356
17.5417 2 3.85 1021.91 -35 48.5 0 0 131.577
17.5625 2 3.8 1021.86 -34.9 49 0 0 131.797
17.5833 2 3.75 1021.83 -35.1 49 0 0 131.541
17.6042 2 3.7 1021.81 -35.3 49 0 0 131.285
17.625 2 3.85 1021.81 -35.25 49 0 0.0345 132.195
17.6458 2 4 1021.81 -35.2 49 0 0.069 133.104
17.6667 2 4 1021.81 -35.15 49 0 3.338 135.286
17.6875 2 4 1021.81 -35.1 49 0 6.607 137.469
17.7083 2 3.9 1021.81 -34.9 51 0 26.9874 137.879
17.7292 2 3.8 1021.81 -34.7 53 0 47.3678 138.29
17.75 2 3.9 1021.83 -34.45 54.5 0 84.3004 138.907
17.7708 2 4 1021.85 -34.2 56 0 121.233 139.524
17.7917 2 3.9 1021.9 -33.75 57 0 149.57 138.764
17.8125 2 3.8 1021.95 -33.3 58 0 177.907 138.003
17.8333 2 3.8 1022.04 -32.85 59 0 191.964 138.539
17.8542 2 3.8 1022.12 -32.4 60 0 206.02 139.074
17.875 2 3.75 1022.11 -31.9 60.5 0 235.292 138.676
17.8958 2 3.7 1022.1 -31.4 61 0 264.564 138.278
17.9167 2 3.8 1022.11 -31.1 61.5 0 299.526 138.417
17.9375 2 3.9 1022.12 -30.8 62 0 334.487 138.555
17.9583 2 3.9 1022.07 -30.55 62 0 325.176 138.74
17.9792 2 3.9 1022.01 -30.3 62 0 315.865 138.924
18 2 4 1021.93 -30.2 61.5 0 295.121 138.844
18.0208 2 4.1 1021.84 -30.1 61 0 274.377 138.763
18.0417 2 4.05 1021.83 -30.15 61 0 241.178 138.512
18.0625 2 4 1021.81 -30.2 61 0 207.98 138.261
18.0833 2 4.3 1021.8 -30.4 60 0 167.995 137.73
18.1042 2 4.6 1021.79 -30.6 59 0 128.009 137.199
18.125 2 4.55 1021.82 -30.95 58.5 0 92.684 136.682
18.1458 2 4.5 1021.84 -31.3 58 0 57.359 136.164
18.1667 2 4.4 1021.81 -31.75 58 0 33.7188 135.544
18.1875 2 4.3 1021.78 -32.2 58 0 10.0785 134.923
18.2083 2 4.35 1021.84 -32.6 57.5 0 5.14508 135.133
18.2292 2 4.4 1021.9 -33 57 0 0.211667 135.342
18.25 2 4.4 1021.91 -33.2 56.5 0 0.105834 134.423
18.2708 2 4.4 1021.91 -33.4 56 0 0 133.504
18.2917 2 4.25 1021.85 -33.6 54.5 0 0 132.976
18.3125 2 4.1 1021.8 -33.8 53 0 0 132.448
18.3333 2 3.9 1021.8 -34 52 0 0 131.99
18.3542 2 3.7 1021.8 -34.2 51 0 0 131.531
18.375 2 3.85 1021.77 -34.5 50 0 0 129.725
18.3958 2 4 1021.74 -34.8 49 0 0 127.918
18.4167 2 4 1021.77 -34.95 49 0 0 128.042
18.4375 2 4 1021.8 -35.1 49 0 0 128.166
18.4583 2 3.95 1021.71 -35 48 0 0 128.762
18.4792 2 3.9 1021.62 -34.9 47 0 0 129.357
18.5 2 3.7 1021.55 -35.1 47 0 0 130.381
18.5208 2 3.5 1021.48 -35.3 47 0 0 131.405
18.5417 2 3.6 1021.48 -35.55 47 0 0 132.779
18.5625 2 3.7 1021.48 -35.8 47 0 0 134.153
18.5833 2 3.75 1021.45 -35.7 47 0 0 131.958
18.6042 2 3.8 1021.43 -35.6 47 0 0 129.763
18.625 2 3.7 1021.41 -35.65 47.5 0 0.061 128.9
18.6458 2 3.6 1021.39 -35.7 48 0 0.122 128.038
18.6667 2 3.7 1021.44 -35.85 47.5 0 4.165 128.979
18.6875 2 3.8 1021.49 -36 47 0 8.208 129.92
18.7083 2 3.7 1021.49 -35.9 47.5 0 19.1384 130.36
18.7292 2 3.6 1021.49 -35.8 48 0 30.0687 130.8
18.75 2 3.8 1021.48 -35.6 49 0 58.0927 131.311
18.7708 2 4 1021.47 -35.4 50 0 86.1166 131.823
18.7917 2 3.8 1021.53 -34.9 52.5 0 154.121 132.587
18.8125 2 3.6 1021.6 -34.4 55 0 222.125 133.35
18.8333 2 3.65 1021.67 -33.75 56 0 249.872 133.931
18.8542 2 3.7 1021.75 -33.1 57 0 277.618 134.512
18.875 2 3.65 1021.85 -32.6 57.5 0 298.227 134.819
18.8958 2 3.6 1021.96 -32.1 58 0 318.835 135.127
18.9167 2 3.55 1022.01 -31.75 58.5 0 326.829 135.263
18.9375 2 3.5 1022.05 -31.4 59 0 334.823 135.4
18.9583 2 3.5 1022.09 -31.15 59.5 0 328.538 135.587
18.9792 2 3.5 1022.14 -30.9 60 0 322.252 135.774
19 2 3.55 1022.11 -30.75 60 0 300.615 135.855
19.0208 2 3.6 1022.08 -30.6 60 0 278.978 135.937
19.0417 2 3.7 1022.14 -30.6 59.5 0 245.355 136.026
19.0625 2 3.8 1022.19 -30.6 59 0 211.732 136.115
19.0833 2 3.9 1022.29 -30.8 59 0 173.479 136.05
19.1042 2 4 1022.38 -31 59 0 135.225 135.985
19.125 2 4.05 1022.46 -31.35 58.5 0 97.9211 135.831
19.1458 2 4.1 1022.55 -31.7 58 0 60.6172 135.678
19.1667 2 4 1022.68 -31.9 57.5 0 36.2068 135.734
19.1875 2 3.9 1022.82 -32.1 57 0 11.7965 135.79
19.2083 2 4 1022.9 -32.45 55.5 0 6.07167 135.479
19.2292 2 4.1 1022.98 -32.8 54 0 0.346833 135.169
19.25 2 4.1 1023.08 -33 53 0 0.173416 134.902
19.2708 2 4.1 1023.18 -33.2 52 0 0 134.635
19.2917 2 4.1 1023.29 -33.4 51.5 0 0 134.581
19.3125 2 4.1 1023.41 -33.6 51 0 0 134.528
19.3333 2 3.95 1023.58 -33.75 51 0 0 133.88
19.3542 2 3.8 1023.76 -33.9 51 0 0 133.232
19.375 2 3.9 1023.91 -34.15 50.5 0 0 133.4
19.3958 2 4 1024.05 -34.4 50 0 0 133.569
19.4167 2 3.85 1024.15 -34.35 56.3334 0 0 133.697
19.4375 2 3.7 1024.24 -34.3 62.6667 0 0 133.825
19.4583 2 3.65 1024.31 -34.7 54.8334 0 0 133.454
19.4792 2 3.6 1024.38 -35.1 47 0 0 133.084
19.5 2 3.8 1024.53 -35.25 47 0 0 134.198
19.5208 2 4 1024.67 -35.4 47 0 0 135.311
19.5417 2 3.85 1024.72 -35.3 47.5 0 0 136.282
19.5625 2 3.7 1024.76 -35.2 48 0 0 137.253
19.5833 2 3.8 1024.91 -35.3 48 0 0 136.096
19.6042 2 3.9 1025.05 -35.4 48 0 0 134.938
19.625 2 3.6 1025.15 -35.4 48 0 0.154167 135.969
19.6458 2 3.3 1025.25 -35.4 48 0 0.308333 136.999
19.6667 2 3.4 1025.35 -35.55 48 0 4.99792 135.913
19.6875 2 3.5 1025.46 -35.7 48 0 9.6875 134.826
19.7083 2 3.5 1025.57 -35.75 48 0 29.6677 134.632
19.7292 2 3.5 1025.68 -35.8 48 0 49.6478 134.437
19.75 2 3.45 1025.81 -35.55 49.5 0 88.8529 134.896
19.7708 2 3.4 1025.93 -35.3 51 0 128.058 135.355
19.7917 2 3.4 1026.04 -35.05 53 0 164.805 135.808
19.8125 2 3.4 1026.14 -34.8 55 0 201.553 136.261
19.8333 2 3.55 1026.29 -34.15 55.5 0 237.854 136.577
19.8542 2 3.7 1026.43 -33.5 56 0 274.155 136.893
19.875 2 3.8 1026.53 -33.05 56.5 0 298.774 136.855
19.8958 2 3.9 1026.63 -32.6 57 0 323.393 136.817
19.9167 2 3.85 1026.69 -32.35 57 0 330.75 137.236
19.9375 2 3.8 1026.75 -32.1 57 0 338.108 137.655
19.9583 2 3.7 1026.76 -31.75 57.5 0 330.671 137.917
19.9792 2 3.6 1026.76 -31.4 58 0 323.233 138.178
20 2 3.8 1026.8 -31.25 58 0 302.925 137.647
20.0208 2 4 1026.85 -31.1 58 0 282.617 137.117
20.0417 2 4.05 1026.83 -31.1 58 0 250.036 136.801
20.0625 2 4.1 1026.81 -31.1 58 0 217.456 136.486
20.0833 2 4.05 1026.85 -31.3 58 0 178.992 136.396
20.1042 2 4 1026.9 -31.5 58 0 140.528 136.307
20.125 2 4 1026.92 -31.85 58 0 103.047 136.009
20.1458 2 4 1026.93 -32.2 58 0 65.5655 135.711
20.1667 2 4.25 1026.94 -32.6 56.5 0 39.8847 135.508
20.1875 2 4.5 1026.94 -33 55 0 14.2038 135.306
20.2083 2 4.5 1026.97 -33.35 53.5 0 7.36532 135.096
20.2292 2 4.5 1027 -33.7 52 0 0.526833 134.886
20.25 2 4.4 1027.03 -33.85 51.5 0 0.263416 134.9
20.2708 2 4.3 1027.05 -34 51 0 0 134.915
20.2917 2 4.25 1027.03 -34.2 50.5 0 0 134.855
20.3125 2 4.2 1027 -34.4 50 0 0 134.795
20.3333 2 4.25 1027.03 -34.6 49.5 0 0 134.729
20.3542 2 4.3 1027.06 -34.8 49 0 0 134.663
20.375 2 4.35 1027.05 -34.95 49 0 0 134.699
20.3958 2 4.4 1027.04 -35.1 49 0 0 134.736
20.4167 2 4.3 1026.97 -35.2 49 0 0 134.926
20.4375 2 4.2 1026.9 -35.3 49 0 0 135.115
20.4583 2 4.15 1026.81 -35.4 47.5 0 0 135.589
20.4792 2 4.1 1026.73 -35.5 46 0 0 136.063
20.5 2 4 1026.67 -35.55 46 0 0 135.818
20.5208 2 3.9 1026.61 -35.6 46 0 0 135.573
20.5417 2 4 1026.52 -35.75 46.5 0 0 135.547
20.5625 2 4.1 1026.42 -35.9 47 0 0 135.521
20.5833 2 4.05 1026.34 -35.95 47 0 0 135.793
20.6042 2 4 1026.26 -36 47 0 0 136.066
20.625 2 4.15 1026.23 -36.05 47 0 0.204666 135.703
20.6458 2 4.3 1026.21 -36.1 47 0 0.409333 135.341
20.6667 2 4.1 1026.11 -36.15 47 0 5.26657 135.324
20.6875 2 3.9 1026.02 -36.2 47 0 10.1238 135.307
20.7083 2 3.85 1025.94 -36.05 47 0 30.5144 136.217
20.7292 2 3.8 1025.86 -35.9 47 0 50.905 137.127
20.75 2 3.85 1025.78 -35.45 50 0 102.858 137
20.7708 2 3.9 1025.7 -35 53 0 154.812 136.873
20.7917 2 4 1025.82 -34.35 53.5 0 185.923 137.264
20.8125 2 4.1 1025.94 -33.7 54 0 217.035 137.655
20.8333 2 4.25 1025.91 -33.15 55 0 262.978 138.117
20.8542 2 4.4 1025.88 -32.6 56 0 308.92 138.579
20.875 2 4.5 1025.82 -32.05 57 0 322.393 138.83
20.8958 2 4.6 1025.76 -31.5 58 0 335.867 139.081
20.9167 2 4.7 1025.66 -31.2 58 0 340.583 139.084
20.9375 2 4.8 1025.55 -30.9 58 0 345.298 139.087
20.9583 2 4.85 1025.46 -30.7 58.5 0 338 139.723
20.9792 2 4.9 1025.37 -30.5 59 0 330.701 140.359
21 2 5.1 1025.26 -30.3 60 0 309.87 140.475
21.0208 2 5.3 1025.14 -30.1 61 0 289.038 140.592
21.0417 2 5.15 1025.04 -30 61 0 255.388 140.202
21.0625 2 5 1024.95 -29.9 61 0 221.739 139.812
21.0833 2 5.05 1024.84 -29.95 61 0 183.55 139.878
21.1042 2 5.1 1024.73 -30 61 0 145.361 139.944
21.125 2 4.95 1024.54 -30.25 61 0 107.51 139.956
21.1458 2 4.8 1024.36 -30.5 61 0 69.6593 139.968
21.1667 2 4.8 1024.27 -30.9 60.5 0 42.7773 139.774
21.1875 2 4.8 1024.19 -31.3 60 0 15.8953 139.58
21.2083 2 4.9 1024.12 -31.65 60 0 8.34323 139.465
21.2292 2 5 1024.05 -32 60 0 0.791167 139.351
21.25 2 5.1 1023.96 -32.15 60 0 0.395584 139.23
21.2708 2 5.2 1023.86 -32.3 60 0 0 139.11
21.2917 2 5.25 1023.76 -32.35 59.5 0 0 139.113
21.3125 2 5.3 1023.65 -32.4 59 0 0 139.117
21.3333 2 5.1 1023.62 -32.7 57.5 0 0 139.034
21.3542 2 4.9 1023.59 -33 56 0 0 138.951
21.375 2 4.8 1023.54 -33.15 55 0 0 138.756
21.3958 2 4.7 1023.49 -33.3 54 0 0 138.561
21.4167 2 4.45 1023.39 -33.7 53.5 0 0 138.288
21.4375 2 4.2 1023.28 -34.1 53 0 0 138.015
21.4583 2 4.4 1023.2 -34.15 51 0 0 137.893
21.4792 2 4.6 1023.12 -34.2 49 0 0 137.77
21.5 2 4.55 1023.08 -34.4 49 0 0 137.468
21.5208 2 4.5 1023.04 -34.6 49 0 0 137.166
21.5417 2 4.6 1022.93 -34.7 49 0 0 136.975
21.5625 2 4.7 1022.82 -34.8 49 0 0 136.785
21.5833 2 4.8 1022.71 -34.85 49.5 0 0 136.895
21.6042 2 4.9 1022.61 -34.9 50 0 0 137.005
21.625 2 4.95 1022.49 -34.85 50 0 0.314667 137.145
21.6458 2 5 1022.38 -34.8 50 0 0.629333 137.285
21.6667 2 5 1022.32 -34.75 50 0 6.47577 137.559
21.6875 2 5 1022.26 -34.7 50 0 12.3222 137.832
21.7083 2 4.75 1022.14 -34.6 51 0 49.6656 137.939
21.7292 2 4.5 1022.01 -34.5 52 0 87.0091 138.046
21.75 2 4.45 1022.02 -34.15 54 0 117.432 138.521
21.7708 2 4.4 1022.03 -33.8 56 0 147.854 138.995
21.7917 2 4.5 1021.97 -33.25 56.5 0 187.095 139.316
21.8125 2 4.6 1021.9 -32.7 57 0 226.335 139.637
21.8333 2 4.8 1021.81 -32.15 58 0 261.906 139.984
21.8542 2 5 1021.72 -31.6 59 0 297.476 140.332
21.875 2 5.15 1021.72 -31.15 59.5 0 318.587 140.894
21.8958 2 5.3 1021.73 -30.7 60 0 339.698 141.456
21.9167 2 5.35 1021.66 -30.4 60.5 0 345.857 142.55
21.9375 2 5.4 1021.58 -30.1 61 0 352.015 143.644
21.9583 2 5.4 1021.49 -29.75 61.5 0 344.966 144.022
21.9792 2 5.4 1021.41 -29.4 62 0 337.917 144.4
22 2 5.35 1021.24 -29.2 62 0 316.16 144.669
22.0208 2 5.3 1021.07 -29 62 0 294.404 144.939
22.0417 2 5.25 1020.96 -28.9 62.5 0 260.843 145.089
22.0625 2 5.2 1020.86 -28.8 63 0 227.282 145.239
22.0833 2 5.25 1020.84 -28.85 63 0 188.382 144.271
22.1042 2 5.3 1020.82 -28.9 63 0 149.482 143.304
22.125 2 5.2 1020.83 -29.25 62.5 0 111.792 142.712
22.1458 2 5.1 1020.83 -29.6 62 0 74.1015 142.119
22.1667 2 5.2 1020.87 -30.1 61.5 0 46.1516 141.701
22.1875 2 5.3 1020.91 -30.6 61 0 18.2018 141.283
22.2083 2 5.4 1020.91 -30.85 60.5 0 9.65582 140.918
22.2292 2 5.5 1020.91 -31.1 60 0 1.10983 140.553
22.25 2 5.55 1020.96 -31.25 60 0 0.554915 140.531
22.2708 2 5.6 1021.01 -31.4 60 0 0 140.51
22.2917 2 5.6 1021.05 -31.55 59.5 0 0 140.207
22.3125 2 5.6 1021.09 -31.7 59 0 0 139.904
22.3333 2 5.65 1021.12 -31.75 59 0 0 140.083
22.3542 2 5.7 1021.15 -31.8 59 0 0 140.263
22.375 2 5.4 1021.2 -32.05 58.5 0 0 140.356
22.3958 2 5.1 1021.25 -32.3 58 0 0 140.449
22.4167 2 5.2 1021.25 -32.5 57.5 0 0 140.354
22.4375 2 5.3 1021.25 -32.7 57 0 0 140.258
22.4583 2 5.5 1021.24 -32.75 54.5 0 0 139.615
22.4792 2 5.7 1021.24 -32.8 52 0 0 138.972
22.5 2 5.6 1021.24 -32.85 52.5 0 0 138.573
22.5208 2 5.5 1021.25 -32.9 53 0 0 138.173
22.5417 2 5.5 1021.25 -33.15 52 0 0 138.292
22.5625 2 5.5 1021.25 -33.4 51 0 0 138.41
22.5833 2 5.75 1021.26 -33.35 51 0 0 138.942
22.6042 2 6 1021.27 -33.3 51 0 0 139.474
22.625 2 5.95 1021.24 -33.2 51 0 0.418 141.052
22.6458 2 5.9 1021.22 -33.1 51 0 0.836 142.63
22.6667 2 6.25 1021.23 -33.1 51.5 0 10.2851 141.569
22.6875 2 6.6 1021.25 -33.1 52 0 19.7342 140.508
22.7083 2 6.7 1021.29 -32.85 54.5 0 42.9181 142.646
22.7292 2 6.8 1021.32 -32.6 57 0 66.102 144.783
22.75 2 7 1021.32 -32.15 58 0 115.973 145.331
22.7708 2 7.2 1021.32 -31.7 59 0 165.844 145.879
22.7917 2 7.4 1021.36 -31.15 59.5 0 200.52 146.974
22.8125 2 7.6 1021.4 -30.6 60 0 235.195 148.069
22.8333 2 7.5 1021.45 -30 60.5 0 275.284 146.248
22.8542 2 7.4 1021.49 -29.4 61 0 315.374 144.427
22.875 2 7.3 1021.54 -28.85 62 0 333.328 145.26
22.8958 2 7.2 1021.59 -28.3 63 0 351.282 146.094
22.9167 2 7.6 1021.57 -27.9 63.5 0 354.353 149.199
22.9375 2 8 1021.55 -27.5 64 0 357.423 152.305
22.9583 2 8.2 1021.54 -27.3 64 0 347.37 154.161
22.9792 2 8.4 1021.54 -27.1 64 0 337.318 156.017
23 2 8.8 1021.54 -27.05 64 0 320.607 154.984
23.0208 2 9.2 1021.53 -27 64 0 303.896 153.951
23.0417 2 9 1021.47 -26.8 64.5 0 272.436 152.801
23.0625 2 8.8 1021.4 -26.6 65 0 240.976 151.65
23.0833 2 8.95 1021.38 -26.35 65 0 201.542 152.095
23.1042 2 9.1 1021.35 -26.1 65 0 162.109 152.54
23.125 2 9 1021.33 -25.85 65.5 0 123.607 152.439
23.1458 2 8.9 1021.31 -25.6 66 0 85.105 152.337
23.1667 2 8.55 1021.36 -25.7 66 0 53.8974 151.987
23.1875 2 8.2 1021.41 -25.8 66 0 22.6898 151.637
23.2083 2 8.05 1021.38 -25.9 66 0 12.1847 151.876
23.2292 2 7.9 1021.35 -26 66 0 1.67967 152.116
23.25 2 7.8 1021.33 -26 66 0 0.839835 151.77
23.2708 2 7.7 1021.32 -26 66 0 0 151.423
23.2917 2 7.5 1021.3 -26.15 65.5 0 0 150.967
23.3125 2 7.3 1021.28 -26.3 65 0 0 150.512
23.3333 2 7.1 1021.32 -26.45 65 0 0 150.244
23.3542 2 6.9 1021.35 -26.6 65 0 0 149.976
23.375 2 7.35 1021.35 -26.35 65 0 0 150.229
23.3958 2 7.8 1021.35 -26.1 65 0 0 150.482
23.4167 2 7.85 1021.32 -26.1 65.5 0 0 150.448
23.4375 2 7.9 1021.28 -26.1 66 0 0 150.414
23.4583 2 7.9 1021.26 -26 65 0 0 150.27
23.4792 2 7.9 1021.24 -25.9 64 0 0 150.125
23.5 2 7.55 1021.16 -26.2 64 0 0 149.958
23.5208 2 7.2 1021.08 -26.5 64 0 0 149.791
23.5417 2 6.7 1021.05 -27 63.5 0 0 149.732
23.5625 2 6.2 1021.02 -27.5 63 0 0 149.672
23.5833 2 6.4 1021.02 -27.45 63 0 0 149.624
23.6042 2 6.6 1021.02 -27.4 63 0 0 149.576
23.625 2 6.6 1020.99 -27.35 63 0 0.740335 150.027
23.6458 2 6.6 1020.96 -27.3 63 0 1.48067 150.479
23.6667 2 6.55 1020.93 -27.35 63.5 0 14.0354 150.508
23.6875 2 6.5 1020.91 -27.4 64 0 26.5902 150.537
23.7083 2 6.35 1020.91 -27.2 64 0 65.7141 150.133
23.7292 2 6.2 1020.91 -27 64 0 104.838 149.728
23.75 2 6.05 1020.93 -26.45 65 0 149.469 150.596
23.7708 2 5.9 1020.96 -25.9 66 0 194.1 151.465
23.7917 2 5.5 1021.01 -25.75 66 0 234.073 151.044
23.8125 2 5.1 1021.05 -25.6 66 0 274.046 150.623
23.8333 2 5.2 1021.04 -25.4 66 0 308.081 150.558
23.8542 2 5.3 1021.03 -25.2 66 0 342.115 150.493
23.875 2 5.3 1020.98 -25.05 66 0 354.197 152.116
23.8958 2 5.3 1020.94 -24.9 66 0 366.278 153.738
23.9167 2 5.3 1020.98 -24.55 67 0 364.312 153.594
23.9375 2 5.3 1021.03 -24.2 68 0 362.346 153.45
23.9583 2 5.4 1020.98 -23.9 68.5 0 357.068 153.744
23.9792 2 5.5 1020.94 -23.6 69 0 351.79 154.038
24 2 5.55 1020.91 -23.25 69 0 331.789 154.432
24.0208 2 5.6 1020.87 -22.9 69 0 311.789 154.826
24.0417 2 6.05 1020.81 -22.95 69 0 271.019 160.776
24.0625 2 6.5 1020.75 -23 69 0 230.249 166.725
24.0833 2 6.5 1020.73 -23.35 69 0 195.223 162.691
24.1042 2 6.5 1020.72 -23.7 69 0 160.197 158.658
24.125 2 6.2 1020.72 -24.05 68.5 0 123.08 156.946
24.1458 2 5.9 1020.73 -24.4 68 0 85.9628 155.234
24.1667 2 6.05 1020.73 -24.7 67.5 0 55.9034 155.212
24.1875 2 6.2 1020.73 -25 67 0 25.844 155.19
24.2083 2 5.9 1020.78 -25.4 66 0 14.0334 153.568
24.2292 2 5.6 1020.83 -25.8 65 0 2.22283 151.945
24.25 2 5.95 1020.81 -26.15 64.5 0 1.11142 151.886
24.2708 2 6.3 1020.78 -26.5 64 0 0 151.827
24.2917 2 6.45 1020.77 -26.8 64 0 0 153.098
24.3125 2 6.6 1020.75 -27.1 64 0 0 154.368
24.3333 2 6.5 1020.79 -27.25 63.5 0 0 159.112
24.3542 2 6.4 1020.83 -27.4 63 0 0 163.857
24.375 2 6.15 1020.85 -27.65 63 0 0 162.193
24.3958 2 5.9 1020.88 -27.9 63 0 0 160.528
24.4167 2 5.85 1020.86 -27.9 63 0 0 163.568
24.4375 2 5.8 1020.85 -27.9 63 0 0 166.608
24.4583 2 5.6 1020.83 -28.05 61.5 0 0 162.223
24.4792 2 5.4 1020.82 -28.2 60 0 0 157.837
24.5 2 5.25 1020.8 -28.75 60.5 0 0 152.126
24.5208 2 5.1 1020.77 -29.3 61 0 0 146.415
24.5417 2 4.8 1020.73 -29.55 61 0 0 146.059
24.5625 2 4.5 1020.69 -29.8 61 0 0 145.702
24.5833 2 4.1 1020.71 -30.1 60.5 0 0 143.867
24.6042 2 3.7 1020.73 -30.4 60 0 0 142.031
24.625 2 3.6 1020.72 -30.35 60 0 1.01975 146.16
24.6458 2 3.5 1020.71 -30.3 60 0 2.0395 150.288
24.6667 2 3.7 1020.75 -30.4 60 0 15.0715 144.514
24.6875 2 3.9 1020.79 -30.5 60 0 28.1035 138.741
24.7083 2 4.15 1020.8 -30.4 60 0 63.9003 138.029
24.7292 2 4.4 1020.81 -30.3 60 0 99.6972 137.317
24.75 2 4.25 1020.86 -29.9 60.5 0 143.564 137.685
24.7708 2 4.1 1020.91 -29.5 61 0 187.431 138.052
24.7917 2 4.05 1020.97 -28.8 61.5 0 227.264 138.196
24.8125 2 4 1021.03 -28.1 62 0 267.096 138.34
24.8333 2 4.45 1021.06 -27.45 62.5 0 301.6 138.728
24.8542 2 4.9 1021.09 -26.8 63 0 336.104 139.115
24.875 2 4.95 1021.17 -26.25 64 0 356.494 139.517
24.8958 2 5 1021.25 -25.7 65 0 376.884 139.919
24.9167 2 4.8 1021.3 -25.2 66 0 382.25 140.385
24.9375 2 4.6 1021.34 -24.7 67 0 387.615 140.851
24.9583 2 4.3 1021.29 -24.45 67.5 0 379.271 141.048
24.9792 2 4 1021.24 -24.2 68 0 370.926 141.245
25 2 4.65 1021.25 -23.95 67.5 0 342.843 141.871
25.0208 2 5.3 1021.26 -23.7 67 0 314.76 142.498
25.0417 2 5.25 1021.29 -23.8 66.5 0 286.247 142.025
25.0625 2 5.2 1021.31 -23.9 66 0 257.734 141.552
25.0833 2 5 1021.34 -24.3 65.5 0 216.595 141.163
25.1042 2 4.8 1021.37 -24.7 65 0 175.455 140.775
25.125 2 4.85 1021.41 -25.3 65 0 136.173 140.286
25.1458 2 4.9 1021.44 -25.9 65 0 96.8912 139.798
25.1667 2 5.15 1021.49 -26.35 65.5 0 63.2412 139.601
25.1875 2 5.4 1021.55 -26.8 66 0 29.5912 139.404
25.2083 2 5.3 1021.64 -27.2 65.5 0 16.2997 139.461
25.2292 2 5.2 1021.73 -27.6 65 0 3.00817 139.518
25.25 2 5.15 1021.79 -27.95 65 0 1.50408 140.729
25.2708 2 5.1 1021.84 -28.3 65 0 0 141.941
25.2917 2 4.7 1021.86 -28.75 64 0 0 139.862
25.3125 2 4.3 1021.89 -29.2 63 0 0 137.784
25.3333 2 4.15 1022.01 -29.15 63 0 0 137.505
25.3542 2 4 1022.12 -29.1 63 0 0 137.225
25.375 2 4.15 1022.16 -29.45 62.5 0 0 136.947
25.3958 2 4.3 1022.19 -29.8 62 0 0 136.668
25.4167 2 4.45 1022.15 -30.15 60.5 0 0 136.617
25.4375 2 4.6 1022.11 -30.5 59 0 0 136.566
25.4583 2 4.65 1022.14 -30.55 58.5 0 0 136.24
25.4792 2 4.7 1022.17 -30.6 58 0 0 135.913
25.5 2 4.4 1022.2 -30.95 58.5 0 0 136.631
25.5208 2 4.1 1022.23 -31.3 59 0 0 137.349
25.5417 2 4.15 1022.2 -31.15 59.5 0 0 137.832
25.5625 2 4.2 1022.18 -31 60 0 0 138.315
25.5833 2 4 1022.17 -30.95 60.5 0 0 138.139
25.6042 2 3.8 1022.15 -30.9 61 0 0 137.963
25.625 2 3.85 1022.15 -30.9 61.5 0 1.31625 137.577
25.6458 2 3.9 1022.15 -30.9 62 0 2.6325 137.19
25.6667 2 4.3 1022.17 -30.45 64 0 18.8193 137.241
25.6875 2 4.7 1022.18 -30 66 0 35.0062 137.291
25.7083 2 4.35 1022.13 -29.7 66 0 70.2506 137.204
25.7292 2 4 1022.08 -29.4 66 0 105.495 137.117
25.75 2 3.9 1022.07 -29.55 64.5 0 151.687 137.092
25.7708 2 3.8 1022.05 -29.7 63 0 197.879 137.068
25.7917 2 3.85 1022.06 -29.3 63 0 239.096 137.374
25.8125 2 3.9 1022.07 -28.9 63 0 280.312 137.681
25.8333 2 3.75 1022.04 -28.45 63 0 317.942 137.914
25.8542 2 3.6 1022.01 -28 63 0 355.572 138.147
25.875 2 3.9 1021.93 -27.45 63.5 0 374.8 138.41
25.8958 2 4.2 1021.86 -26.9 64 0 394.028 138.674
25.9167 2 4.35 1021.76 -26.6 64.5 0 398.283 139.235
25.9375 2 4.5 1021.65 -26.3 65 0 402.537 139.796
25.9583 2 4.55 1021.58 -26.1 65.5 0 393.783 139.433
25.9792 2 4.6 1021.5 -25.9 66 0 385.028 139.07
26 2 4.85 1021.32 -25.6 66 0 364.479 139.29
26.0208 2 5.1 1021.14 -25.3 66 0 343.929 139.51
26.0417 2 4.95 1021.05 -25.35 66 0 309.417 139.519
26.0625 2 4.8 1020.95 -25.4 66 0 274.905 139.528
26.0833 2 5 1020.9 -25.55 65.5 0 232.964 139.505
26.1042 2 5.2 1020.85 -25.7 65 0 191.023 139.481
26.125 2 5.4 1020.8 -26.05 64.5 0 149.222 139.164
26.1458 2 5.6 1020.76 -26.4 64 0 107.421 138.847
26.1667 2 5.5 1020.68 -26.85 63.5 0 68.9039 138.425
26.1875 2 5.4 1020.59 -27.3 63 0 30.3868 138.003
26.2083 2 5.2 1020.57 -27.85 62.5 0 17.0539 137.565
26.2292 2 5 1020.54 -28.4 62 0 3.721 137.126
26.25 2 5.35 1020.48 -28.55 61.5 0 1.8605 136.75
26.2708 2 5.7 1020.42 -28.7 61 0 0 136.373
26.2917 2 5.6 1020.38 -29.05 61 0 0 136.151
26.3125 2 5.5 1020.33 -29.4 61 0 0 135.929
26.3333 2 5.35 1020.29 -29.7 61 0 0 135.376
26.3542 2 5.2 1020.25 -30 61 0 0 134.824
26.375 2 4.7 1020.18 -30.95 59.5 0 0 133.958
26.3958 2 4.2 1020.11 -31.9 58 0 0 133.093
26.4167 2 4.25 1020.49 -31.75 57 0 0 133.09
26.4375 2 4.3 1020.87 -31.6 56 0 0 133.087
26.4583 2 4.35 1020.73 -31.85 54.5 0 0 133.12
26.4792 2 4.4 1020.6 -32.1 53 0 0 133.152
26.5 2 4.3 1020.47 -32.2 54 0 0 133.156
26.5208 2 4.2 1020.34 -32.3 55 0 0 133.16
26.5417 2 4.1 1020.21 -32.2 56 0 0 133.448
26.5625 2 4 1020.07 -32.1 57 0 0 133.736
26.5833 2 4.1 1019.96 -32.4 56.5 0 0 133.82
26.6042 2 4.2 1019.86 -32.7 56 0 0 133.905
26.625 2 3.65 1019.73 -32.85 56 0 1.86159 134.291
26.6458 2 3.1 1019.61 -33 56 0 3.72317 134.677
26.6667 2 2.75 1019.43 -32.75 58 0 23.6851 134.838
26.6875 2 2.4 1019.26 -32.5 60 0 43.647 134.999
26.7083 2 2.8 1019.08 -32.65 60.5 0 78.381 135.104
26.7292 2 3.2 1018.89 -32.8 61 0 113.115 135.209
26.75 2 3.6 1018.73 -32.45 62 0 156.888 134.921
26.7708 2 4 1018.58 -32.1 63 0 200.661 134.632
26.7917 2 3.65 1018.47 -31.6 63.5 0 241.929 134.801
26.8125 2 3.3 1018.37 -31.1 64 0 283.197 134.971
26.8333 2 3.1 1018.36 -30.85 63.5 0 318.561 134.938
26.8542 2 2.9 1018.36 -30.6 63 0 353.925 134.904
26.875 2 3 1018.26 -30.05 63 0 374.133 135.36
26.8958 2 3.1 1018.15 -29.5 63 0 394.342 135.816
26.9167 2 2.7 1017.87 -29.15 63.5 0 400.557 136.146
26.9375 2 2.3 1017.59 -28.8 64 0 406.773 136.477
26.9583 2 2.3 1017.35 -28.5 64.5 0 397.469 136.646
26.9792 2 2.3 1017.11 -28.2 65 0 388.165 136.816
27 2 2.4 1016.8 -27.8 64.5 0 361.003 144.529
27.0208 2 2.5 1016.5 -27.4 64 0 333.841 152.242
27.0417 2 2.8 1016.3 -27 65.5 0 297.709 153.177
27.0625 2 3.1 1016.1 -26.6 67 0 261.577 154.112
27.0833 2 2.9 1016.04 -26.55 67 0 228.971 148.763
27.1042 2 2.7 1015.99 -26.5 67 0 196.365 143.414
27.125 2 2.7 1015.83 -26.95 65.5 0 150.308 141.836
27.1458 2 2.7 1015.68 -27.4 64 0 104.251 140.258
27.1667 2 3.35 1015.46 -27.75 64 0 72.1429 139.4
27.1875 2 4 1015.25 -28.1 64 0 40.0348 138.542
27.2083 2 3.85 1015.06 -28.2 64 0 22.2908 138.329
27.2292 2 3.7 1014.87 -28.3 64 0 4.54683 138.115
27.25 2 4.15 1014.7 -28.6 63.5 0 2.27633 138.326
27.2708 2 4.6 1014.54 -28.9 63 0 0.00583333 138.537
27.2917 2 4.5 1014.53 -29.1 63 0 0.00291667 138.271
27.3125 2 4.4 1014.51 -29.3 63 0 0 138.005
27.3333 2 4.2 1014.37 -29.15 63.5 0 0 137.779
27.3542 2 4 1014.23 -29 64 0 0 137.553
27.375 2 3.65 1014.15 -29.5 63.5 0 0 137.25
27.3958 2 3.3 1014.06 -30 63 0 0 136.947
27.4167 2 2.7 1013.88 -30.1 62.5 0 0 137.014
27.4375 2 2.1 1013.7 -30.2 62 0 0 137.08
27.4583 2 1.9 1013.49 -30 62 0 0 138.579
27.4792 2 1.7 1013.28 -29.8 62 0 0 140.079
27.5 2 1.6 1013.1 -30.05 62 0 0 145.139
27.5208 2 1.5 1012.93 -30.3 62 0 0 150.2
27.5417 2 1.4 1012.7 -30.6 62 0 0 152.671
27.5625 2 1.3 1012.46 -30.9 62 0 0 155.142
27.5833 2 1.15 1012.38 -31 62 0 0.00158333 153.935
27.6042 2 1 1012.29 -31.1 62 0 0.00316667 152.728
27.625 2 0.6 1012.18 -30.65 63 0 2.222 149.297
27.6458 2 0.2 1012.08 -30.2 64 0 4.44083 145.866
27.6667 2 0.1 1011.93 -30.35 64 0 21.6003 146.689
27.6875 2 0 1011.78 -30.5 64 0 38.7597 147.512
27.7083 2 0.5 1011.68 -30.2 65.5 0 74.8409 146.573
27.7292 2 1 1011.57 -29.9 67 0 110.922 145.634
27.75 2 1.3 1011.37 -29.95 68 0 156.429 144.824
27.7708 2 1.6 1011.17 -30 69 0 201.936 144.015
27.7917 2 1.35 1011.11 -29.55 70.5 0 242.176 144.308
27.8125 2 1.1 1011.06 -29.1 72 0 282.416 144.601
27.8333 2 1.3 1011 -29.7 69 0 314.343 144.882
27.8542 2 1.5 1010.94 -30.3 66 0 346.27 145.163
27.875 2 1.15 1010.8 -29.7 68.5 0 379.875 145.387
27.8958 2 0.8 1010.67 -29.1 71 0 413.481 145.612
27.9167 2 0.6 1010.59 -28.55 72.5 0 421.849 145.111
27.9375 2 0.4 1010.51 -28 74 0 430.216 144.611
27.9583 2 0.8 1010.41 -27.8 72.5 0 419.305 144.535
27.9792 2 1.2 1010.31 -27.6 71 0 408.394 144.46
28 2 1.35 1010.11 -27.4 69.5 0 385.112 145.229
28.0208 2 1.5 1009.91 -27.2 68 0 361.83 145.999
28.0417 2 1.2 1009.85 -26.25 68 0 322.243 147.503
28.0625 2 0.9 1009.8 -25.3 68 0 282.657 149.007
28.0833 2 1.65 1009.75 -26.7 65 0 234.082 151.18
28.1042 2 2.4 1009.7 -28.1 62 0 185.507 153.353
28.125 2 2.85 1009.68 -28.7 60.5 0 151.66 149.247
28.1458 2 3.3 1009.66 -29.3 59 0 117.813 145.141
28.1667 2 3.05 1009.54 -29.05 59.5 0 78.1423 149.965
28.1875 2 2.8 1009.43 -28.8 60 0 38.4715 154.79
28.2083 2 2.4 1009.31 -28.45 60.5 0 22.4638 152.043
28.2292 2 2 1009.19 -28.1 61 0 6.45617 149.297
28.25 2 1.95 1009.09 -27.9 61.5 0 3.2615 148.968
28.2708 2 1.9 1008.99 -27.7 62 0 0.0668333 148.639
28.2917 2 2.3 1008.85 -27.05 63 0 0.0334167 148.708
28.3125 2 2.7 1008.72 -26.4 64 0 0 148.776
28.3333 2 2.85 1008.71 -29.15 59.5 0 0 149.091
28.3542 2 3 1008.71 -31.9 55 0 0 149.406
28.375 2 3.25 1008.63 -31.85 55.5 0 0 148.75
28.3958 2 3.5 1008.55 -31.8 56 0 0 148.094
28.4167 2 3.3 1008.48 -31.55 56.7222 0 0 152.271
28.4375 2 3.1 1008.42 -31.3 57.4444 0 0 156.447
28.4583 2 2.95 1008.27 -30.55 58.2222 0 0 155.637
28.4792 2 2.8 1008.11 -29.8 59 0 0 154.827
28.5 2 2.65 1008.03 -30.4 58.5 0 0 152.577
28.5208 2 2.5 1007.94 -31 58 0 0 150.327
28.5417 2 2.4 1007.88 -30.9 58 0 0 152.48
28.5625 2 2.3 1007.81 -30.8 58 0 0 154.633
28.5833 2 2.25 1007.78 -30.9 57.5 0 0.0554165 153.534
28.6042 2 2.2 1007.74 -31 57 0 0.110833 152.434
28.625 2 1.95 1007.7 -30.65 58 0 3.7495 158.165
28.6458 2 1.7 1007.67 -30.3 59 0 7.38817 163.895
28.6667 2 1.45 1007.66 -30.3 58.5 0 24.7389 160.177
28.6875 2 1.2 1007.66 -30.3 58 0 42.0897 156.459
28.7083 2 1.7 1007.56 -28.8 61 0 83.8943 153.436
28.7292 2 2.2 1007.46 -27.3 64 0 125.699 150.413
28.75 2 2.7 1007.39 -27.55 64 0 170.645 150.978
28.7708 2 3.2 1007.32 -27.8 64 0 215.591 151.542
28.7917 2 2.95 1007.36 -26.8 66 0 254.561 151.23
28.8125 2 2.7 1007.41 -25.8 68 0 293.531 150.919
28.8333 2 2.45 1007.53 -25.15 69.5 0 329.739 151.358
28.8542 2 2.2 1007.65 -24.5 71 0 365.946 151.797
28.875 2 2 1007.63 -24.1 70 0 386.796 151.955
28.8958 2 1.8 1007.6 -23.7 69 0 407.645 152.113
28.9167 2 1.7 1007.67 -23.15 69 0 412.712 152.417
28.9375 2 1.6 1007.74 -22.6 69 0 417.78 152.721
28.9583 2 1.8 1007.76 -22.45 69.5 0 411.076 153.111
28.9792 2 2 1007.78 -22.3 70 0 404.372 153.502
29 2 2.05 1007.83 -22.2 70 0 380.544 154.554
29.0208 2 2.1 1007.87 -22.1 70 0 356.715 155.606
29.0417 2 2.2 1007.92 -22.25 69.5 0 324.922 155.224
29.0625 2 2.3 1007.97 -22.4 69 0 293.128 154.841
29.0833 2 2.3 1008.03 -22.6 69 0 250.803 155.159
29.1042 2 2.3 1008.09 -22.8 69 0 208.479 155.476
29.125 2 2.85 1008.15 -23.3 68 0 164.911 155.534
29.1458 2 3.4 1008.2 -23.8 67 0 121.343 155.591
29.1667 2 2.45 1008.36 -24.2 66.5 0 83.0187 155.092
29.1875 2 1.5 1008.53 -24.6 66 0 44.6943 154.594
29.2083 2 2.1 1008.6 -25.25 65 0 25.5083 154.182
29.2292 2 2.7 1008.68 -25.9 64 0 6.32233 153.771
29.25 2 3.25 1008.83 -26.3 63.5 0 3.22291 153.574
29.2708 2 3.8 1008.98 -26.7 63 0 0.1235 153.378
29.2917 2 3.6 1009.1 -26.9 63.5 0 0.06175 153.256
29.3125 2 3.4 1009.22 -27.1 64 0 0 153.134
29.3333 2 3.85 1009.36 -27.25 63.5 0 0 153.353
29.3542 2 4.3 1009.51 -27.4 63 0 0 153.571
29.375 2 4.1 1009.63 -27.35 63 0 0 153.501
29.3958 2 3.9 1009.74 -27.3 63 0 0 153.431
29.4167 2 4.05 1009.84 -27.2 61.8334 0 0 153.482
29.4375 2 4.2 1009.94 -27.1 60.6667 0 0 153.533
29.4583 2 4.45 1010.03 -27.05 61.8334 0 0 153.215
29.4792 2 4.7 1010.12 -27 63 0 0 152.897
29.5 2 4.75 1010.2 -27.25 63.5 0 0 153.499
29.5208 2 4.8 1010.29 -27.5 64 0 0 154.1
29.5417 2 4.5 1010.42 -27.45 64 0 0 156.654
29.5625 2 4.2 1010.56 -27.4 64 0 0 159.207
29.5833 2 3.95 1010.67 -26.9 64.5 0 0.08475 159.901
29.6042 2 3.7 1010.78 -26.4 65 0 0.1695 160.596
29.625 2 3.9 1010.96 -26.4 65.5 0 3.39316 154.842
29.6458 2 4.1 1011.13 -26.4 66 0 6.61683 149.088
29.6667 2 4.3 1011.3 -27 66 0 20.9369 149.449
29.6875 2 4.5 1011.47 -27.6 66 0 35.257 149.81
29.7083 2 4.3 1011.63 -27.85 66 0 62.4334 152.672
29.7292 2 4.1 1011.79 -28.1 66 0 89.6098 155.533
29.75 2 4.05 1011.95 -27.35 67.5 0 127.294 157.218
29.7708 2 4 1012.12 -26.6 69 0 164.979 158.903
29.7917 2 3.9 1012.29 -26.6 69.5 0 227.881 150.438
29.8125 2 3.8 1012.46 -26.6 70 0 290.782 141.972
29.8333 2 3.75 1012.63 -26.2 70 0 344.13 141.838
29.8542 2 3.7 1012.79 -25.8 70 0 397.479 141.704
29.875 2 3.55 1012.94 -25.65 70 0 420.612 141.388
29.8958 2 3.4 1013.1 -25.5 70 0 443.745 141.072
29.9167 2 3.75 1013.34 -25.3 69.5 0 449.989 141.201
29.9375 2 4.1 1013.59 -25.1 69 0 456.233 141.33
29.9583 2 4.15 1013.83 -25 68.5 0 443.848 141.623
29.9792 2 4.2 1014.06 -24.9 68 0 431.463 141.916
30 2 4.2 1014.31 -24.9 67 0 408.686 142.007
30.0208 2 4.2 1014.56 -24.9 66 0 385.909 142.097
30.0417 2 4.4 1014.77 -24.95 65.5 0 346.767 142.131
30.0625 2 4.6 1014.98 -25 65 0 307.625 142.165
30.0833 2 4.6 1015.2 -25.25 65 0 264.482 141.836
30.1042 2 4.6 1015.43 -25.5 65 0 221.34 141.507
30.125 2 4.45 1015.65 -26.05 63.5 0 176.921 140.877
30.1458 2 4.3 1015.86 -26.6 62 0 132.501 140.247
30.1667 2 4.25 1016.13 -27.2 61 0 91.1989 139.806
30.1875 2 4.2 1016.4 -27.8 60 0 49.8967 139.366
30.2083 2 4.3 1016.68 -28.25 59.5 0 28.8493 143.285
30.2292 2 4.4 1016.95 -28.7 59 0 7.80183 147.205
30.25 2 4.55 1017.23 -28.9 58.5 0 3.96808 145.749
30.2708 2 4.7 1017.51 -29.1 58 0 0.134333 144.292
30.2917 2 4.7 1017.73 -29.55 57.5 0 0.0671665 141.066
30.3125 2 4.7 1017.96 -30 57 0 0 137.84
30.3333 2 4.55 1018.26 -30.2 57 0 0 137.446
30.3542 2 4.4 1018.56 -30.4 57 0 0 137.052
30.375 2 4.35 1018.8 -30.5 56.5 0 0 136.902
30.3958 2 4.3 1019.03 -30.6 56 0 0 136.752
30.4167 2 4.4 1019.19 -30.8 55.9445 0 0 136.363
30.4375 2 4.5 1019.35 -31 55.8889 0 0 135.975
30.4583 2 4.45 1019.51 -31.15 54.9445 0 0 135.759
30.4792 2 4.4 1019.67 -31.3 54 0 0 135.542
30.5 2 4.25 1019.88 -31.2 54 0 0 135.496
30.5208 2 4.1 1020.08 -31.1 54 0 0 135.45
30.5417 2 4.15 1020.24 -31.15 54.5 0 0 134.874
30.5625 2 4.2 1020.4 -31.2 55 0 0 134.299
30.5833 2 4.2 1020.51 -31.3 55 0 0.09725 134.033
30.6042 2 4.2 1020.61 -31.4 55 0 0.1945 133.766
30.625 2 4.1 1020.74 -31.35 55.5 0 5.1325 133.762
30.6458 2 4 1020.87 -31.3 56 0 10.0705 133.758
30.6667 2 3.75 1021.11 -31.15 56.5 0 37.0696 133.982
30.6875 2 3.5 1021.35 -31 57 0 64.0687 134.206
30.7083 2 3.3 1021.48 -30.75 58.5 0 101.159 134.259
30.7292 2 3.1 1021.62 -30.5 60 0 138.25 134.312
30.75 2 3 1021.76 -30.4 61 0 204.674 134.971
30.7708 2 2.9 1021.89 -30.3 62 0 271.098 135.63
30.7917 2 2.9 1021.98 -29.8 62.5 0 311.693 135.923
30.8125 2 2.9 1022.08 -29.3 63 0 352.289 136.215
30.8333 2 2.75 1022.27 -28.7 63.5 0 388.556 136.407
30.8542 2 2.6 1022.46 -28.1 64 0 424.823 136.599
30.875 2 3 1022.66 -27.5 64 0 444.916 136.893
30.8958 2 3.4 1022.85 -26.9 64 0 465.009 137.186
30.9167 2 3.6 1023 -26.55 64.5 0 470.029 137.577
30.9375 2 3.8 1023.15 -26.2 65 0 475.048 137.969
30.9583 2 3.9 1023.34 -26 65 0 464.763 138.641
30.9792 2 4 1023.52 -25.8 65 0 454.478 139.314
