0 2 4.45 1013.66 -33 64.5 0 0 159.585
0.0208333 2 4.3 1013.72 -32.6 65 0 0 175.236
0.0416667 2 4.35 1013.94 -33 64.5 0 0 159.803
0.0625 2 4.4 1014.17 -33.4 64 0 0 144.371
0.0833333 2 4 1014.26 -33.7 63.5 0 0 141.431
0.104167 2 3.6 1014.35 -34 63 0 0 138.49
0.125 2 3.5 1014.53 -33.75 63.5 0 0 138.342
0.145833 2 3.4 1014.72 -33.5 64 0 0 138.194
0.166667 2 3 1015.05 -33.75 64 0 0 139.142
0.1875 2 2.6 1015.39 -34 64 0 0 140.09
0.208333 2 3 1015.62 -33.85 63.5 0 0 141.52
0.229167 2 3.4 1015.85 -33.7 63 0 0 142.95
0.25 2 3.35 1016.04 -33.75 63 0 0 142.654
0.270833 2 3.3 1016.24 -33.8 63 0 0 142.359
0.291667 2 3.2 1016.38 -33.5 63.5 0 0 144.998
0.3125 2 3.1 1016.52 -33.2 64 0 0 147.637
0.333333 2 3.6 1016.68 -33.2 64.5 0 0 147.168
0.354167 2 4.1 1016.85 -33.2 65 0 0 146.7
0.375 2 4.4 1016.96 -33.15 64.5 0 0 149.047
0.395833 2 4.7 1017.08 -33.1 64 0 0 151.393
0.416667 2 4.7 1017.11 -33 64 0 0 155.366
0.4375 2 4.7 1017.15 -32.9 64 0 0 159.339
0.458333 2 4.5 1017.29 -32.65 64.5 0 0 164.592
0.479167 2 4.3 1017.42 -32.4 65 0 0 169.845
0.5 2 3.6 1017.53 -32 65.5 0 0 173.844
0.520833 2 2.9 1017.63 -31.6 66 0 0 177.843
0.541667 2 3.05 1017.61 -31.45 66.5 0 0 168.18
0.5625 2 3.2 1017.59 -31.3 67 0 0 158.517
0.583333 2 3.1 1017.54 -30.6 67.5 0 0 154.414
0.604167 2 3 1017.48 -29.9 68 0 0 150.311
0.625 2 3.95 1017.41 -28.85 69.5 0 0 147.961
0.645833 2 4.9 1017.33 -27.8 71 0 0 145.611
0.666667 2 4.2 1017.33 -28.1 71 0 0 154.074
0.6875 2 3.5 1017.32 -28.4 71 0 0 162.537
0.708333 2 3.1 1017.32 -28.75 70.5 0 0 161.048
0.729167 2 2.7 1017.32 -29.1 70 0 0 159.559
0.75 2 2.65 1017.36 -29.4 69.5 0 0 169.84
0.770833 2 2.6 1017.41 -29.7 69 0 0 180.122
0.791667 2 2.25 1017.38 -29.95 69 0 0 163.039
0.8125 2 1.9 1017.35 -30.2 69 0 0 145.956
0.833333 2 2.35 1017.27 -31.1 67.5 0 0 142.189
0.854167 2 2.8 1017.18 -32 66 0 0 138.423
0.875 2 2.3 1017.07 -32.55 65.5 0 0 139.603
0.895833 2 1.8 1016.96 -33.1 65 0 0 140.783
0.916667 2 1.6 1016.68 -32.85 65.5 0 0 142.245
0.9375 2 1.4 1016.4 -32.6 66 0 0 143.708
0.958333 2 1.8 1016.15 -33.1 65 0 0 143.453
0.979167 2 2.2 1015.9 -33.6 64 0 0 143.198
1 2 1.8 1015.6 -33.25 64.5 0 0 151.441
1.02083 2 1.4 1015.3 -32.9 65 0 0 159.684
1.04167 2 2.15 1015.03 -32.4 65.5 0 0 166.497
1.0625 2 2.9 1014.75 -31.9 66 0 0 173.311
1.08333 2 2.8 1014.42 -32.05 65.5 0 0 169.472
1.10417 2 2.7 1014.09 -32.2 65 0 0 165.633
1.125 2 2.05 1013.82 -32.2 65 0 0 164.033
1.14583 2 1.4 1013.55 -32.2 65 0 0 162.432
1.16667 2 1.65 1013.39 -32 65.5 0 0 154.027
1.1875 2 1.9 1013.23 -31.8 66 0 0 145.623
1.20833 2 2.3 1012.99 -31.65 66.5 0 0 142.388
1.22917 2 2.7 1012.76 -31.5 67 0 0 139.153
1.25 2 2.6 1012.61 -31.6 67 0 0 140.935
1.27083 2 2.5 1012.46 -31.7 67 0 0 142.716
1.29167 2 2.5 1012.19 -31.4 67 0 0 140.693
1.3125 2 2.5 1011.92 -31.1 67 0 0 138.669
1.33333 2 2.9 1011.54 -30.7 67.5 0 0 139.496
1.35417 2 3.3 1011.17 -30.3 68 0 0 140.323
1.375 2 3.75 1010.99 -30.05 69.5 0 0 139.121
1.39583 2 4.2 1010.81 -29.8 71 0 0 137.919
1.41667 2 3.7 1010.59 -29.8 71 0 0 137.138
1.4375 2 3.2 1010.38 -29.8 71 0 0 136.356
1.45833 2 3.6 1009.95 -29.9 70.5 0 0 136.285
1.47917 2 4 1009.52 -30 70 0 0 136.213
1.5 2 4.2 1009.28 -29.75 70.5 0 0 136.448
1.52083 2 4.4 1009.04 -29.5 71 0 0 136.682
1.54167 2 4.75 1008.94 -29.7 70.5 0 0 135.692
1.5625 2 5.1 1008.84 -29.9 70 0 0 134.702
1.58333 2 4.55 1008.59 -29.35 70.5 0 0 137.591
1.60417 2 4 1008.33 -28.8 71 0 0 140.48
1.625 2 4.1 1008.12 -28.45 71.5 0 0 148.678
1.64583 2 4.2 1007.91 -28.1 72 0 0 156.877
1.66667 2 4.7 1007.65 -27.2 72.5 0 0 178.689
1.6875 2 5.2 1007.39 -26.3 73 0 0 200.501
1.70833 2 5.7 1007.39 -26.25 72.5 0 0 204.036
1.72917 2 6.2 1007.39 -26.2 72 0 0 207.571
1.75 2 6.25 1007.45 -26.2 72 0 0 209.641
1.77083 2 6.3 1007.51 -26.2 72 0 0 211.711
1.79167 2 6.25 1007.61 -26 72 0 0 210.956
1.8125 2 6.2 1007.71 -25.8 72 0 0 210.2
1.83333 2 6.15 1007.7 -25.35 73 0 0 213.353
1.85417 2 6.1 1007.68 -24.9 74 0 0 216.505
1.875 2 6.2 1007.72 -24.45 74.5 0 0 216.757
1.89583 2 6.3 1007.76 -24 75 0 0 217.008
1.91667 2 6.1 1007.89 -23.85 75 0 0 206.566
1.9375 2 5.9 1008.02 -23.7 75 0 0 196.125
1.95833 2 5.7 1008.24 -23.95 75.5 0 0 189.384
1.97917 2 5.5 1008.46 -24.2 76 0 0 182.643
2 2 5.2 1008.58 -24.75 75.5 0 0 172.954
2.02083 2 4.9 1008.7 -25.3 75 0 0 163.265
2.04167 2 5 1008.76 -25.5 74.5 0 0 167.01
2.0625 2 5.1 1008.81 -25.7 74 0 0 170.756
2.08333 2 5.15 1009.01 -25.55 74 0 0 178.116
2.10417 2 5.2 1009.21 -25.4 74 0 0 185.475
2.125 2 5.25 1009.52 -25.45 74 0 0 183.479
2.14583 2 5.3 1009.83 -25.5 74 0 0 181.484
2.16667 2 4.95 1010.09 -25.4 73.5 0 0 181.801
2.1875 2 4.6 1010.35 -25.3 73 0 0 182.119
2.20833 2 4.95 1010.52 -25.25 73 0 0 181.176
2.22917 2 5.3 1010.69 -25.2 73 0 0 180.233
2.25 2 5.45 1010.84 -25.25 73 0 0 177.771
2.27083 2 5.6 1010.99 -25.3 73 0 0 175.308
2.29167 2 5.85 1011.2 -25.4 73 0 0 173.517
2.3125 2 6.1 1011.4 -25.5 73 0 0 171.725
2.33333 2 6.3 1011.61 -25.7 73 0 0 166.059
2.35417 2 6.5 1011.82 -25.9 73 0 0 160.393
2.375 2 5.75 1012.14 -26.05 72.5 0 0 163.384
2.39583 2 5 1012.46 -26.2 72 0 0 166.375
2.41667 2 5.05 1012.6 -26 72 0 0 171.821
2.4375 2 5.1 1012.74 -25.8 72 0 0 177.267
2.45833 2 5.35 1012.9 -25.6 72.5 0 0 176.15
2.47917 2 5.6 1013.05 -25.4 73 0 0 175.034
2.5 2 5.3 1013.11 -25.55 73 0 0 167.423
2.52083 2 5 1013.17 -25.7 73 0 0 159.811
2.54167 2 4.4 1013.23 -26.05 73 0 0 158.37
2.5625 2 3.8 1013.3 -26.4 73 0 0 156.93
2.58333 2 3.8 1013.43 -26.25 73 0 0 162.464
2.60417 2 3.8 1013.57 -26.1 73 0 0 167.998
2.625 2 4.2 1013.45 -26.1 73 0 0 169.243
2.64583 2 4.6 1013.32 -26.1 73 0 0 170.488
2.66667 2 4.45 1013.36 -26.25 72.5 0 0 168.742
2.6875 2 4.3 1013.4 -26.4 72 0 0 166.997
2.70833 2 4.35 1013.49 -26.65 72 0 0 164.148
2.72917 2 4.4 1013.58 -26.9 72 0 0 161.3
2.75 2 4.7 1013.7 -26.85 72 0 0 169.927
2.77083 2 5 1013.81 -26.8 72 0 0 178.555
2.79167 2 4.8 1013.9 -26.9 71.5 0 0 175.77
2.8125 2 4.6 1013.99 -27 71 0 0 172.985
2.83333 2 4.6 1014.01 -27.3 71 0 0 169.921
2.85417 2 4.6 1014.03 -27.6 71 0 0 166.857
2.875 2 4.5 1013.99 -27.55 70.5 0 0 173.164
2.89583 2 4.4 1013.95 -27.5 70 0 0 179.471
2.91667 2 4.3 1013.9 -27.35 70 0 0 185.452
2.9375 2 4.2 1013.84 -27.2 70 0 0 191.434
2.95833 2 4.55 1013.66 -26.7 70.5 0 0 204.42
2.97917 2 4.9 1013.47 -26.2 71 0 0 217.406
3 2 4.8 1013.33 -25.95 71 0 0 212.993
3.02083 2 4.7 1013.19 -25.7 71 0 0 208.581
3.04167 2 5 1013.24 -25.8 71.5 0 0 201.787
3.0625 2 5.3 1013.29 -25.9 72 0 0 194.993
3.08333 2 5 1013.16 -25.75 72 0 0 194.576
3.10417 2 4.7 1013.03 -25.6 72 0 0 194.159
3.125 2 4.7 1012.84 -25.65 72.5 0 0 182.356
3.14583 2 4.7 1012.66 -25.7 73 0 0 170.553
3.16667 2 5.1 1012.47 -25.45 73.5 0 0 170.18
3.1875 2 5.5 1012.29 -25.2 74 0 0 169.806
3.20833 2 5.6 1012.07 -25 74 0 0 182.061
3.22917 2 5.7 1011.86 -24.8 74 0 0 194.317
3.25 2 6.05 1011.73 -24.45 74.5 0 0 203.826
3.27083 2 6.4 1011.6 -24.1 75 0 0 213.334
3.29167 2 6.2 1011.46 -23.8 75 0 0 213.329
3.3125 2 6 1011.32 -23.5 75 0 0 213.324
3.33333 2 5.8 1011.23 -23.4 75 0 0 208.516
3.35417 2 5.6 1011.14 -23.3 75 0 0 203.707
3.375 2 5.55 1011.01 -23.25 75.5 0 0 204.703
3.39583 2 5.5 1010.88 -23.2 76 0 0 205.7
3.41667 2 5.6 1010.63 -23.15 76 0 0 207.156
3.4375 2 5.7 1010.38 -23.1 76 0 0 208.612
3.45833 2 5.7 1010.13 -22.85 76.5 0 0 209.702
3.47917 2 5.7 1009.87 -22.6 77 0 0 210.793
3.5 2 5.9 1009.6 -22.35 77 0 0 211.452
3.52083 2 6.1 1009.34 -22.1 77 0 0 212.111
3.54167 2 6.35 1009.09 -21.85 77.5 0 0 214.036
3.5625 2 6.6 1008.85 -21.6 78 0 0 215.961
3.58333 2 6.75 1008.67 -21.45 78 0 0 213.093
3.60417 2 6.9 1008.49 -21.3 78 0 0 210.225
3.625 2 6.75 1008.39 -21.65 78 0 0 195.262
3.64583 2 6.6 1008.28 -22 78 0 0 180.298
3.66667 2 6.25 1008.22 -22.4 77.5 0 0 175.363
3.6875 2 5.9 1008.15 -22.8 77 0 0 170.427
3.70833 2 6.3 1008.07 -23.05 77 0 0 165.825
3.72917 2 6.7 1007.99 -23.3 77 0 0 161.223
3.75 2 7.15 1008.13 -23.85 76.5 0 0 155.661
3.77083 2 7.6 1008.27 -24.4 76 0 0 150.099
3.79167 2 8.4 1008.74 -25.8 73 0 0 149.019
3.8125 2 9.2 1009.21 -27.2 70 0 0 147.939
3.83333 2 8.75 1009.54 -27.8 69.5 0 0 144.646
3.85417 2 8.3 1009.86 -28.4 69 0 0 141.352
3.875 2 7.9 1010.12 -28.6 69 0 0 139.575
3.89583 2 7.5 1010.38 -28.8 69 0 0 137.798
3.91667 2 7.05 1010.37 -28.8 68.5 0 0 137.254
3.9375 2 6.6 1010.36 -28.8 68 0 0 136.709
3.95833 2 6.5 1010.14 -28.5 68.5 0 0 139.743
3.97917 2 6.4 1009.91 -28.2 69 0 0 142.777
4 2 7.6 1009.65 -27 70.5 0 0 154.072
4.02083 2 8.8 1009.38 -25.8 72 0 0 165.368
4.04167 2 9 1009.17 -25.25 72.5 0 0 179.029
4.0625 2 9.2 1008.96 -24.7 73 0 0 192.691
4.08333 2 9.65 1008.82 -24.25 74 0 0 197.003
4.10417 2 10.1 1008.68 -23.8 75 0 0 201.314
4.125 2 9.9 1008.48 -23.6 75.5 0 0 202.548
4.14583 2 9.7 1008.28 -23.4 76 0 0 203.782
4.16667 2 9.95 1008.03 -23.3 76 0 0 206.97
4.1875 2 10.2 1007.78 -23.2 76 0 0 210.158
4.20833 2 10.7 1007.56 -23.1 76.5 0 0 213.055
4.22917 2 11.2 1007.33 -23 77 0 0 215.951
4.25 2 11 1007.13 -22.85 77 0 0 215.992
4.27083 2 10.8 1006.93 -22.7 77 0 0 216.033
4.29167 2 11.35 1006.71 -22.45 77 0 0 216.161
4.3125 2 11.9 1006.49 -22.2 77 0 0 216.29
4.33333 2 12.15 1006.27 -21.95 77.5 0 0 217.392
4.35417 2 12.4 1006.04 -21.7 78 0 0 218.495
4.375 2 12.55 1005.85 -21.6 78 0 0 219.059
4.39583 2 12.7 1005.66 -21.5 78 0 0 219.622
4.41667 2 12.3 1005.42 -21.45 78 0 0 218.865
4.4375 2 11.9 1005.19 -21.4 78 0 0 218.108
4.45833 2 12.05 1004.95 -21.25 78 0 0 219.292
4.47917 2 12.2 1004.72 -21.1 78 0 0 220.475
4.5 2 12.2 1004.48 -20.95 77.5 0 0 219.566
4.52083 2 12.2 1004.25 -20.8 77 0 0 218.658
4.54167 2 12.35 1004.03 -20.8 77.5 0 0 214.574
4.5625 2 12.5 1003.81 -20.8 78 0 0 210.491
4.58333 2 12.5 1003.66 -20.75 77.5 0 0 220.139
4.60417 2 12.5 1003.51 -20.7 77 0 0 229.787
4.625 2 12 1003.52 -20.7 78 0 0 228.436
4.64583 2 11.5 1003.53 -20.7 79 0 0 227.086
4.66667 2 10.7 1003.3 -20.6 79 0 0 226.51
4.6875 2 9.9 1003.06 -20.5 79 0 0 225.935
4.70833 2 10.15 1002.94 -20.45 79 0 0 225.781
4.72917 2 10.4 1002.82 -20.4 79 0 0 225.626
4.75 2 9.95 1002.8 -20.35 79 0 0 225.617
4.77083 2 9.5 1002.79 -20.3 79 0 0 225.609
4.79167 2 9.3 1002.84 -20.2 79 0 0 224.4
4.8125 2 9.1 1002.89 -20.1 79 0 0 223.19
4.83333 2 8.4 1002.93 -20 79 0 0 224.489
4.85417 2 7.7 1002.97 -19.9 79 0 0 225.788
4.875 2 7.3 1003.09 -19.75 79 0 0 222.135
4.89583 2 6.9 1003.21 -19.6 79 0 0 218.483
4.91667 2 6.65 1003.32 -19.8 78.5 0 -0.108833 202.587
4.9375 2 6.4 1003.42 -20 78 0 -0.217667 186.691
4.95833 2 5.45 1003.6 -21.3 77 0 -0.108833 181.314
4.97917 2 4.5 1003.78 -22.6 76 0 0 175.938
5 2 4.7 1003.94 -24.2 72.5 0 0 173.278
5.02083 2 4.9 1004.09 -25.8 69 0 0 170.618
5.04167 2 4.45 1004.28 -26.3 68 0 0 170.647
5.0625 2 4 1004.46 -26.8 67 0 0 170.676
5.08333 2 4.25 1004.57 -26.8 67 0 0 170.913
5.10417 2 4.5 1004.67 -26.8 67 0 0 171.149
5.125 2 4.35 1004.58 -27 68 0 0 160.815
5.14583 2 4.2 1004.5 -27.2 69 0 0 150.481
5.16667 2 3.85 1004.54 -27.5 69.5 0 0 146.098
5.1875 2 3.5 1004.58 -27.8 70 0 0 141.715
5.20833 2 3.55 1004.51 -28 70 0 0 142.969
5.22917 2 3.6 1004.43 -28.2 70 0 0 144.223
5.25 2 3.65 1004.43 -28.35 70 0 0 144.053
5.27083 2 3.7 1004.44 -28.5 70 0 0 143.884
5.29167 2 3.75 1004.34 -28.5 70 0 0 143.405
5.3125 2 3.8 1004.25 -28.5 70 0 0 142.926
5.33333 2 3.4 1004.4 -28.35 70.5 0 0 143.104
5.35417 2 3 1004.55 -28.2 71 0 0 143.281
5.375 2 3 1004.67 -28.3 71 0 0 145.206
5.39583 2 3 1004.78 -28.4 71 0 0 147.131
5.41667 2 2.2 1004.72 -27.9 71.5 0 0 150.674
5.4375 2 1.4 1004.65 -27.4 72 0 0 154.217
5.45833 2 1.1 1004.47 -27.3 72 0 0 161.395
5.47917 2 0.8 1004.3 -27.2 72 0 0 168.572
5.5 2 0.45 1004.05 -27.25 72.5 0 0 170.911
5.52083 2 0.1 1003.8 -27.3 73 0 0 173.251
5.54167 2 0.5 1003.59 -27.55 72.5 0 0 175.503
5.5625 2 0.9 1003.38 -27.8 72 0 0 177.755
5.58333 2 1.35 1003.18 -27.1 71 0 0 188.163
5.60417 2 1.8 1002.98 -26.4 70 0 0 198.571
5.625 2 2.15 1002.89 -26.55 70.5 0 0 208.581
5.64583 2 2.5 1002.79 -26.7 71 0 0 218.591
5.66667 2 2.05 1002.72 -26.3 71.5 0 0 213.849
5.6875 2 1.6 1002.66 -25.9 72 0 0 209.106
5.70833 2 1.2 1002.53 -25.25 73 0 0 196.033
5.72917 2 0.8 1002.4 -24.6 74 0 0 182.959
5.75 2 0.8 1001.97 -24.8 74.5 0 0 186.705
5.77083 2 0.8 1001.54 -25 75 0 0 190.451
5.79167 2 1.5 1001.33 -25.65 73 0 0 202.65
5.8125 2 2.2 1001.12 -26.3 71 0 0 214.848
5.83333 2 1.95 1001.17 -26.05 70.5 0 0 208.168
5.85417 2 1.7 1001.23 -25.8 70 0 0 201.488
5.875 2 2.5 1001.05 -26.5 70 0 0.0225 180.79
5.89583 2 3.3 1000.88 -27.2 70 0 0.045 160.093
5.91667 2 3.2 1000.85 -27.5 69.5 0 0.236584 168.769
5.9375 2 3.1 1000.82 -27.8 69 0 0.428167 177.445
5.95833 2 2.7 1000.8 -28.15 69 0 0.213417 177.11
5.97917 2 2.3 1000.77 -28.5 69 0 -0.00133333 176.775
6 2 2.6 1000.42 -28.85 68.5 0 -0.000666665 170.891
6.02083 2 2.9 1000.06 -29.2 68 0 0 165.008
6.04167 2 2.45 999.985 -29.9 68 0 0 155.313
6.0625 2 2 999.91 -30.6 68 0 0 145.617
6.08333 2 2.75 999.93 -31.2 67.5 0 0 145.594
6.10417 2 3.5 999.95 -31.8 67 0 0 145.57
6.125 2 3.4 999.935 -31.55 68 0 0 150.337
6.14583 2 3.3 999.92 -31.3 69 0 0 155.105
6.16667 2 3.4 999.76 -30.85 68.5 0 0 162.41
6.1875 2 3.5 999.6 -30.4 68 0 0 169.716
6.20833 2 3.05 999.495 -29.8 69 0 0 179.296
6.22917 2 2.6 999.39 -29.2 70 0 0 188.875
6.25 2 2.4 999.255 -29.05 69.5 0 0 193.228
6.27083 2 2.2 999.12 -28.9 69 0 0 197.581
6.29167 2 2.1 999.185 -28.4 69 0 0 204.902
6.3125 2 2 999.25 -27.9 69 0 0 212.224
6.33333 2 2.2 999.19 -27.4 70 0 0 216.355
6.35417 2 2.4 999.13 -26.9 71 0 0 220.486
6.375 2 2.45 999.055 -26.25 71.5 0 0 221.064
6.39583 2 2.5 998.98 -25.6 72 0 0 221.641
6.41667 2 2.4 998.885 -25.2 73 0 0 221.725
6.4375 2 2.3 998.79 -24.8 74 0 0 221.81
6.45833 2 2.2 998.645 -24.4 74.5 0 0 222.482
6.47917 2 2.1 998.5 -24 75 0 0 223.153
6.5 2 2 998.33 -23.55 76 0 0 223.563
6.52083 2 1.9 998.16 -23.1 77 0 0 223.973
6.54167 2 1.7 997.78 -22.9 77.5 0 0 224.285
6.5625 2 1.5 997.4 -22.7 78 0 0 224.597
6.58333 2 1.4 997.195 -22.55 78.5 0 0 223.404
6.60417 2 1.3 996.99 -22.4 79 0 0 222.211
6.625 2 1.35 996.765 -22.25 79 0 0 222.021
6.64583 2 1.4 996.54 -22.1 79 0 0 221.831
6.66667 2 1.35 996.255 -21.65 79.5 0 0 222.375
6.6875 2 1.3 995.97 -21.2 80 0 0 222.919
6.70833 2 1.8 995.71 -20.65 80 0 0 223.392
6.72917 2 2.3 995.45 -20.1 80 0 0 223.865
6.75 2 3.1 995.25 -19.95 79 0 0 219.026
6.77083 2 3.9 995.05 -19.8 78 0 0 214.187
6.79167 2 4.4 994.92 -20.15 77.5 0 0 209.507
6.8125 2 4.9 994.79 -20.5 77 0 0 204.826
6.83333 2 4.75 994.54 -20.9 77 0 0 198.247
6.85417 2 4.6 994.29 -21.3 77 0 0 191.668
6.875 2 4.65 993.97 -21.35 77.5 0 0.0430834 190.115
6.89583 2 4.7 993.65 -21.4 78 0 0.0861667 188.562
6.91667 2 4.7 993.38 -21.6 77.5 0 0.130917 190.067
6.9375 2 4.7 993.11 -21.8 77 0 0.175667 191.572
6.95833 2 4.6 992.915 -21.55 76 0 0.122084 199.716
6.97917 2 4.5 992.72 -21.3 75 0 0.0685 207.861
7 2 4.5 992.355 -21.5 76 0 0.03425 195.326
7.02083 2 4.5 991.99 -21.7 77 0 0 182.791
7.04167 2 4.35 991.745 -22.15 77 0 0 169.135
7.0625 2 4.2 991.5 -22.6 77 0 0 155.479
7.08333 2 4.2 991.325 -22.85 78 0 0 152.667
7.10417 2 4.2 991.15 -23.1 79 0 0 149.854
7.125 2 4.3 990.95 -23.35 78.5 0 0 153.634
7.14583 2 4.4 990.75 -23.6 78 0 0 157.415
7.16667 2 4.65 990.42 -23.1 79 0 0 163.537
7.1875 2 4.9 990.09 -22.6 80 0 0 169.659
7.20833 2 4.9 989.975 -22.2 80 0 0 173.663
7.22917 2 4.9 989.86 -21.8 80 0 0 177.668
7.25 2 5 989.755 -21.8 80 0 0 173.612
7.27083 2 5.1 989.65 -21.8 80 0 0 169.556
7.29167 2 5 989.465 -21.75 80 0 0 172.009
7.3125 2 4.9 989.28 -21.7 80 0 0 174.463
7.33333 2 4.85 989.155 -21.9 79.5 0 0 169.018
7.35417 2 4.8 989.03 -22.1 79 0 0 163.573
7.375 2 5 988.93 -21.85 80 0 0 161.047
7.39583 2 5.2 988.83 -21.6 81 0 0 158.52
7.41667 2 5.25 988.825 -21.4 80.5 0 0 173.116
7.4375 2 5.3 988.82 -21.2 80 0 0 187.712
7.45833 2 4.95 988.72 -21.05 80 0 0 181.289
7.47917 2 4.6 988.62 -20.9 80 0 0 174.866
7.5 2 5.2 988.58 -20.15 80.5 0 0 195.079
7.52083 2 5.8 988.54 -19.4 81 0 0 215.293
7.54167 2 5.8 988.48 -19.25 80.5 0 0 214.568
7.5625 2 5.8 988.42 -19.1 80 0 0 213.842
7.58333 2 5.55 988.45 -19.3 80 0 0 198.607
7.60417 2 5.3 988.48 -19.5 80 0 0 183.371
7.625 2 5.55 988.505 -19.35 80 0 0 185.162
7.64583 2 5.8 988.53 -19.2 80 0 0 186.953
7.66667 2 5.3 988.59 -19.15 80.5 0 0 188.693
7.6875 2 4.8 988.65 -19.1 81 0 0 190.433
7.70833 2 4.95 988.755 -18.85 81 0 0 201.518
7.72917 2 5.1 988.86 -18.6 81 0 0 212.604
7.75 2 5.25 989.005 -18.35 81 0 0 213.504
7.77083 2 5.4 989.15 -18.1 81 0 0 214.403
7.79167 2 5.5 989.39 -18 81 0 0 215.224
7.8125 2 5.6 989.63 -17.9 81 0 0 216.044
7.83333 2 6.1 989.895 -18.2 81 0 0 216.816
7.85417 2 6.6 990.16 -18.5 81 0 0 217.589
7.875 2 7 990.45 -18.6 81 0 0.00458334 217.724
7.89583 2 7.4 990.74 -18.7 81 0 0.00916667 217.858
7.91667 2 7.95 991.025 -18.95 80.5 0 0.0346667 214.743
7.9375 2 8.5 991.31 -19.2 80 0 0.0601667 211.629
7.95833 2 8.6 991.495 -19.75 79.5 0 0.0606667 201.658
7.97917 2 8.7 991.68 -20.3 79 0 0.0611667 191.686
8 2 8.8 991.765 -20.7 79 0 0.0305833 182.702
8.02083 2 8.9 991.85 -21.1 79 0 0 173.718
8.04167 2 9 992.01 -21.05 79 0 0 181.578
8.0625 2 9.1 992.17 -21 79 0 0 189.438
8.08333 2 8.95 992.42 -21 79 0 0 190.023
8.10417 2 8.8 992.67 -21 79 0 0 190.609
8.125 2 9 992.96 -21 79 0 0 199.896
8.14583 2 9.2 993.25 -21 79 0 0 209.183
8.16667 2 9.35 993.42 -21.05 78.5 0 0 203.186
8.1875 2 9.5 993.59 -21.1 78 0 0 197.19
8.20833 2 9.6 993.77 -21.35 78 0 0 197.055
8.22917 2 9.7 993.95 -21.6 78 0 0 196.919
8.25 2 9.7 994.245 -21.7 78 0 0 200.703
8.27083 2 9.7 994.54 -21.8 78 0 0 204.487
8.29167 2 9.8 994.83 -21.9 78 0 0 210.038
8.3125 2 9.9 995.12 -22 78 0 0 215.588
8.33333 2 9.95 995.45 -22.25 78.5 0 0 208.363
8.35417 2 10 995.78 -22.5 79 0 0 201.139
8.375 2 10.05 996.19 -22.8 77 0 0 194.077
8.39583 2 10.1 996.6 -23.1 75 0 0 187.015
8.41667 2 10 996.97 -23.25 74.5 0 0 182.235
8.4375 2 9.9 997.34 -23.4 74 0 0 177.455
8.45833 2 10.15 997.63 -23.4 74 0 0 189.087
8.47917 2 10.4 997.92 -23.4 74 0 0 200.72
8.5 2 10.25 998.19 -23.65 73.5 0 0 189.367
8.52083 2 10.1 998.46 -23.9 73 0 0 178.014
8.54167 2 10.15 998.67 -24.2 72.5 0 0 173.103
8.5625 2 10.2 998.88 -24.5 72 0 0 168.192
8.58333 2 10.25 999.175 -24.65 72 0 0 171.182
8.60417 2 10.3 999.47 -24.8 72 0 0 174.171
8.625 2 10.15 999.88 -24.65 72 0 0 180.057
8.64583 2 10 1000.29 -24.5 72 0 0 185.942
8.66667 2 9.65 1000.67 -24.7 71.5 0 0 176.674
8.6875 2 9.3 1001.05 -24.9 71 0 0 167.406
8.70833 2 8.85 1001.42 -25.25 71 0 0 164.342
8.72917 2 8.4 1001.78 -25.6 71 0 0 161.278
8.75 2 8.4 1002.13 -25.85 70.5 0 0 153.012
8.77083 2 8.4 1002.47 -26.1 70 0 0 144.747
8.79167 2 7.7 1002.83 -25.95 70.5 0 0 148.888
8.8125 2 7 1003.19 -25.8 71 0 0 153.029
8.83333 2 7.45 1003.58 -25.8 71 0 0 155.368
8.85417 2 7.9 1003.96 -25.8 71 0 0 157.707
8.875 2 8.25 1004.33 -25.45 71 0 0.0300834 161.862
8.89583 2 8.6 1004.69 -25.1 71 0 0.0601667 166.016
8.91667 2 8.5 1005.04 -25.15 70.5 0 0.543668 174.054
8.9375 2 8.4 1005.38 -25.2 70 0 1.02717 182.092
8.95833 2 8.05 1005.82 -25.75 70 0 0.728751 179.466
8.97917 2 7.7 1006.26 -26.3 70 0 0.430333 176.841
9 2 7.5 1006.49 -26.95 70 0 0.215166 165.471
9.02083 2 7.3 1006.73 -27.6 70 0 0 154.101
9.04167 2 6.65 1006.86 -27.8 70 0 0 150.118
9.0625 2 6 1006.99 -28 70 0 0 146.135
9.08333 2 5.9 1007.25 -28.25 69.5 0 0 142.531
9.10417 2 5.8 1007.51 -28.5 69 0 0 138.928
9.125 2 5.75 1007.69 -29.4 68 0 0 139.058
9.14583 2 5.7 1007.87 -30.3 67 0 0 139.188
9.16667 2 5.35 1007.97 -31.15 66.5 0 0 138.038
9.1875 2 5 1008.07 -32 66 0 0 136.888
9.20833 2 4.65 1008.18 -32.45 65.5 0 0 135.053
9.22917 2 4.3 1008.3 -32.9 65 0 0 133.218
9.25 2 4.1 1008.42 -33.25 64.5 0 0 132.595
9.27083 2 3.9 1008.54 -33.6 64 0 0 131.972
9.29167 2 4.25 1008.69 -33.8 64 0 0 131.624
9.3125 2 4.6 1008.84 -34 64 0 0 131.276
9.33333 2 4.55 1008.98 -34.15 64 0 0 131.31
9.35417 2 4.5 1009.12 -34.3 64 0 0 131.344
9.375 2 4.45 1009.36 -34.3 64 0 0 131.075
9.39583 2 4.4 1009.61 -34.3 64 0 0 130.806
9.41667 2 4 1009.72 -34.65 63.5 0 0 130.242
9.4375 2 3.6 1009.83 -35 63 0 0 129.678
9.45833 2 3.65 1009.8 -35.05 63 0 0 130.005
9.47917 2 3.7 1009.76 -35.1 63 0 0 130.332
9.5 2 3.65 1009.59 -35 63 0 0 130.589
9.52083 2 3.6 1009.43 -34.9 63 0 0 130.846
9.54167 2 3.25 1009.32 -35.45 62.5 0 0 130.129
9.5625 2 2.9 1009.22 -36 62 0 0 129.412
9.58333 2 3.1 1009.21 -36.15 61.5 0 0 129.112
9.60417 2 3.3 1009.2 -36.3 61 0 0 128.812
9.625 2 3.35 1009.24 -36.15 61 0 0 128.901
9.64583 2 3.4 1009.29 -36 61 0 0 128.991
9.66667 2 3.65 1009.29 -35.75 61 0 0 129.069
9.6875 2 3.9 1009.29 -35.5 61 0 0 129.148
9.70833 2 3.7 1009.13 -35.95 61 0 0 128.683
9.72917 2 3.5 1008.96 -36.4 61 0 0 128.218
9.75 2 3.6 1008.88 -36.4 61 0 0 128.449
9.77083 2 3.7 1008.79 -36.4 61 0 0 128.681
9.79167 2 3.75 1008.75 -36.1 61.5 0 0 129.051
9.8125 2 3.8 1008.71 -35.8 62 0 0 129.421
9.83333 2 3.7 1008.71 -35.95 62 0 0 129.51
9.85417 2 3.6 1008.71 -36.1 62 0 0 129.6
9.875 2 3.9 1008.65 -35.8 63 0 0.20725 130.172
9.89583 2 4.2 1008.59 -35.5 64 0 0.4145 130.743
9.91667 2 4.05 1008.47 -34.95 64.5 0 0.482666 130.992
9.9375 2 3.9 1008.34 -34.4 65 0 0.550833 131.242
9.95833 2 3.05 1008.21 -34.95 64 0 0.189 130.538
9.97917 2 2.2 1008.08 -35.5 63 0 -0.172833 129.833
10 2 1.5 1007.95 -35.85 63 0 -0.0864165 129.668
10.0208 2 0.8 1007.82 -36.2 63 0 0 129.504
10.0417 2 1.8 1007.75 -36.85 67 0 0 128.801
10.0625 2 2.8 1007.68 -37.5 71 0 0 128.099
10.0833 2 2.5 1007.47 -36.8 71.5 0 0 128.733
10.1042 2 2.2 1007.27 -36.1 72 0 0 129.367
10.125 2 2.05 1007.15 -35.75 72.5 0 0 129.182
10.1458 2 1.9 1007.03 -35.4 73 0 0 128.997
10.1667 2 2.05 1007.01 -35.25 72.5 0 0 128.786
10.1875 2 2.2 1006.99 -35.1 72 0 0 128.576
10.2083 2 2.2 1006.91 -35.05 71.5 0 0 128.344
10.2292 2 2.2 1006.82 -35 71 0 0 128.111
10.25 2 2.1 1006.78 -35.2 71.5 0 0 127.243
10.2708 2 2 1006.74 -35.4 72 0 0 126.376
10.2917 2 2.05 1006.75 -35.4 73.5 0 0 126.262
10.3125 2 2.1 1006.76 -35.4 75 0 0 126.148
10.3333 2 1.9 1006.88 -35.2 76 0 0 126.592
10.3542 2 1.7 1007 -35 77 0 0 127.035
10.375 2 1.65 1007.11 -34.8 76.5 0 0 128.493
10.3958 2 1.6 1007.23 -34.6 76 0 0 129.951
10.4167 2 1.2 1007.22 -34.15 77.5 0 0 136.19
10.4375 2 0.8 1007.21 -33.7 79 0 0 142.43
10.4583 2 0.6 1007.22 -32.9 80 0 0 151.107
10.4792 2 0.4 1007.24 -32.1 81 0 0 159.784
10.5 2 0.85 1007.1 -31.45 81 0 0 167.436
10.5208 2 1.3 1006.97 -30.8 81 0 0 175.087
10.5417 2 1.8 1006.74 -30.25 80.5 0 0 176.84
10.5625 2 2.3 1006.51 -29.7 80 0 0 178.594
10.5833 2 2.9 1006.35 -29.15 80 0 0 166.921
10.6042 2 3.5 1006.19 -28.6 80 0 0 155.247
10.625 2 3.55 1006.13 -28.85 79.5 0 0 166.594
10.6458 2 3.6 1006.07 -29.1 79 0 0 177.94
10.6667 2 3.3 1006.2 -28.7 79 0 0 184.077
10.6875 2 3 1006.32 -28.3 79 0 0 190.214
10.7083 2 3.4 1006.18 -27.7 79 0 0 193.916
10.7292 2 3.8 1006.04 -27.1 79 0 0 197.618
10.75 2 4.25 1005.97 -26.65 79 0 0 199.184
10.7708 2 4.7 1005.91 -26.2 79 0 0 200.75
10.7917 2 4.9 1006.21 -25.95 79 0 0 204.906
10.8125 2 5.1 1006.52 -25.7 79 0 0 209.062
10.8333 2 5.05 1006.69 -25.55 79 0 0 209.736
10.8542 2 5 1006.86 -25.4 79 0 0 210.41
10.875 2 4.65 1007.16 -25.25 79.5 0 0.106834 210.307
10.8958 2 4.3 1007.46 -25.1 80 0 0.213667 210.204
10.9167 2 4.05 1007.74 -25.05 80 0 0.32425 209.499
10.9375 2 3.8 1008.03 -25 80 0 0.434833 208.793
10.9583 2 3.25 1008.35 -24.95 80 0 0.57025 208.753
10.9792 2 2.7 1008.68 -24.9 80 0 0.705667 208.712
11 2 2.8 1008.95 -24.9 80 0 0.352834 207.316
11.0208 2 2.9 1009.23 -24.9 80 0 0 205.92
11.0417 2 2.75 1009.44 -25 80 0 0 201.699
11.0625 2 2.6 1009.66 -25.1 80 0 0 197.479
11.0833 2 2.9 1010.03 -25.25 79.5 0 0 192.836
11.1042 2 3.2 1010.39 -25.4 79 0 0 188.193
11.125 2 3.25 1010.74 -25.65 78.5 0 0 178.901
11.1458 2 3.3 1011.1 -25.9 78 0 0 169.61
11.1667 2 2.95 1011.45 -26.05 78 0 0 164.298
11.1875 2 2.6 1011.81 -26.2 78 0 0 158.985
11.2083 2 2.45 1012.08 -26.25 78.5 0 0 152.004
11.2292 2 2.3 1012.35 -26.3 79 0 0 145.023
11.25 2 2.75 1012.63 -27.5 78 0 0 141.484
11.2708 2 3.2 1012.91 -28.7 77 0 0 137.946
11.2917 2 3.5 1013.18 -29.8 76 0 0 136.553
11.3125 2 3.8 1013.46 -30.9 75 0 0 135.16
11.3333 2 3.75 1013.77 -30.9 73 0 0 135.191
11.3542 2 3.7 1014.07 -30.9 71 0 0 135.222
11.375 2 3.6 1014.49 -32.35 71.5 0 0 134.063
11.3958 2 3.5 1014.92 -33.8 72 0 0 132.904
11.4167 2 3.45 1015.29 -34.85 72 0 0 132.283
11.4375 2 3.4 1015.65 -35.9 72 0 0 131.662
11.4583 2 3.8 1015.79 -35.95 72 0 0 131.471
11.4792 2 4.2 1015.92 -36 72 0 0 131.281
11.5 2 4.05 1015.97 -36.25 71.5 0 0 131.534
11.5208 2 3.9 1016.02 -36.5 71 0 0 131.786
11.5417 2 3.8 1010.09 -36.55 71 0 0 132.186
11.5625 2 3.7 1004.17 -36.6 71 0 0 132.587
11.5833 2 3.95 1004.27 -36.2 71.5 0 0 134.958
11.6042 2 4.2 1004.36 -35.8 72 0 0 137.328
11.625 2 4 1004.45 -36.25 71.5 0 0 134.832
11.6458 2 3.8 1004.54 -36.7 71 0 0 132.335
11.6667 2 3.5 1004.67 -36.95 71 0 0 132.309
11.6875 2 3.2 1004.81 -37.2 71 0 0 132.283
11.7083 2 3.25 1004.88 -37 71 0 0 143.243
11.7292 2 3.3 1004.94 -36.8 71 0 0 154.204
11.75 2 3.1 1005.11 -36.1 71 0 0 155.388
11.7708 2 2.9 1005.28 -35.4 71 0 0 156.572
11.7917 2 3.35 1005.41 -35.55 71 0 0 154.923
11.8125 2 3.8 1005.53 -35.7 71 0 0 153.273
11.8333 2 3.75 1005.65 -35.85 71 0 0 147.525
11.8542 2 3.7 1005.76 -36 71 0 0 141.777
11.875 2 3.8 1005.84 -36.15 71 0 0.25875 138.844
11.8958 2 3.9 1005.92 -36.3 71 0 0.5175 135.91
11.9167 2 4.1 1006.08 -36.2 71 0 0.803585 136.159
11.9375 2 4.3 1006.24 -36.1 71 0 1.08967 136.407
11.9583 2 3.85 1007.49 -36.35 71 0 0.870418 134.035
11.9792 2 3.4 1008.75 -36.6 71 0 0.651167 131.663
12 2 3.5 1008.85 -36.35 71 0 0.325583 138.854
12.0208 2 3.6 1008.95 -36.1 71 0 0 146.044
12.0417 2 3.55 1009.03 -35.45 71.5 0 0 144.596
12.0625 2 3.5 1009.11 -34.8 72 0 0 143.149
12.0833 2 3.8 1009.24 -33.1 72.5 0 0 139.855
12.1042 2 4.1 1009.38 -31.4 73 0 0 136.561
12.125 2 4.25 1009.57 -31.05 73.5 0 0 136.431
12.1458 2 4.4 1009.75 -30.7 74 0 0 136.301
12.1667 2 4.6 1009.95 -30.6 74 0 0 137.975
12.1875 2 4.8 1010.16 -30.5 74 0 0 139.649
12.2083 2 5.15 1010.35 -29.9 74.5 0 0 148.066
12.2292 2 5.5 1010.55 -29.3 75 0 0 156.484
12.25 2 5.9 1010.63 -28.85 75.5 0 0 157.559
12.2708 2 6.3 1010.71 -28.4 76 0 0 158.633
12.2917 2 6.25 1010.86 -28.5 75.5 0 0 148.29
12.3125 2 6.2 1011.01 -28.6 75 0 0 137.948
12.3333 2 6.15 1011.18 -28.6 75.5 0 0 136.479
12.3542 2 6.1 1011.34 -28.6 76 0 0 135.01
12.375 2 6 1011.47 -28.6 75.5 0 0 134.993
12.3958 2 5.9 1011.59 -28.6 75 0 0 134.976
12.4167 2 5.9 1011.64 -28.7 75 0 0 135.315
12.4375 2 5.9 1011.69 -28.8 75 0 0 135.654
12.4583 2 6.2 1011.74 -28.85 75 0 0 135.846
12.4792 2 6.5 1011.8 -28.9 75 0 0 136.037
12.5 2 6.5 1011.85 -29 75 0 0 136.535
12.5208 2 6.5 1011.91 -29.1 75 0 0 137.034
12.5417 2 6.6 1011.91 -29.05 75 0 0 137.283
12.5625 2 6.7 1011.9 -29 75 0 0 137.532
12.5833 2 7 1011.93 -28.8 75 0 0 138.196
12.6042 2 7.3 1011.96 -28.6 75 0 0 138.86
12.625 2 7.35 1012.01 -28.45 75.5 0 0 140.492
12.6458 2 7.4 1012.06 -28.3 76 0 0 142.125
12.6667 2 7 1012.14 -28.15 76 0 0 147.052
12.6875 2 6.6 1012.22 -28 76 0 0 151.98
12.7083 2 6.8 1012.4 -27.85 75.5 0 0 156.012
12.7292 2 7 1012.57 -27.7 75 0 0 160.044
12.75 2 7.5 1012.64 -27.85 75 0 0 154.389
12.7708 2 8 1012.71 -28 75 0 0 148.735
12.7917 2 7.9 1012.82 -28.15 75 0 0 143.532
12.8125 2 7.8 1012.93 -28.3 75 0 0 138.329
12.8333 2 7.8 1013.04 -28.35 75 0 0 138.432
12.8542 2 7.8 1013.14 -28.4 75 0 0 138.536
12.875 2 7.65 1013.25 -28.45 75 0 0.213583 139.072
12.8958 2 7.5 1013.36 -28.5 75 0 0.427167 139.607
12.9167 2 7.75 1013.35 -28.45 75 0 0.820833 140.918
12.9375 2 8 1013.34 -28.4 75 0 1.2145 142.23
12.9583 2 8.3 1013.34 -28.4 75 0 0.845166 142.193
12.9792 2 8.6 1013.34 -28.4 75 0 0.475833 142.155
13 2 8.6 1013.39 -28.4 75 0 0.240333 143.949
13.0208 2 8.6 1013.44 -28.4 75 0 0.00483333 145.742
13.0417 2 8.7 1013.45 -28.5 75 0 0.00241666 141.807
13.0625 2 8.8 1013.46 -28.6 75 0 0 137.871
13.0833 2 8.8 1014.54 -28.6 74.5 0 0 137.37
13.1042 2 8.8 1015.62 -28.6 74 0 0 136.869
13.125 2 8.95 1014.66 -28.55 74 0 0 138.596
13.1458 2 9.1 1013.7 -28.5 74 0 0 140.322
13.1667 2 9.25 1013.73 -28.4 74.5 0 0 145.966
13.1875 2 9.4 1013.76 -28.3 75 0 0 151.61
13.2083 2 9.45 1013.84 -28.25 75 0 0 152.133
13.2292 2 9.5 1013.93 -28.2 75 0 0 152.655
13.25 2 9.5 1014.04 -28 75 0 0 159.144
13.2708 2 9.5 1014.16 -27.8 75 0 0 165.633
13.2917 2 9.35 1014.26 -27.45 75 0 0 164.97
13.3125 2 9.2 1014.35 -27.1 75 0 0 164.308
13.3333 2 8.95 1014.48 -26.95 75 0 0 162.529
13.3542 2 8.7 1014.61 -26.8 75 0 0 160.749
13.375 2 8.5 1014.67 -26.75 75 0 0 155.848
13.3958 2 8.3 1014.74 -26.7 75 0 0 150.946
13.4167 2 8.7 1014.88 -26.55 75 0 0 159.964
13.4375 2 9.1 1015.01 -26.4 75 0 0 168.981
13.4583 2 9.55 1015.14 -26.35 75.5 0 0 169.789
13.4792 2 10 1015.26 -26.3 76 0 0 170.597
13.5 2 9.85 1015.3 -26.3 76 0 0 169.596
13.5208 2 9.7 1015.34 -26.3 76 0 0 168.595
13.5417 2 9.55 1015.41 -26.5 75.5 0 0 152.366
13.5625 2 9.4 1015.47 -26.7 75 0 0 136.137
13.5833 2 8.75 1015.54 -26.8 74.5 0 0 134.283
13.6042 2 8.1 1015.61 -26.9 74 0 0 132.429
13.625 2 8.15 1015.68 -27 74.5 0 0 132.534
13.6458 2 8.2 1015.76 -27.1 75 0 0 132.638
13.6667 2 8.15 1015.83 -27.25 74.5 0 0 132.682
13.6875 2 8.1 1015.89 -27.4 74 0 0 132.726
13.7083 2 7.45 1015.99 -27.6 74 0 0 132.772
13.7292 2 6.8 1016.09 -27.8 74 0 0 132.818
13.75 2 6.95 1016.13 -27.85 74 0 0 133.076
13.7708 2 7.1 1016.17 -27.9 74 0 0 133.334
13.7917 2 7.05 1016.22 -28.05 74.5 0 0 133.569
13.8125 2 7 1016.28 -28.2 75 0 0 133.805
13.8333 2 6.45 1016.34 -28.35 74.5 0 0 133.648
13.8542 2 5.9 1016.39 -28.5 74 0 0 133.492
13.875 2 6 1016.47 -28.55 74 0 0.396167 133.531
13.8958 2 6.1 1016.56 -28.6 74 0 0.792333 133.569
13.9167 2 5.7 1016.61 -28.8 74 0 1.17758 133.492
13.9375 2 5.3 1016.66 -29 74 0 1.56283 133.416
13.9583 2 5.5 1016.64 -29 74 0 1.21792 133.376
13.9792 2 5.7 1016.62 -29 74 0 0.873 133.336
14 2 5.3 1016.44 -29.15 74 0 0.450083 133.332
14.0208 2 4.9 1016.26 -29.3 74 0 0.0271667 133.328
14.0417 2 4.9 1016.2 -29.45 74 0 0.0135833 133.232
14.0625 2 4.9 1016.14 -29.6 74 0 0 133.137
14.0833 2 4.85 1016.15 -29.6 74 0 0 133.017
14.1042 2 4.8 1016.16 -29.6 74 0 0 132.898
14.125 2 4.65 1016.14 -29.5 74.5 0 0 132.921
14.1458 2 4.5 1016.11 -29.4 75 0 0 132.944
14.1667 2 3.85 1016.16 -29.65 75 0 0 133.007
14.1875 2 3.2 1016.2 -29.9 75 0 0 133.069
14.2083 2 3.2 1016.15 -30.1 75 0 0 132.872
14.2292 2 3.2 1016.09 -30.3 75 0 0 132.676
14.25 2 3.05 1016.09 -31.2 74.5 0 0 132.134
14.2708 2 2.9 1016.08 -32.1 74 0 0 131.593
14.2917 2 3.2 1016.12 -33.4 73.5 0 0 131.586
14.3125 2 3.5 1016.16 -34.7 73 0 0 131.578
14.3333 2 3.35 1016.26 -34.55 72 0 0 132.334
14.3542 2 3.2 1016.36 -34.4 71 0 0 133.09
14.375 2 3.1 1016.45 -34.1 72 0 0 133.339
14.3958 2 3 1016.55 -33.8 73 0 0 133.587
14.4167 2 3 1016.53 -33.15 74 0 0 133.943
14.4375 2 3 1016.51 -32.5 75 0 0 134.298
14.4583 2 2.65 1016.47 -32.5 75 0 0 135.867
14.4792 2 2.3 1016.44 -32.5 75 0 0 137.436
14.5 2 2.1 1016.39 -32.4 76 0 0 138.094
14.5208 2 1.9 1016.34 -32.3 77 0 0 138.751
14.5417 2 2.05 1016.25 -33.35 76.5 0 0 138.474
14.5625 2 2.2 1016.16 -34.4 76 0 0 138.196
14.5833 2 2.25 1016.06 -34.9 75.5 0 0 138.725
14.6042 2 2.3 1015.96 -35.4 75 0 0 139.254
14.625 2 2.85 1015.89 -35.8 74.5 0 0 140.18
14.6458 2 3.4 1015.82 -36.2 74 0 0 141.107
14.6667 2 3.45 1015.7 -36.2 74 0 0 141.776
14.6875 2 3.5 1015.58 -36.2 74 0 0 142.445
14.7083 2 3.3 1015.55 -36.1 74.5 0 0 143.083
14.7292 2 3.1 1015.52 -36 75 0 0 143.72
14.75 2 2.75 1015.4 -35.85 75 0 0 146.01
14.7708 2 2.4 1015.27 -35.7 75 0 0 148.3
14.7917 2 2.4 1015.21 -35.15 74.5 0 0 145.665
14.8125 2 2.4 1015.16 -34.6 74 0 0 143.03
14.8333 2 2.45 1016.09 -33.85 75 0 0.0214166 142.475
14.8542 2 2.5 1017.03 -33.1 76 0 0.0428333 141.92
14.875 2 2.6 1016.91 -32.95 75.5 0 0.643002 141.169
14.8958 2 2.7 1016.79 -32.8 75 0 1.24317 140.419
14.9167 2 2.8 1016.67 -32.1 75.5 0 1.76675 140.688
14.9375 2 2.9 1016.55 -31.4 76 0 2.29033 140.956
14.9583 2 2.7 1016.41 -30.7 76.5 0 1.75317 141.827
14.9792 2 2.5 1016.26 -30 77 0 1.216 142.697
15 2 2.75 1016.13 -29.95 77 0 0.634333 143.232
15.0208 2 3 1015.99 -29.9 77 0 0.0526667 143.767
15.0417 2 3.25 1015.9 -29.95 77 0 0.0263334 143.977
15.0625 2 3.5 1015.8 -30 77 0 0 144.187
15.0833 2 3.55 1015.64 -29.85 77 0 0 144.163
15.1042 2 3.6 1015.48 -29.7 77 0 0 144.138
15.125 2 3.4 1015.35 -29.4 77 0 0 145.018
15.1458 2 3.2 1015.23 -29.1 77 0 0 145.899
15.1667 2 3.3 1015.16 -28.95 77 0 0 146.551
15.1875 2 3.4 1015.09 -28.8 77 0 0 147.204
15.2083 2 3.45 1014.92 -28.75 77 0 0 147.971
15.2292 2 3.5 1014.75 -28.7 77 0 0 148.739
15.25 2 3.55 1014.73 -28.5 77 0 0 149.488
15.2708 2 3.6 1014.72 -28.3 77 0 0 150.238
15.2917 2 3.75 1014.66 -28.1 77 0 0 150.691
15.3125 2 3.9 1014.59 -27.9 77 0 0 151.145
15.3333 2 3.8 1014.51 -28 77.5 0 0 151.378
15.3542 2 3.7 1014.43 -28.1 78 0 0 151.61
15.375 2 3.65 1014.34 -28 77 0 0 151.788
15.3958 2 3.6 1014.25 -27.9 76 0 0 151.966
15.4167 2 3.45 1014.22 -27.9 76 0 0 151.95
15.4375 2 3.3 1014.2 -27.9 76 0 0 151.934
15.4583 2 3.25 1014.11 -27.85 76 0 0 152.008
15.4792 2 3.2 1014.02 -27.8 76 0 0 152.083
15.5 2 3.2 1013.8 -27.85 76 0 0 151.939
15.5208 2 3.2 1013.57 -27.9 76 0 0 151.794
15.5417 2 3.25 1013.43 -27.85 76 0 0 152.13
15.5625 2 3.3 1013.3 -27.8 76 0 0 152.465
15.5833 2 3.45 1013.15 -27.6 76 0 0 152.566
15.6042 2 3.6 1012.99 -27.4 76 0 0 152.668
15.625 2 3.4 1012.89 -27.6 76 0 0 152.811
15.6458 2 3.2 1012.78 -27.8 76 0 0 152.954
15.6667 2 3.3 1012.63 -27.7 76 0 0 155.042
15.6875 2 3.4 1012.48 -27.6 76 0 0 157.131
15.7083 2 3.45 1012.41 -27.65 76 0 0 155.406
15.7292 2 3.5 1012.35 -27.7 76 0 0 153.682
15.75 2 3.75 1012.34 -27.6 76 0 0 153.69
15.7708 2 4 1012.33 -27.5 76 0 0 153.697
15.7917 2 4.3 1012.32 -27.3 76 0 0 155.392
15.8125 2 4.6 1012.31 -27.1 76 0 0 157.087
15.8333 2 4.55 1012.28 -26.95 76.5 0 0.00533335 154.979
15.8542 2 4.5 1012.24 -26.8 77 0 0.0106667 152.871
15.875 2 4.4 1012.21 -26.85 77 0 0.447667 151.819
15.8958 2 4.3 1012.19 -26.9 77 0 0.884667 150.766
15.9167 2 4.55 1012.13 -26.6 77 0 1.54367 149.653
15.9375 2 4.8 1012.06 -26.3 77 0 2.20267 148.54
15.9583 2 4.75 1012.01 -26.5 77 0 1.76092 147.602
15.9792 2 4.7 1011.95 -26.7 77 0 1.31917 146.664
16 2 4.9 1011.92 -26.75 77 0 0.739419 146.392
16.0208 2 5.1 1011.88 -26.8 77 0 0.159667 146.119
16.0417 2 5.3 1011.82 -26.75 76.5 0 0.0798335 145.784
16.0625 2 5.5 1011.75 -26.7 76 0 0 145.449
16.0833 2 5.65 1011.8 -26.7 76 0 0 145.249
16.1042 2 5.8 1011.85 -26.7 76 0 0 145.048
16.125 2 5.9 1011.84 -26.55 76 0 0 145.139
16.1458 2 6 1011.84 -26.4 76 0 0 145.231
16.1667 2 6.3 1011.89 -26.3 76 0 0 144.89
16.1875 2 6.6 1011.94 -26.2 76 0 0 144.549
16.2083 2 6.4 1011.93 -26.15 76 0 0 144.568
16.2292 2 6.2 1011.92 -26.1 76 0 0 144.586
16.25 2 6.35 1011.98 -26.05 76 0 0 144.777
16.2708 2 6.5 1012.04 -26 76 0 0 144.969
16.2917 2 6.9 1012.07 -26.05 76 0 0 145.02
16.3125 2 7.3 1012.1 -26.1 76 0 0 145.07
16.3333 2 7.5 1012.16 -26.15 75.5 0 0 144.842
16.3542 2 7.7 1012.22 -26.2 75 0 0 144.615
16.375 2 7.7 1012.32 -26.25 75 0 0 144.225
16.3958 2 7.7 1012.43 -26.3 75 0 0 143.834
16.4167 2 7.35 1012.54 -26.4 75 0 0 143.629
16.4375 2 7 1012.66 -26.5 75 0 0 143.424
16.4583 2 7.2 1012.7 -26.55 75.5 0 0 144.094
16.4792 2 7.4 1012.74 -26.6 76 0 0 144.764
16.5 2 7.5 1012.79 -26.65 76 0 0 145.57
16.5208 2 7.6 1012.85 -26.7 76 0 0 146.377
16.5417 2 7.55 1012.82 -26.8 75.5 0 0 146.436
16.5625 2 7.5 1012.79 -26.9 75 0 0 146.494
16.5833 2 7.5 1012.84 -26.95 75 0 0 148.448
16.6042 2 7.5 1012.9 -27 75 0 0 150.401
16.625 2 7.5 1012.94 -27 75 0 0 152.603
16.6458 2 7.5 1012.98 -27 75 0 0 154.805
16.6667 2 7.45 1013.07 -26.95 75 0 0 154.802
16.6875 2 7.4 1013.17 -26.9 75 0 0 154.799
16.7083 2 6.9 1013.29 -27 75 0 0 154.555
16.7292 2 6.4 1013.4 -27.1 75 0 0 154.31
16.75 2 6.5 1013.45 -27.1 75.5 0 0 154.141
16.7708 2 6.6 1013.5 -27.1 76 0 0 153.971
16.7917 2 6.75 1013.63 -27.1 76 0 0 153.742
16.8125 2 6.9 1013.75 -27.1 76 0 0 153.513
16.8333 2 6.8 1013.83 -27.05 76.5 0 -0.0148333 159.23
16.8542 2 6.7 1013.91 -27 77 0 -0.0296667 164.948
16.875 2 6.4 1013.99 -26.9 77 0 0.461583 159.865
16.8958 2 6.1 1014.07 -26.8 77 0 0.952833 154.782
16.9167 2 6.15 1014.13 -26.75 76.5 0 1.51083 155.615
16.9375 2 6.2 1014.19 -26.7 76 0 2.06883 156.448
16.9583 2 5.75 1014.2 -26.8 76.5 0 1.82483 156.262
16.9792 2 5.3 1014.21 -26.9 77 0 1.58083 156.076
17 2 5.45 1014.18 -26.85 76.5 0 0.888748 154.475
17.0208 2 5.6 1014.15 -26.8 76 0 0.196667 152.873
17.0417 2 5.6 1014.1 -26.75 76 0 0.0983335 153.121
17.0625 2 5.6 1014.05 -26.7 76 0 0 153.369
17.0833 2 5.65 1014.04 -26.7 76 0 0 155.069
17.1042 2 5.7 1014.02 -26.7 76 0 0 156.768
17.125 2 5.8 1014.02 -26.65 76 0 0 157.566
17.1458 2 5.9 1014.01 -26.6 76 0 0 158.365
17.1667 2 5.8 1014.05 -26.55 76 0 0 163.176
17.1875 2 5.7 1014.08 -26.5 76 0 0 167.987
17.2083 2 5.3 1014.03 -26.5 76 0 0 169.277
17.2292 2 4.9 1013.98 -26.5 76 0 0 170.567
17.25 2 4.8 1014.02 -26.5 76 0 0 176.586
17.2708 2 4.7 1014.05 -26.5 76 0 0 182.604
17.2917 2 5.1 1013.99 -26.15 77 0 0 189.253
17.3125 2 5.5 1013.94 -25.8 78 0 0 195.901
17.3333 2 5.1 1013.98 -25.3 78.5 0 0 203.206
17.3542 2 4.7 1014.02 -24.8 79 0 0 210.51
17.375 2 4.75 1013.97 -24.2 80.5 0 0 215.955
17.3958 2 4.8 1013.92 -23.6 82 0 0 221.4
17.4167 2 4.65 1013.91 -23.1 82.5 0 0 224.542
17.4375 2 4.5 1013.91 -22.6 83 0 0 227.684
17.4583 2 4.65 1013.91 -22.2 83.5 0 0 229.909
17.4792 2 4.8 1013.92 -21.8 84 0 0 232.134
17.5 2 4.95 1013.83 -21.55 83.5 0 0 236.453
17.5208 2 5.1 1013.75 -21.3 83 0 0 240.772
17.5417 2 5.95 1013.67 -21.15 83 0 0 244.146
17.5625 2 6.8 1013.58 -21 83 0 0 247.519
17.5833 2 6.5 1013.54 -20.65 81.5 0 0 247.452
17.6042 2 6.2 1013.49 -20.3 80 0 0 247.385
17.625 2 6.95 1013.43 -19.85 80 0 0 252.284
17.6458 2 7.7 1013.37 -19.4 80 0 0 257.183
17.6667 2 8.1 1013.34 -18.8 82 0 0 256.76
17.6875 2 8.5 1013.31 -18.2 84 0 0 256.336
17.7083 2 8.65 1013.21 -17.75 85 0 0 256.167
17.7292 2 8.8 1013.11 -17.3 86 0 0 255.997
17.75 2 8.9 1013.12 -16.85 85 0 0 257.732
17.7708 2 9 1013.13 -16.4 84 0 0 259.468
17.7917 2 8.55 1013.14 -16.2 81 0 0 259.063
17.8125 2 8.1 1013.15 -16 78 0 0 258.659
17.8333 2 7.95 1013.15 -15.7 82 0 0.0511665 256.143
17.8542 2 7.8 1013.15 -15.4 86 0 0.102333 253.627
17.875 2 7.8 1020.05 -15.15 87 0 0.50125 256.55
17.8958 2 7.8 1026.95 -14.9 88 0 0.900167 259.473
17.9167 2 7.25 1026.8 -14.8 87.5 0 1.19208 259.581
17.9375 2 6.7 1026.65 -14.7 87 0 1.484 259.69
17.9583 2 6.7 1026.36 -14.4 87.5 0 1.28392 261.672
17.9792 2 6.7 1026.07 -14.1 88 0 1.08383 263.654
18 2 6.3 1025.91 -14 88 0 0.604331 262.642
18.0208 2 5.9 1025.75 -13.9 88 0 0.124833 261.63
18.0417 2 5.55 1025.78 -13.9 88 0 0.0624165 259.009
18.0625 2 5.2 1025.81 -13.9 88 0 0 256.388
18.0833 2 4.95 1025.85 -13.9 88.5 0 0 254.21
18.1042 2 4.7 1025.89 -13.9 89 0 0 252.032
18.125 2 4.75 1026.1 -13.95 90 0 0 251.107
18.1458 2 4.8 1026.31 -14 91 0 0 250.182
18.1667 2 4.7 1026.66 -14.15 90.5 0 0 247.657
18.1875 2 4.6 1027 -14.3 90 0 0 245.132
18.2083 2 4.5 1020.03 -14.4 90.5 0 0 243.268
18.2292 2 4.4 1013.06 -14.5 91 0 0 241.405
18.25 2 4.6 1013.1 -15.05 90 0 0 231.52
18.2708 2 4.8 1013.15 -15.6 89 0 0 221.634
18.2917 2 4.35 1013.2 -16.5 88 0 0 204.942
18.3125 2 3.9 1013.25 -17.4 87 0 0 188.25
18.3333 2 3.2 1013.29 -18.15 86.5 0 0 179.909
18.3542 2 2.5 1013.33 -18.9 86 0 0 171.568
18.375 2 2.7 1013.39 -19.3 86 0 0 170.255
18.3958 2 2.9 1013.45 -19.7 86 0 0 168.943
18.4167 2 2.9 1013.6 -20.45 85.5 0 0 168.316
18.4375 2 2.9 1013.76 -21.2 85 0 0 167.689
18.4583 2 3 1013.83 -21.7 84 0 0 166.904
18.4792 2 3.1 1013.9 -22.2 83 0 0 166.119
18.5 2 3 1013.96 -22.35 83 0 0 165.875
18.5208 2 2.9 1014.02 -22.5 83 0 0 165.631
18.5417 2 3.05 1013.98 -22.9 82 0 0 165.355
18.5625 2 3.2 1013.95 -23.3 81 0 0 165.08
18.5833 2 3.3 1014 -23.25 81 0 0 165.283
18.6042 2 3.4 1014.05 -23.2 81 0 0 165.485
18.625 2 3.2 1014.05 -23.1 81.5 0 0 167.668
18.6458 2 3 1014.06 -23 82 0 0 169.85
18.6667 2 2.9 1014.08 -23.1 82 0 0 167.747
18.6875 2 2.8 1014.11 -23.2 82 0 0 165.644
18.7083 2 3.05 1014.28 -23.2 81.5 0 0 167.78
18.7292 2 3.3 1014.45 -23.2 81 0 0 169.916
18.75 2 3.5 1014.48 -22.85 81.5 0 0 186.273
18.7708 2 3.7 1014.52 -22.5 82 0 0 202.631
18.7917 2 4.15 1014.59 -21.8 83.5 0 0 215.444
18.8125 2 4.6 1014.65 -21.1 85 0 0 228.257
18.8333 2 4.85 1014.76 -20.95 84.5 0 0.09475 234.59
18.8542 2 5.1 1014.87 -20.8 84 0 0.1895 240.923
18.875 2 4.65 1015 -20.45 85 0 1.85592 241.281
18.8958 2 4.2 1015.13 -20.1 86 0 3.52233 241.639
18.9167 2 4.15 1015.19 -20 86.5 0 4.608 240.823
18.9375 2 4.1 1015.25 -19.9 87 0 5.69367 240.006
18.9583 2 4.05 1014.96 -19.9 86.5 0 4.91442 221.185
18.9792 2 4 1014.67 -19.9 86 0 4.13517 202.364
19 2 4 1020.52 -20.25 86 0 2.28967 189.212
19.0208 2 4 1026.37 -20.6 86 0 0.444167 176.061
19.0417 2 3.95 1026.3 -20.95 85.5 0 0.222083 173.402
19.0625 2 3.9 1026.23 -21.3 85 0 0 170.742
19.0833 2 3.9 1026.17 -21.6 85 0 0 171.144
19.1042 2 3.9 1026.1 -21.9 85 0 0 171.546
19.125 2 3.75 1026.06 -22.15 84.5 0 0 173.351
19.1458 2 3.6 1026.03 -22.4 84 0 0 175.156
19.1667 2 3.55 1026.01 -22.15 84.5 0 0 193.863
19.1875 2 3.5 1025.99 -21.9 85 0 0 212.57
19.2083 2 3.45 1026.06 -20.9 86 0 0 224.542
19.2292 2 3.4 1026.13 -19.9 87 0 0 236.514
19.25 2 3.45 1026.31 -19.2 86.5 0 0 231.13
19.2708 2 3.5 1026.5 -18.5 86 0 0 225.746
19.2917 2 3.75 1026.63 -18.6 85.5 0 0 217.796
19.3125 2 4 1026.76 -18.7 85 0 0 209.845
19.3333 2 4.25 1026.78 -18.8 85 0 0 216.329
19.3542 2 4.5 1026.8 -18.9 85 0 0 222.814
19.375 2 4.9 1026.86 -18.25 85.5 0 0 237.018
19.3958 2 5.3 1026.93 -17.6 86 0 0 251.222
19.4167 2 5.7 1026.96 -17.15 86.5 0 0 248.629
19.4375 2 6.1 1026.98 -16.7 87 0 0 246.035
19.4583 2 6.2 1026.64 -16.2 87.5 0 0 247.27
19.4792 2 6.3 1026.29 -15.7 88 0 0 248.505
19.5 2 6.6 1025.89 -15.3 88 0 0 246.035
19.5208 2 6.9 1025.48 -14.9 88 0 0 243.564
19.5417 2 7.8 1025.01 -15.15 87.5 0 0 237.645
19.5625 2 8.7 1024.54 -15.4 87 0 0 231.725
19.5833 2 8.45 1024.39 -16.4 85.5 0 0 223.587
19.6042 2 8.2 1024.23 -17.4 84 0 0 215.45
19.625 2 7.7 1023.98 -18.15 84 0 0 199.809
19.6458 2 7.2 1023.74 -18.9 84 0 0 184.167
19.6667 2 7 1023.43 -19.5 83 0 0 179.297
19.6875 2 6.8 1023.12 -20.1 82 0 0 174.427
19.7083 2 6.6 1022.86 -20.55 81.5 0 0 170.35
19.7292 2 6.4 1022.61 -21 81 0 0 166.272
19.75 2 6.2 1022.35 -21.15 81 0 0 178.108
19.7708 2 6 1022.09 -21.3 81 0 0 189.944
19.7917 2 5.95 1021.77 -21.35 80.5 0 0 186.224
19.8125 2 5.9 1021.44 -21.4 80 0 0 182.503
19.8333 2 5.7 1021.14 -21.4 80 0 0.0665 182.811
19.8542 2 5.5 1020.84 -21.4 80 0 0.133 183.118
19.875 2 5.45 1020.53 -21.3 80 0 1.34066 193.68
19.8958 2 5.4 1020.22 -21.2 80 0 2.54833 204.243
19.9167 2 5.1 1019.81 -20.75 80 0 2.99483 202.771
19.9375 2 4.8 1019.41 -20.3 80 0 3.44133 201.298
19.9583 2 4.95 1018.82 -19.65 81 0 3.25433 222.078
19.9792 2 5.1 1018.24 -19 82 0 3.06733 242.859
20 2 5.55 1017.73 -18.4 82.5 0 1.83533 242.865
20.0208 2 6 1017.22 -17.8 83 0 0.603333 242.871
20.0417 2 6.3 1016.6 -17.35 83 0 0.301666 243.079
20.0625 2 6.6 1015.98 -16.9 83 0 0 243.287
20.0833 2 6.55 1015.28 -16.55 84 0 0 243.896
20.1042 2 6.5 1014.58 -16.2 85 0 0 244.504
20.125 2 7.1 1013.81 -16 85.5 0 0 240.76
20.1458 2 7.7 1013.03 -15.8 86 0 0 237.017
20.1667 2 7.75 1012.36 -16.3 85.5 0 0 224.221
20.1875 2 7.8 1011.69 -16.8 85 0 0 211.426
20.2083 2 8.55 1011.2 -17.55 83.5 0 0 213.857
20.2292 2 9.3 1010.7 -18.3 82 0 0 216.287
20.25 2 9.1 1010.36 -19.3 81 0 0 211.164
20.2708 2 8.9 1010.03 -20.3 80 0 0 206.041
20.2917 2 9.45 1009.86 -20.95 78.5 0 0 208.689
20.3125 2 10 1009.69 -21.6 77 0 0 211.336
20.3333 2 9.5 1009.53 -21.7 72.5 0 0 213.845
20.3542 2 9 1009.36 -21.8 68 0 0 216.354
20.375 2 8.75 1009.26 -21.35 74 0 0 219.041
20.3958 2 8.5 1009.16 -20.9 80 0 0 221.728
20.4167 2 8.9 1009.2 -20.55 81 0 0 222.543
20.4375 2 9.3 1009.24 -20.2 82 0 0 223.358
20.4583 2 9.85 1009.38 -20.3 81.5 0 0 219.695
20.4792 2 10.4 1009.52 -20.4 81 0 0 216.033
20.5 2 10.1 1009.78 -21 79.5 0 0 211.841
20.5208 2 9.8 1010.04 -21.6 78 0 0 207.65
20.5417 2 9.5 1010.24 -22.7 76.5 0 0 192.742
20.5625 2 9.2 1010.45 -23.8 75 0 0 177.835
20.5833 2 8.95 1010.57 -24.4 74.5 0 0 180.807
20.6042 2 8.7 1010.69 -25 74 0 0 183.778
20.625 2 8.9 1010.73 -25.2 73.5 0 0 186.827
20.6458 2 9.1 1010.78 -25.4 73 0 0 189.875
20.6667 2 8.95 1010.85 -25.3 74 0 0 198.357
20.6875 2 8.8 1010.93 -25.2 75 0 0 206.838
20.7083 2 8.45 1010.9 -25.25 74.5 0 0 194.303
20.7292 2 8.1 1010.86 -25.3 74 0 0 181.769
20.75 2 7.45 1010.98 -25.6 73 0 0 163.82
20.7708 2 6.8 1011.11 -25.9 72 0 0 145.872
20.7917 2 6.45 1011.1 -25.95 72 0 0 149.816
20.8125 2 6.1 1011.1 -26 72 0 0 153.76
20.8333 2 5.7 1011.1 -26.25 72 0 0.24525 145.997
20.8542 2 5.3 1011.11 -26.5 72 0 0.4905 138.234
20.875 2 5.25 1011.09 -26.75 73 0 1.80941 150.599
20.8958 2 5.2 1011.08 -27 74 0 3.12833 162.964
20.9167 2 5.6 1011.11 -26.55 73.5 0 3.74608 180.451
20.9375 2 6 1011.14 -26.1 73 0 4.36383 197.938
20.9583 2 6 1011.06 -25.85 73 0 3.97575 197.463
20.9792 2 6 1010.98 -25.6 73 0 3.58767 196.988
21 2 5.9 1010.98 -25.5 73 0 2.30909 193.006
21.0208 2 5.8 1010.98 -25.4 73 0 1.0305 189.024
21.0417 2 5.5 1011.02 -25.4 72.5 0 0.51525 192.583
21.0625 2 5.2 1011.06 -25.4 72 0 0 196.141
21.0833 2 4.75 1011.05 -25.15 72 0 0 202.525
21.1042 2 4.3 1011.03 -24.9 72 0 0 208.908
21.125 2 4 1011.03 -24.7 72.5 0 0 204.477
21.1458 2 3.7 1011.03 -24.5 73 0 0 200.046
21.1667 2 3.7 1011.02 -24.5 73 0 0 187.695
21.1875 2 3.7 1011.01 -24.5 73 0 0 175.343
21.2083 2 3.45 1011.09 -25 74.5 0 0 161.057
21.2292 2 3.2 1011.17 -25.5 76 0 0 146.771
21.25 2 3.35 1011.29 -26 77 0 0 143.096
21.2708 2 3.5 1011.41 -26.5 78 0 0 139.422
21.2917 2 3.65 1011.47 -27 78 0 0 138.344
21.3125 2 3.8 1011.54 -27.5 78 0 0 137.267
21.3333 2 3.8 1011.69 -27.55 73.0714 0 0 137.283
21.3542 2 3.8 1011.85 -27.6 68.1429 0 0 137.299
21.375 2 3.8 1012.11 -28 72.5714 0 0 138.835
21.3958 2 3.8 1012.37 -28.4 77 0 0 140.37
21.4167 2 3.7 1012.61 -28.3 77 0 0 143.134
21.4375 2 3.6 1012.85 -28.2 77 0 0 145.899
21.4583 2 3.6 1013.02 -28.35 77 0 0 144.444
21.4792 2 3.6 1013.19 -28.5 77 0 0 142.989
21.5 2 3.65 1013.44 -28.65 76.5 0 0 148.93
21.5208 2 3.7 1013.69 -28.8 76 0 0 154.87
21.5417 2 4 1013.9 -29.2 75.5 0 0 145.94
21.5625 2 4.3 1014.1 -29.6 75 0 0 137.011
21.5833 2 4.8 1014.53 -30.1 74.5 0 0 133.879
21.6042 2 5.3 1014.97 -30.6 74 0 0 130.747
21.625 2 5.4 1015.43 -30.9 73.5 0 0 131.381
21.6458 2 5.5 1015.9 -31.2 73 0 0 132.015
21.6667 2 5.45 1016.41 -31.3 72.5 0 0 138.267
21.6875 2 5.4 1016.91 -31.4 72 0 0 144.519
21.7083 2 5.4 1017.33 -31.9 72 0 0 135.084
21.7292 2 5.4 1017.75 -32.4 72 0 0 125.649
21.75 2 5.25 1018.09 -32.95 71.5 0 0 123.702
21.7708 2 5.1 1018.44 -33.5 71 0 0 121.755
21.7917 2 5.2 1018.7 -33.7 71 0 0 120.117
21.8125 2 5.3 1018.96 -33.9 71 0 0 118.479
21.8333 2 5.5 1019.27 -34.1 70.5 0 0.23875 117.442
21.8542 2 5.7 1019.57 -34.3 70 0 0.4775 116.406
21.875 2 5.4 1019.96 -34.5 70 0 1.86941 116.271
21.8958 2 5.1 1020.36 -34.7 70 0 3.26133 116.137
21.9167 2 5.05 1020.68 -34.85 70 0 4.35333 116.236
21.9375 2 5 1021.01 -35 70 0 5.44533 116.336
21.9583 2 5 1021.22 -35.1 70 0 4.72125 117.021
21.9792 2 5 1021.43 -35.2 70 0 3.99717 117.705
22 2 4.5 1021.66 -35.35 70 0 2.64034 117.805
22.0208 2 4 1021.88 -35.5 70 0 1.2835 117.905
22.0417 2 4.05 1022.12 -35.35 70 0 0.64175 117.766
22.0625 2 4.1 1022.36 -35.2 70 0 0 117.626
22.0833 2 3.85 1022.48 -35.2 70.5 0 0 117.641
22.1042 2 3.6 1022.61 -35.2 71 0 0 117.655
22.125 2 3.85 1022.63 -35.35 71 0 0 117.679
22.1458 2 4.1 1022.64 -35.5 71 0 0 117.703
22.1667 2 3.85 1022.64 -35.65 71 0 0 117.65
22.1875 2 3.6 1022.63 -35.8 71 0 0 117.598
22.2083 2 3.65 1022.58 -35.85 71 0 0 117.583
22.2292 2 3.7 1022.53 -35.9 71 0 0 117.568
22.25 2 3.75 1022.52 -35.8 71 0 0 117.548
22.2708 2 3.8 1022.5 -35.7 71 0 0 117.528
22.2917 2 3.6 1022.5 -35.55 71.5 0 0 117.549
22.3125 2 3.4 1022.5 -35.4 72 0 0 117.569
22.3333 2 3.25 1022.53 -35.2 69.75 0 0 117.574
22.3542 2 3.1 1022.56 -35 67.5 0 0 117.578
22.375 2 3.1 1022.63 -35.15 69.75 0 0 117.367
22.3958 2 3.1 1022.69 -35.3 72 0 0 117.155
22.4167 2 2.95 1022.7 -35.35 72.5 0 0 117.261
22.4375 2 2.8 1022.7 -35.4 73 0 0 117.367
22.4583 2 2.75 1022.7 -35.4 73 0 0 117.477
22.4792 2 2.7 1022.7 -35.4 73 0 0 117.586
22.5 2 2.45 1022.71 -35.1 73.5 0 0 117.841
22.5208 2 2.2 1022.71 -34.8 74 0 0 118.096
22.5417 2 2.1 1022.77 -34.8 74.5 0 0 118.117
22.5625 2 2 1022.83 -34.8 75 0 0 118.137
22.5833 2 1.85 1022.86 -34.9 75.5 0 0 118.442
22.6042 2 1.7 1022.9 -35 76 0 0 118.747
22.625 2 1.05 1022.94 -35 76 0 0 118.659
22.6458 2 0.4 1022.98 -35 76 0 0 118.571
22.6667 2 0.35 1022.98 -34.8 76 0 0 118.919
22.6875 2 0.3 1022.98 -34.6 76 0 0 119.268
22.7083 2 0.35 1022.99 -34.65 76.5 0 0 119.222
22.7292 2 0.4 1023 -34.7 77 0 0 119.176
22.75 2 0.35 1022.97 -34.8 77 0 0 119.076
22.7708 2 0.3 1022.95 -34.9 77 0 0 118.977
22.7917 2 0.2 1022.86 -35.05 77.5 0 0 118.823
22.8125 2 0.1 1022.77 -35.2 78 0 0 118.669
22.8333 2 0.1 1022.68 -35.3 78 0 0.304083 118.865
22.8542 2 0.1 1022.59 -35.4 78 0 0.608167 119.06
22.875 2 0.05 1022.42 -35.5 78 0 2.05133 118.975
22.8958 2 0 1022.25 -35.6 78 0 3.4945 118.889
22.9167 2 0.05 1022.13 -36 78 0 4.60484 118.593
22.9375 2 0.1 1022 -36.4 78 0 5.71517 118.298
22.9583 2 0.3 1021.81 -36.2 78 0 5.37467 118.371
22.9792 2 0.5 1021.62 -36 78 0 5.03417 118.444
23 2 0.25 1021.39 -36.25 78.5 0 3.25134 118.424
23.0208 2 0 1021.15 -36.5 79 0 1.4685 118.403
23.0417 2 0.35 1020.94 -36.75 78 0 0.732667 118.553
23.0625 2 0.7 1020.73 -37 77 0 -0.00316667 118.704
23.0833 2 0.95 1020.57 -37.15 77 0 -0.00158333 118.674
23.1042 2 1.2 1020.4 -37.3 77 0 0 118.644
23.125 2 1.05 1020.26 -37.15 77.5 0 0 118.667
23.1458 2 0.9 1020.11 -37 78 0 0 118.69
23.1667 2 1.05 1019.98 -36.95 77.5 0 0 118.748
23.1875 2 1.2 1019.86 -36.9 77 0 0 118.806
23.2083 2 1.35 1019.84 -37.4 75.5 0 0 118.756
23.2292 2 1.5 1019.82 -37.9 74 0 0 118.706
23.25 2 1.2 1019.63 -37.75 74.5 0 0 118.807
23.2708 2 0.9 1019.44 -37.6 75 0 0 118.909
23.2917 2 1.05 1019.24 -37.6 75 0 0 118.977
23.3125 2 1.2 1019.05 -37.6 75 0 0 119.045
23.3333 2 1.2 1018.99 -37.55 69.9286 0 0 119.078
23.3542 2 1.2 1018.93 -37.5 64.8571 0 0 119.112
23.375 2 1.5 1018.96 -37.5 69.4286 0 0 119.284
23.3958 2 1.8 1019 -37.5 74 0 0 119.455
23.4167 2 1.95 1018.92 -37.5 74 0 0 119.658
23.4375 2 2.1 1018.84 -37.5 74 0 0 119.86
23.4583 2 2 1018.68 -37.55 74 0 0 119.839
23.4792 2 1.9 1018.52 -37.6 74 0 0 119.818
23.5 2 1.9 1018.38 -37.55 74 0 0 119.891
23.5208 2 1.9 1018.24 -37.5 74 0 0 119.965
23.5417 2 2.15 1018.16 -37.35 73.5 0 0 120.266
23.5625 2 2.4 1018.07 -37.2 73 0 0 120.567
23.5833 2 2.5 1017.98 -37.15 73 0 0 120.726
23.6042 2 2.6 1017.89 -37.1 73 0 0 120.885
23.625 2 2.8 1017.78 -37.05 72.5 0 0 121.185
23.6458 2 3 1017.66 -37 72 0 0 121.484
23.6667 2 2.75 1017.59 -37 72 0 0 121.503
23.6875 2 2.5 1017.52 -37 72 0 0 121.522
23.7083 2 2.2 1017.59 -37.1 72 0 0 121.441
23.7292 2 1.9 1017.66 -37.2 72 0 0 121.36
23.75 2 2 1017.68 -37.05 72.5 0 0 121.451
23.7708 2 2.1 1017.71 -36.9 73 0 0 121.541
23.7917 2 2.15 1017.71 -36.8 73 0 0 121.618
23.8125 2 2.2 1017.7 -36.7 73 0 0 121.696
23.8333 2 2.2 1017.67 -36.4 73 0 0.530585 122.224
23.8542 2 2.2 1017.63 -36.1 73 0 1.06117 122.752
23.875 2 2.35 1017.65 -35.8 73 0 2.54092 122.699
23.8958 2 2.5 1017.67 -35.5 73 0 4.02067 122.646
23.9167 2 2.15 1017.63 -35.3 73.5 0 5.4365 122.713
23.9375 2 1.8 1017.59 -35.1 74 0 6.85233 122.78
23.9583 2 1.8 1017.55 -34.95 74 0 6.06392 122.896
23.9792 2 1.8 1017.51 -34.8 74 0 5.2755 123.011
24 2 1.9 1017.51 -34.6 74 0 3.56333 123.091
24.0208 2 2 1017.5 -34.4 74 0 1.85117 123.171
24.0417 2 1.95 1017.52 -33.95 74 0 0.954252 123.395
24.0625 2 1.9 1017.54 -33.5 74 0 0.0573333 123.619
24.0833 2 2.15 1017.44 -33.4 74 0 0.0286667 123.861
24.1042 2 2.4 1017.34 -33.3 74 0 0 124.102
24.125 2 2.45 1017.22 -33.3 74 0 0 124.055
24.1458 2 2.5 1017.1 -33.3 74 0 0 124.009
24.1667 2 2.55 1017.04 -33.1 74 0 0 123.974
24.1875 2 2.6 1016.99 -32.9 74 0 0 123.939
24.2083 2 2.35 1016.95 -32.5 74.5 0 0 124.01
24.2292 2 2.1 1016.92 -32.1 75 0 0 124.08
24.25 2 1.4 1016.91 -32.1 75 0 0 123.814
24.2708 2 0.7 1016.9 -32.1 75 0 0 123.549
24.2917 2 1.1 1016.8 -32.3 75 0 0 123.37
24.3125 2 1.5 1016.69 -32.5 75 0 0 123.192
24.3333 2 1.6 1016.6 -32.55 68 0 0 123.253
24.3542 2 1.7 1016.51 -32.6 61 0 0 123.314
24.375 2 1.7 1016.51 -32.6 68 0 0 123.079
24.3958 2 1.7 1016.51 -32.6 75 0 0 122.845
24.4167 2 1.6 1016.52 -32.5 75.5 0 0 122.857
24.4375 2 1.5 1016.52 -32.4 76 0 0 122.87
24.4583 2 1.45 1016.43 -32.15 76 0 0 123.165
24.4792 2 1.4 1016.33 -31.9 76 0 0 123.459
24.5 2 1.3 1016.25 -32 76 0 0 123.38
24.5208 2 1.2 1016.17 -32.1 76 0 0 123.3
24.5417 2 1.05 1015.99 -32.15 76 0 0 123.576
24.5625 2 0.9 1015.82 -32.2 76 0 0 123.851
24.5833 2 0.75 1015.78 -31.9 76.5 0 0 124.266
24.6042 2 0.6 1015.73 -31.6 77 0 0 124.68
24.625 2 0.35 1015.73 -31.4 77 0 0 124.797
24.6458 2 0.1 1015.74 -31.2 77 0 0 124.913
24.6667 2 0.2 1015.79 -31.25 77 0 0 124.692
24.6875 2 0.3 1015.83 -31.3 77 0 0 124.471
24.7083 2 0.5 1015.83 -31.55 77 0 0 124.294
24.7292 2 0.7 1015.83 -31.8 77 0 0 124.117
24.75 2 0.6 1015.99 -32.05 77 0 0 124.096
24.7708 2 0.5 1016.15 -32.3 77 0 0 124.076
24.7917 2 0.25 1016.26 -32.4 76.5 0 0 124.195
24.8125 2 0 1016.36 -32.5 76 0 0 124.315
24.8333 2 0 1016.46 -32.5 76.5 0 0.48875 124.658
24.8542 2 0 1016.56 -32.5 77 0 0.9775 125.001
24.875 2 0 1016.61 -32.6 77 0 2.94925 125.348
24.8958 2 0 1016.66 -32.7 77 0 4.921 125.694
24.9167 2 0 1016.68 -32.8 77 0 6.49175 125.263
24.9375 2 0 1016.71 -32.9 77 0 8.0625 124.832
24.9583 2 0 1016.71 -32.95 77 0 7.33309 124.603
24.9792 2 0 1016.71 -33 77 0 6.60367 124.374
25 2 0.15 1016.71 -33.05 77 0 4.53942 124.274
25.0208 2 0.3 1016.72 -33.1 77 0 2.47517 124.174
25.0417 2 0.5 1016.72 -33.2 77 0 1.29917 124.174
25.0625 2 0.7 1016.73 -33.3 77 0 0.123167 124.175
25.0833 2 0.7 1016.85 -33.45 69.5 0 0.0615835 124.127
25.1042 2 0.7 1016.98 -33.6 62 0 0 124.079
25.125 2 0.9 1017.08 -33.6 61.5 0 0 124.367
25.1458 2 1.1 1017.18 -33.6 61 0 0 124.655
25.1667 2 0.75 1017.25 -33.6 61.5 0 0 124.747
25.1875 2 0.4 1017.32 -33.6 62 0 0 124.839
25.2083 2 0.45 1017.35 -33.6 62 0 0 124.964
25.2292 2 0.5 1017.39 -33.6 62 0 0 125.088
25.25 2 0.65 1017.3 -33.7 61.5 0 0 125.191
25.2708 2 0.8 1017.22 -33.8 61 0 0 125.295
25.2917 2 0.8 1017.27 -33.7 61.5 0 0 125.216
25.3125 2 0.8 1017.32 -33.6 62 0 0 125.137
25.3333 2 0.55 1017.36 -33.7 63.9286 0 0 125.305
25.3542 2 0.3 1017.4 -33.8 65.8571 0 0 125.473
25.375 2 0.15 1017.52 -33.75 63.9286 0 0 125.576
25.3958 2 0 1017.63 -33.7 62 0 0 125.68
25.4167 2 0 1017.79 -33.75 61.5 0 0 125.977
25.4375 2 0 1017.95 -33.8 61 0 0 126.274
25.4583 2 0 1017.99 -33.85 61 0 0 126.299
25.4792 2 0 1018.04 -33.9 61 0 0 126.324
25.5 2 0 1018.04 -33.95 61 0 0 126.201
25.5208 2 0 1018.04 -34 61 0 0 126.077
25.5417 2 0.05 1018.03 -33.75 61 0 0 126.303
25.5625 2 0.1 1018.01 -33.5 61 0 0 126.529
25.5833 2 0.05 1018.09 -33.35 61.5 0 0 127.141
25.6042 2 0 1018.17 -33.2 62 0 0 127.754
25.625 2 0 1018.3 -33.2 62 0 0 127.094
25.6458 2 0 1018.44 -33.2 62 0 0 126.434
25.6667 2 0.05 1018.55 -33.15 62 0 0 127.888
25.6875 2 0.1 1018.65 -33.1 62 0 0 129.342
25.7083 2 0.2 1018.76 -33.35 61.5 0 0 127.859
25.7292 2 0.3 1018.87 -33.6 61 0 0 126.377
25.75 2 0.3 1018.99 -33.65 61 0 0 126.343
25.7708 2 0.3 1019.12 -33.7 61 0 0 126.309
25.7917 2 0.5 1019.36 -33 62 0 0 128.139
25.8125 2 0.7 1019.6 -32.3 63 0 0 129.97
25.8333 2 1.3 1019.73 -32.5 62.5 0 0.4405 128.152
25.8542 2 1.9 1019.87 -32.7 62 0 0.881 126.334
25.875 2 2.15 1020.02 -33.05 61 0 3.13866 126.422
25.8958 2 2.4 1020.17 -33.4 60 0 5.39633 126.51
25.9167 2 2.5 1020.45 -33.2 60.5 0 6.91483 126.769
25.9375 2 2.6 1020.74 -33 61 0 8.43333 127.028
25.9583 2 2.65 1020.9 -32.95 61 0 7.82841 126.985
25.9792 2 2.7 1021.05 -32.9 61 0 7.2235 126.942
26 2 2.45 1021.2 -32.95 61 0 4.94466 126.864
26.0208 2 2.2 1021.34 -33 61 0 2.66583 126.786
26.0417 2 2.2 1021.52 -33.05 61 0 1.44075 127.378
26.0625 2 2.2 1021.69 -33.1 61 0 0.215667 127.969
26.0833 2 2.1 1021.83 -33.1 61 0 0.107833 128.697
26.1042 2 2 1021.96 -33.1 61 0 0 129.426
26.125 2 2.05 1022.11 -33.15 60.5 0 0 127.967
26.1458 2 2.1 1022.26 -33.2 60 0 0 126.509
26.1667 2 2.1 1022.47 -33.35 60 0 0 126.659
26.1875 2 2.1 1022.69 -33.5 60 0 0 126.808
26.2083 2 1.95 1018.7 -33.35 60 0 0 127.079
26.2292 2 1.8 1014.72 -33.2 60 0 0 127.35
26.25 2 1.85 1014.78 -33.2 60 0 0 131.889
26.2708 2 1.9 1014.85 -33.2 60 0 0 136.428
26.2917 2 1.9 1014.85 -33.3 60 0 0 132.143
26.3125 2 1.9 1014.86 -33.4 60 0 0 127.859
26.3333 2 1.9 1014.9 -33.3 63.2857 0 0 127.202
26.3542 2 1.9 1014.93 -33.2 66.5714 0 0 126.546
26.375 2 1.9 1015 -33.25 63.2857 0 0 126.324
26.3958 2 1.9 1015.07 -33.3 60 0 0 126.101
26.4167 2 1.9 1015.11 -33.45 60 0 0 126.144
26.4375 2 1.9 1015.16 -33.6 60 0 0 126.187
26.4583 2 1.85 1015.06 -33.8 59.5 0 0 125.855
26.4792 2 1.8 1014.97 -34 59 0 0 125.523
26.5 2 1.75 1014.9 -34.05 59 0 0 125.422
26.5208 2 1.7 1014.83 -34.1 59 0 0 125.321
26.5417 2 1.7 1014.78 -34.35 58.5 0 0 125.103
26.5625 2 1.7 1014.73 -34.6 58 0 0 124.885
26.5833 2 1.75 1014.61 -34.55 58 0 0 125.169
26.6042 2 1.8 1014.49 -34.5 58 0 0 125.452
26.625 2 1.85 1014.48 -34.65 58 0 0 125.56
26.6458 2 1.9 1014.48 -34.8 58 0 0 125.667
26.6667 2 1.9 1014.44 -34.9 58 0 0 126.527
26.6875 2 1.9 1014.41 -35 58 0 0 127.386
26.7083 2 1.8 1014.33 -34.85 58 0 0 133.054
26.7292 2 1.7 1014.26 -34.7 58 0 0 138.722
26.75 2 1.8 1014.18 -34.75 58 0 0 137.518
26.7708 2 1.9 1014.09 -34.8 58 0 0 136.314
26.7917 2 1.85 1014.04 -34.65 58 0 -0.0133334 134.898
26.8125 2 1.8 1013.99 -34.5 58 0 -0.0266667 133.482
26.8333 2 2 1014 -34.7 58 0 0.500417 131.456
26.8542 2 2.2 1014.01 -34.9 58 0 1.0275 129.431
26.875 2 2.2 1013.96 -35.05 57.5 0 3.20567 128.771
26.8958 2 2.2 1013.92 -35.2 57 0 5.38383 128.11
26.9167 2 3.05 1013.88 -35.55 56.5 0 6.73842 127.718
26.9375 2 3.9 1013.83 -35.9 56 0 8.093 127.326
26.9583 2 4.25 1013.78 -35.9 56 0 7.67692 126.931
26.9792 2 4.6 1013.73 -35.9 56 0 7.26083 126.536
27 2 4.65 1018.17 -35.4 56.5 0 5.10508 126.12
27.0208 2 4.7 1022.62 -34.9 57 0 2.94933 125.705
27.0417 2 4.65 1022.39 -34.8 57.5 0 1.57217 125.279
27.0625 2 4.6 1022.16 -34.7 58 0 0.195 124.854
27.0833 2 4.45 1021.9 -34.85 57.5 0 0.0975 127.551
27.1042 2 4.3 1021.63 -35 57 0 0 130.249
27.125 2 4.4 1021.4 -35 57 0 0 131.687
27.1458 2 4.5 1021.17 -35 57 0 0 133.125
27.1667 2 4.65 1020.96 -35.1 57 0 0 131.251
27.1875 2 4.8 1020.76 -35.2 57 0 0 129.376
27.2083 2 4.9 1020.55 -35.2 57 0 0 129.023
27.2292 2 5 1020.34 -35.2 57 0 0 128.671
27.25 2 4.85 1020.05 -35 57 0 0 125.143
27.2708 2 4.7 1019.76 -34.8 57 0 0 121.614
27.2917 2 4.75 1019.56 -35.3 56.5 0 0 122.497
27.3125 2 4.8 1019.36 -35.8 56 0 0 123.381
27.3333 2 5.05 1019.14 -34.7 61.5 0 0 134.318
27.3542 2 5.3 1018.91 -33.6 67 0 0 145.254
27.375 2 5.15 1018.74 -33.35 62.5 0 0 142.735
27.3958 2 5 1018.58 -33.1 58 0 0 140.216
27.4167 2 5.1 1018.29 -33.35 58 0 0 131.719
27.4375 2 5.2 1018 -33.6 58 0 0 123.221
27.4583 2 5.15 1017.65 -33.8 58 0 0 133.189
27.4792 2 5.1 1017.29 -34 58 0 0 143.157
27.5 2 5.25 1016.85 -33.55 58.5 0 0 144.888
27.5208 2 5.4 1016.41 -33.1 59 0 0 146.619
27.5417 2 5.6 1015.91 -32.85 59 0 0 145.204
27.5625 2 5.8 1015.41 -32.6 59 0 0 143.789
27.5833 2 5.45 1015.04 -32.85 58.5 0 0 143.577
27.6042 2 5.1 1014.67 -33.1 58 0 0 143.364
27.625 2 5.05 1014.13 -34.15 57.5 0 0 139.951
27.6458 2 5 1013.59 -35.2 57 0 0 136.538
27.6667 2 4.9 1013.04 -35.7 56.5 0 0 141.206
27.6875 2 4.8 1012.48 -36.2 56 0 0 145.874
27.7083 2 5.55 1011.94 -35.1 56.5 0 0 150.781
27.7292 2 6.3 1011.4 -34 57 0 0 155.688
27.75 2 6.55 1010.82 -33.75 57.5 0 0 154.028
27.7708 2 6.8 1010.24 -33.5 58 0 0 152.368
27.7917 2 6.75 1009.7 -33 59 0 0.0455 157.621
27.8125 2 6.7 1009.16 -32.5 60 0 0.091 162.874
27.8333 2 6.75 1008.57 -32.55 60 0 0.456917 154.603
27.8542 2 6.8 1007.99 -32.6 60 0 0.822833 146.333
27.875 2 6.35 1007.46 -33 59.5 0 3.56108 147.453
27.8958 2 5.9 1006.94 -33.4 59 0 6.29933 148.573
27.9167 2 6.5 1006.46 -33 59.5 0 8.009 151.296
27.9375 2 7.1 1005.98 -32.6 60 0 9.71867 154.019
27.9583 2 7.15 1005.46 -32.5 60.5 0 8.62792 154.93
27.9792 2 7.2 1004.94 -32.4 61 0 7.53717 155.842
28 2 7.2 1004.4 -31.85 61 0 5.31209 166.015
28.0208 2 7.2 1003.85 -31.3 61 0 3.087 176.188
28.0417 2 7.1 1003.28 -30.45 62 0 1.71025 180.87
28.0625 2 7 1002.72 -29.6 63 0 0.3335 185.553
28.0833 2 7.3 1002.18 -29.25 63.5 0 0.16675 186.164
28.1042 2 7.6 1001.64 -28.9 64 0 0 186.775
28.125 2 7.4 1001.25 -28.75 64 0 0 187.124
28.1458 2 7.2 1000.86 -28.6 64 0 0 187.473
28.1667 2 7.6 1000.46 -28.45 64.5 0 0 187.872
28.1875 2 8 1000.06 -28.3 65 0 0 188.27
28.2083 2 8.25 999.715 -28.25 65 0 0 189.31
28.2292 2 8.5 999.37 -28.2 65 0 0 190.349
28.25 2 8.2 999.12 -28.2 65 0 0 182.112
28.2708 2 7.9 998.87 -28.2 65 0 0 173.875
28.2917 2 7.6 998.65 -28.8 64.5 0 0 159.82
28.3125 2 7.3 998.43 -29.4 64 0 0 145.766
28.3333 2 7.1 998.31 -29.75 64.6429 0 0 146.663
28.3542 2 6.9 998.19 -30.1 65.2857 0 0 147.56
28.375 2 6.7 998.07 -29.9 64.1429 0 0 154.492
28.3958 2 6.5 997.95 -29.7 63 0 0 161.424
28.4167 2 6.5 997.865 -29.55 63 0 0 163.513
28.4375 2 6.5 997.78 -29.4 63 0 0 165.603
28.4583 2 6.35 997.585 -29.55 63 0 0 162.562
28.4792 2 6.2 997.39 -29.7 63 0 0 159.521
28.5 2 6.35 997.205 -30.1 62.5 0 0 150.485
28.5208 2 6.5 997.02 -30.5 62 0 0 141.449
28.5417 2 6 996.88 -30.8 61.5 0 0 142.661
28.5625 2 5.5 996.74 -31.1 61 0 0 143.874
28.5833 2 5.15 996.595 -31.05 61 0 0 147.872
28.6042 2 4.8 996.45 -31 61 0 0 151.871
28.625 2 4.65 996.32 -31.05 61 0 0 156.328
28.6458 2 4.5 996.19 -31.1 61 0 0 160.785
28.6667 2 4.5 996.085 -30.5 61.5 0 0 164.082
28.6875 2 4.5 995.98 -29.9 62 0 0 167.379
28.7083 2 4.4 995.885 -30 62 0 0 167.305
28.7292 2 4.3 995.79 -30.1 62 0 0 167.231
28.75 2 4.8 995.69 -30.05 62 0 0 161.035
28.7708 2 5.3 995.59 -30 62 0 0 154.838
28.7917 2 5.25 995.54 -30.5 61.5 0 0.127334 149.424
28.8125 2 5.2 995.49 -31 61 0 0.254667 144.01
28.8333 2 5.05 995.495 -30.5 61.5 0 2.07958 155.666
28.8542 2 4.9 995.5 -30 62 0 3.9045 167.322
28.875 2 4.85 995.51 -29.9 62 0 5.74191 158.701
28.8958 2 4.8 995.52 -29.8 62 0 7.57933 150.079
28.9167 2 5 995.5 -30.15 62 0 8.57858 149.355
28.9375 2 5.2 995.48 -30.5 62 0 9.57783 148.632
28.9583 2 5.3 995.385 -30.7 61.5 0 9.36142 147.419
28.9792 2 5.4 995.29 -30.9 61 0 9.145 146.205
29 2 5.55 995.235 -30.6 61.5 0 7.15392 154.875
29.0208 2 5.7 995.18 -30.3 62 0 5.16283 163.545
29.0417 2 5.7 995.12 -30.3 61.5 0 2.93116 157.476
29.0625 2 5.7 995.06 -30.3 61 0 0.6995 151.407
29.0833 2 6.05 995.005 -30 61.5 0 0.34975 164.917
29.1042 2 6.4 994.95 -29.7 62 0 0 178.428
29.125 2 6.05 994.92 -29.6 62 0 0 174.697
29.1458 2 5.7 994.89 -29.5 62 0 0 170.965
29.1667 2 5.1 994.835 -29.95 62 0 0 167.865
29.1875 2 4.5 994.78 -30.4 62 0 0 164.764
29.2083 2 5.15 994.745 -30.4 61.5 0 0 168.267
29.2292 2 5.8 994.71 -30.4 61 0 0 171.769
29.25 2 5.35 994.755 -30.2 61 0 0 172.082
29.2708 2 4.9 994.8 -30 61 0 0 172.395
29.2917 2 4.75 994.975 -29.9 61.5 0 0 173.465
29.3125 2 4.6 995.15 -29.8 62 0 0 174.536
29.3333 2 4.6 995.295 -29.9 61.4286 0 0 171.814
29.3542 2 4.6 995.44 -30 60.8571 0 0 169.093
29.375 2 4.9 995.445 -30.45 60.9286 0 0 160.368
29.3958 2 5.2 995.45 -30.9 61 0 0 151.644
29.4167 2 5.1 995.525 -31.25 60.5 0 0 152.431
29.4375 2 5 995.6 -31.6 60 0 0 153.219
29.4583 2 4.9 995.725 -32.05 59.5 0 0 150.715
29.4792 2 4.8 995.85 -32.5 59 0 0 148.212
29.5 2 4.45 995.925 -33 58.5 0 0 140.621
29.5208 2 4.1 996 -33.5 58 0 0 133.029
29.5417 2 4.1 996.07 -34.1 57.5 0 0 127.865
29.5625 2 4.1 996.14 -34.7 57 0 0 122.701
29.5833 2 4.25 996.23 -35.4 56.5 0 0 121.167
29.6042 2 4.4 996.32 -36.1 56 0 0 119.634
29.625 2 4.75 996.24 -36.35 55.5 0 0 123.617
29.6458 2 5.1 996.16 -36.6 55 0 0 127.599
29.6667 2 4.1 996.225 -37.1 55 0 0 129.548
29.6875 2 3.1 996.29 -37.6 55 0 0 131.497
29.7083 2 3.4 996.485 -37.75 54.5 0 0 126.483
29.7292 2 3.7 996.68 -37.9 54 0 0 121.469
29.75 2 4.05 996.905 -38.1 53.5 0 0 119.946
29.7708 2 4.4 997.13 -38.3 53 0 0 118.423
29.7917 2 4 997.225 -38.6 53 0 0.0666665 118.33
29.8125 2 3.6 997.32 -38.9 53 0 0.133333 118.238
29.8333 2 3.25 997.48 -39.35 52.5 0 1.88667 117.891
29.8542 2 2.9 997.64 -39.8 52 0 3.64 117.545
29.875 2 3.2 997.81 -39.9 52 0 6.76075 116.956
29.8958 2 3.5 997.98 -40 52 0 9.8815 116.367
29.9167 2 3.6 998.145 -40 52 0 12.3581 116.59
29.9375 2 3.7 998.31 -40 52 0 14.8347 116.813
29.9583 2 3.8 998.365 -40.05 52 0 13.989 121.576
29.9792 2 3.9 998.42 -40.1 52 0 13.1433 126.34
30 2 3.95 998.445 -40.4 51.5 0 9.24098 122.706
30.0208 2 4 998.47 -40.7 51 0 5.33867 119.072
30.0417 2 3.9 998.505 -40.8 51 0 3.12258 118.205
30.0625 2 3.8 998.54 -40.9 51 0 0.9065 117.338
30.0833 2 3.6 998.72 -41.15 51 0 0.45325 118.48
30.1042 2 3.4 998.9 -41.4 51 0 0 119.622
30.125 2 3.7 999.045 -41.55 50.5 0 0 118.784
30.1458 2 4 999.19 -41.7 50 0 0 117.945
30.1667 2 4.1 999.31 -41.35 50.5 0 0 120.465
30.1875 2 4.2 999.43 -41 51 0 0 122.985
30.2083 2 4.1 999.515 -40.65 51.5 0 0 126.466
30.2292 2 4 999.6 -40.3 52 0 0 129.947
30.25 2 3.65 999.695 -39.95 52 0 0 128.676
30.2708 2 3.3 999.79 -39.6 52 0 0 127.406
30.2917 2 2.95 999.835 -39.75 52 0 0 129.934
30.3125 2 2.6 999.88 -39.9 52 0 0 132.462
30.3333 2 2.35 1000.03 -40.05 60.9286 0 0 129.824
30.3542 2 2.1 1000.17 -40.2 69.8571 0 0 127.186
30.375 2 1.85 1000.32 -39.6 61.4286 0 0 127.891
30.3958 2 1.6 1000.48 -39 53 0 0 128.595
30.4167 2 1.3 1000.6 -39.15 52.5 0 0 132.114
30.4375 2 1 1000.72 -39.3 52 0 0 135.633
30.4583 2 1.1 1000.89 -38.8 52.5 0 0 133.582
30.4792 2 1.2 1001.05 -38.3 53 0 0 131.532
30.5 2 1.3 1001.04 -38.15 53 0 0 125.795
30.5208 2 1.4 1001.03 -38 53 0 0 120.058
30.5417 2 1.15 1001.02 -37.8 53.5 0 0 121.011
30.5625 2 0.9 1001 -37.6 54 0 0 121.965
30.5833 2 1 1001.08 -37.9 53.5 0 0 120.553
30.6042 2 1.1 1001.17 -38.2 53 0 0 119.141
30.625 2 1 1001.22 -38.2 53.5 0 0 119.03
30.6458 2 0.9 1001.28 -38.2 54 0 0 118.919
30.6667 2 0.7 1001.31 -37.3 55 0 0 119.768
30.6875 2 0.5 1001.34 -36.4 56 0 0 120.616
30.7083 2 0.45 1001.41 -36 56.5 0 0 120.204
30.7292 2 0.4 1001.47 -35.6 57 0 0 119.793
30.75 2 0.85 1001.55 -35.7 56.5 0 0 120.753
30.7708 2 1.3 1001.64 -35.8 56 0 0 121.713
30.7917 2 1.85 1001.8 -36.05 56 0 0.0675 122.7
30.8125 2 2.4 1001.96 -36.3 56 0 0.135 123.687
30.8333 2 2.75 1002.1 -36.6 56 0 2.278 123.623
30.8542 2 3.1 1002.25 -36.9 56 0 4.421 123.56
30.875 2 2.9 1002.29 -37.1 56 0 8.50825 124.09
30.8958 2 2.7 1002.32 -37.3 56 0 12.5955 124.621
30.9167 2 2.35 1002.41 -37.6 55.5 0 15.7957 121.279
30.9375 2 2 1002.5 -37.9 55 0 18.996 117.937
30.9583 2 1.9 1002.5 -37.75 55.5 0 16.8379 118.242
30.9792 2 1.8 1002.5 -37.6 56 0 14.6798 118.548
