0 2 2.75 1012.4 -11.7 70 0 436.143 253.198
0.0208333 2 2.6 1012.41 -11.7 69 0 416.422 251.964
0.0416667 2 2.1 1012.45 -11.55 65.5 0 390.807 250.556
0.0625 2 1.6 1012.49 -11.4 62 0 365.192 249.148
0.0833333 2 2 1012.57 -11.5 62.5 0 326.185 248.849
0.104167 2 2.4 1012.66 -11.6 63 0 287.178 248.55
0.125 2 2.5 1012.66 -11.75 64 0 254.027 248.828
0.145833 2 2.6 1012.66 -11.9 65 0 220.877 249.107
0.166667 2 2.85 1012.76 -12.05 64 0 196.792 248.478
0.1875 2 3.1 1012.86 -12.2 63 0 172.706 247.849
0.208333 2 2.85 1012.95 -12.3 62 0 136.128 246.844
0.229167 2 2.6 1013.05 -12.4 61 0 99.5502 245.838
0.25 2 2 1013.08 -12.5 61 0 74.6442 245.092
0.270833 2 1.4 1013.11 -12.6 61 0 49.7383 244.347
0.291667 2 1.55 1013.16 -12.65 62.5 0 31.3162 245.602
0.3125 2 1.7 1013.2 -12.7 64 0 12.8942 246.857
0.333333 2 1.85 1013.32 -12.75 66 0 8.06826 247.415
0.354167 2 2 1013.43 -12.8 68 0 3.24233 247.974
0.375 2 1.75 1013.53 -12.8 68.5 0 2.11208 247.861
0.395833 2 1.5 1013.62 -12.8 69 0 0.981833 247.747
0.416667 2 1.65 1013.67 -12.85 66.5 0 0.80825 247.384
0.4375 2 1.8 1013.71 -12.9 64 0 0.634667 247.022
0.458333 2 1.55 1013.8 -13 65 0 0.949248 246.401
0.479167 2 1.3 1013.89 -13.1 66 0 1.26383 245.779
0.5 2 1.25 1013.95 -13.15 66 0 2.864 245.494
0.520833 2 1.2 1014 -13.2 66 0 4.46417 245.209
0.541667 2 1.5 1014.04 -13.2 65.5 0 9.34974 245.215
0.5625 2 1.8 1014.07 -13.2 65 0 14.2353 245.22
0.583333 2 1.95 1014.08 -13.25 65.5 0 27.5563 245.552
0.604167 2 2.1 1014.1 -13.3 66 0 40.8773 245.885
0.625 2 2.25 1014.18 -13.25 66.5 0 59.8346 246.184
0.645833 2 2.4 1014.26 -13.2 67 0 78.792 246.482
0.666667 2 2.65 1014.32 -13.15 67 0 110.079 246.871
0.6875 2 2.9 1014.37 -13.1 67 0 141.366 247.261
0.708333 2 2.6 1014.42 -13 67 0 174.208 247.46
0.729167 2 2.3 1014.47 -12.9 67 0 207.05 247.659
0.75 2 1.9 1014.57 -12.65 66.5 0 245.275 248.106
0.770833 2 1.5 1014.68 -12.4 66 0 283.499 248.553
0.791667 2 1.75 1014.7 -12.4 66.5 0 322.632 248.654
0.8125 2 2 1014.71 -12.4 67 0 361.765 248.754
0.833333 2 2 1014.77 -12.3 65.5 0 401.141 248.362
0.854167 2 2 1014.82 -12.2 64 0 440.516 247.97
0.875 2 1.5 1014.94 -11.8 61.5 0 470.489 248.225
0.895833 2 1 1015.06 -11.4 59 0 500.462 248.479
0.916667 2 1.5 1015.1 -11.5 61 0 517.116 248.529
0.9375 2 2 1015.15 -11.6 63 0 533.77 248.579
0.958333 2 1.95 1015.24 -11.6 63 0 509.233 249.135
0.979167 2 1.9 1015.33 -11.6 63 0 484.695 249.692
1 2 2.15 1015.34 -11.65 64 0 451.513 249.902
1.02083 2 2.4 1015.36 -11.7 65 0 418.332 250.113
1.04167 2 2.5 1015.44 -11.75 65 0 387.091 250.068
1.0625 2 2.6 1015.52 -11.8 65 0 355.85 250.023
1.08333 2 2.3 1015.55 -11.8 65 0 317.721 250.056
1.10417 2 2 1015.57 -11.8 65 0 279.591 250.09
1.125 2 2 1015.51 -11.95 65.5 0 246.506 250.077
1.14583 2 2 1015.44 -12.1 66 0 213.421 250.065
1.16667 2 1.75 1015.55 -12.15 66 0 174.425 249.844
1.1875 2 1.5 1015.67 -12.2 66 0 135.429 249.624
1.20833 2 1.3 1015.71 -12.3 65.5 0 113.718 249.375
1.22917 2 1.1 1015.75 -12.4 65 0 92.0064 249.127
1.25 2 1.25 1015.7 -12.5 65.5 0 70.034 248.803
1.27083 2 1.4 1015.66 -12.6 66 0 48.0617 248.479
1.29167 2 1.4 1015.71 -12.6 67 0 32.9264 248.734
1.3125 2 1.4 1015.76 -12.6 68 0 17.7912 248.99
1.33333 2 1.45 1015.71 -12.65 69 0 10.7235 249.203
1.35417 2 1.5 1015.65 -12.7 70 0 3.65583 249.416
1.375 2 1.65 1015.64 -12.9 71.5 0 2.37117 249.064
1.39583 2 1.8 1015.63 -13.1 73 0 1.0865 248.712
1.41667 2 1.4 1015.58 -13.1 72 0 1.02133 248.806
1.4375 2 1 1015.52 -13.1 71 0 0.956167 248.899
1.45833 2 0.55 1015.45 -13.15 73 0 1.33367 249.844
1.47917 2 0.1 1015.37 -13.2 75 0 1.71117 250.788
1.5 2 0.95 1015.32 -13.25 76.5 0 3.16117 247.949
1.52083 2 1.8 1015.26 -13.3 78 0 4.61117 245.11
1.54167 2 2.5 1015.18 -13.4 78 0 9.01398 243.878
1.5625 2 3.2 1015.11 -13.5 78 0 13.4168 242.645
1.58333 2 3.75 1014.98 -13.35 78 0 25.3989 246.211
1.60417 2 4.3 1014.85 -13.2 78 0 37.381 249.777
1.625 2 4.2 1014.73 -13.25 77.5 0 67.8094 249.397
1.64583 2 4.1 1014.62 -13.3 77 0 98.2378 249.018
1.66667 2 4.2 1014.54 -13.3 76.5 0 136.826 248.931
1.6875 2 4.3 1014.46 -13.3 76 0 175.415 248.844
1.70833 2 4.4 1014.42 -13.3 76 0 201.667 249.589
1.72917 2 4.5 1014.37 -13.3 76 0 227.92 250.334
1.75 2 4.2 1014.24 -13.15 76 0 267.965 250.751
1.77083 2 3.9 1014.12 -13 76 0 308.01 251.169
1.79167 2 3.75 1014.05 -12.75 75.5 0 351.927 252.1
1.8125 2 3.6 1013.99 -12.5 75 0 395.844 253.032
1.83333 2 3.65 1013.87 -12.3 74 0 442.891 245.624
1.85417 2 3.7 1013.75 -12.1 73 0 489.939 238.215
1.875 2 3.2 1013.7 -11.95 73.5 0 499.27 240.765
1.89583 2 2.7 1013.64 -11.8 74 0 508.601 243.315
1.91667 2 2.5 1013.57 -11.65 73.5 0 498.403 247.755
1.9375 2 2.3 1013.5 -11.5 73 0 488.205 252.194
1.95833 2 2 1013.45 -11.45 74 0 482.563 253.713
1.97917 2 1.7 1013.41 -11.4 75 0 476.922 255.232
2 2 2.05 1013.38 -11.5 75.5 0 429.821 256.024
2.02083 2 2.4 1013.34 -11.6 76 0 382.72 256.816
2.04167 2 2.45 1013.41 -11.7 76.5 0 362.07 256.333
2.0625 2 2.5 1013.47 -11.8 77 0 341.419 255.85
2.08333 2 2.95 1013.49 -11.95 76 0 330.275 253.944
2.10417 2 3.4 1013.52 -12.1 75 0 319.131 252.038
2.125 2 3.35 1013.61 -12.4 75.5 0 300.533 237.822
2.14583 2 3.3 1013.7 -12.7 76 0 281.935 223.606
2.16667 2 3.25 1013.86 -13.5 76 0 232.422 218.277
2.1875 2 3.2 1014.02 -14.3 76 0 182.908 212.948
2.20833 2 2.8 1014.07 -14.4 76.5 0 146.25 225.245
2.22917 2 2.4 1014.11 -14.5 77 0 109.592 237.541
2.25 2 2.2 1014.2 -14.35 77.5 0 80.7242 238.155
2.27083 2 2 1014.29 -14.2 78 0 51.8563 238.768
2.29167 2 1.9 1014.33 -14.3 78 0 34.01 241.535
2.3125 2 1.8 1014.38 -14.4 78 0 16.1637 244.302
2.33333 2 1.65 1014.43 -14.3 78 0 10.2479 245.77
2.35417 2 1.5 1014.49 -14.2 78 0 4.332 247.237
2.375 2 1.35 1014.46 -14.15 78 0 2.95183 245.35
2.39583 2 1.2 1014.44 -14.1 78 0 1.57167 243.462
2.41667 2 1.05 1014.42 -14.05 77.5 0 1.39675 244.794
2.4375 2 0.9 1014.41 -14 77 0 1.22183 246.125
2.45833 2 1.55 1014.36 -13.85 77 0 1.55333 247.626
2.47917 2 2.2 1014.31 -13.7 77 0 1.88483 249.128
2.5 2 2.55 1014.22 -13.45 77.5 0 3.61342 250.293
2.52083 2 2.9 1014.14 -13.2 78 0 5.342 251.457
2.54167 2 3.45 1013.98 -12.95 77.5 0 12.2286 252.866
2.5625 2 4 1013.83 -12.7 77 0 19.1153 254.274
2.58333 2 4.4 1013.65 -12.55 77.5 0 33.1307 255.455
2.60417 2 4.8 1013.46 -12.4 78 0 47.1462 256.636
2.625 2 5.1 1013.25 -12.2 78.5 0 67.2318 258.128
2.64583 2 5.4 1013.04 -12 79 0 87.3173 259.62
2.66667 2 5.1 1012.85 -11.6 80 3.45865e-006 116.574 261.18
2.6875 2 4.8 1012.66 -11.2 81 6.91731e-006 145.831 262.741
2.70833 2 4.9 1012.54 -10.95 81 6.91731e-006 180.729 263.44
2.72917 2 5 1012.42 -10.7 81 6.91731e-006 215.628 264.138
2.75 2 4.9 1012.41 -10.5 80.5 3.45865e-006 252.066 264.914
2.77083 2 4.8 1012.4 -10.3 80 0 288.505 265.691
2.79167 2 4.75 1012.29 -10.05 80 0 315.467 266.197
2.8125 2 4.7 1012.18 -9.8 80 0 342.429 266.702
2.83333 2 5.35 1012.13 -9.65 80 0 368.626 267.001
2.85417 2 6 1012.07 -9.5 80 0 394.824 267.3
2.875 2 6.6 1012.12 -9.35 79.5 0 432.75 267.447
2.89583 2 7.2 1012.17 -9.2 79 0 470.677 267.594
2.91667 2 7.25 1012.24 -9.35 79 0 439.124 268.331
2.9375 2 7.3 1012.32 -9.5 79 0 407.57 269.068
2.95833 2 7.1 1012.46 -9.5 79 0 401.309 268.926
2.97917 2 6.9 1012.59 -9.5 79 0 395.047 268.784
3 2 7.1 1012.76 -9.4 78.5 0 380.325 267.807
3.02083 2 7.3 1012.92 -9.3 78 0 365.603 266.83
3.04167 2 7.45 1012.97 -9.1 77.5 0 359.23 265.386
3.0625 2 7.6 1013.02 -8.9 77 0 352.857 263.943
3.08333 2 7.75 1013.09 -9 77.5 0 322.299 262.75
3.10417 2 7.9 1013.17 -9.1 78 0 291.742 261.557
3.125 2 7.85 1013.32 -9.15 78 0 275.284 261.049
3.14583 2 7.8 1013.47 -9.2 78 0 258.825 260.541
3.16667 2 8.1 1013.64 -9.45 78 0 196.596 259.468
3.1875 2 8.4 1013.81 -9.7 78 0 134.368 258.395
3.20833 2 8.1 1014.15 -10.4 77 0 122.6 242.331
3.22917 2 7.8 1014.49 -11.1 76 0 110.831 226.268
3.25 2 7.85 1014.8 -11.45 75.5 0 89.3188 233.435
3.27083 2 7.9 1015.11 -11.8 75 0 67.8065 240.602
3.29167 2 7.9 1015.38 -12.05 74.5 0 43.2047 243.513
3.3125 2 7.9 1015.64 -12.3 74 0 18.6028 246.423
3.33333 2 7.75 1015.87 -12.45 74 0 11.9673 247.883
3.35417 2 7.6 1016.1 -12.6 74 0 5.33183 249.344
3.375 2 7.05 1016.29 -13.1 73 0 3.20825 231.779
3.39583 2 6.5 1016.49 -13.6 72 0 1.08467 214.213
3.41667 2 6.2 1016.9 -14.65 72.5 0 0.662085 208.587
3.4375 2 5.9 1017.3 -15.7 73 0 0.2395 202.96
3.45833 2 5.9 1017.48 -16.3 73.5 0 0.818 190.816
3.47917 2 5.9 1017.66 -16.9 74 0 1.3965 178.671
3.5 2 5.45 1017.92 -17.7 74 0 5.17575 174.052
3.52083 2 5 1018.19 -18.5 74 0 8.955 169.432
3.54167 2 4.9 1018.45 -18.65 73.5 0 22.1245 170.243
3.5625 2 4.8 1018.72 -18.8 73 0 35.2939 171.055
3.58333 2 4.9 1018.99 -18.45 73.5 0 57.3306 172.727
3.60417 2 5 1019.27 -18.1 74 0 79.3673 174.398
3.625 2 5.2 1019.53 -17.65 74 0 132.689 174.585
3.64583 2 5.4 1019.79 -17.2 74 0 186.01 174.771
3.66667 2 5.3 1020.04 -16.8 74.5 0 231.999 175.426
3.6875 2 5.2 1020.29 -16.4 75 0 277.988 176.08
3.70833 2 5.2 1020.58 -15.9 75.5 0 327.934 176.559
3.72917 2 5.2 1020.87 -15.4 76 0 377.879 177.038
3.75 2 5.4 1021.2 -14.8 76 0 429.685 190.681
3.77083 2 5.6 1021.54 -14.2 76 0 481.49 204.324
3.79167 2 5.45 1021.8 -14 76 0 469.654 222.155
3.8125 2 5.3 1022.06 -13.8 76 0 457.818 239.986
3.83333 2 5.15 1022.34 -13.8 74.5 0 519.339 224.409
3.85417 2 5 1022.62 -13.8 73 0 580.859 208.832
3.875 2 4.85 1022.88 -13.65 73 0 585.076 220.366
3.89583 2 4.7 1023.13 -13.5 73 0 589.292 231.899
3.91667 2 4.8 1023.34 -13.45 73.5 0 583.234 236.849
3.9375 2 4.9 1023.56 -13.4 74 0 577.175 241.799
3.95833 2 4.8 1023.76 -13.25 73 0 567.351 237.574
3.97917 2 4.7 1023.95 -13.1 72 0 557.527 233.349
4 2 4.35 1024.15 -13.15 71.5 0 549.43 233.396
4.02083 2 4 1024.34 -13.2 71 0 541.334 233.444
4.04167 2 3.85 1024.57 -13.25 71.5 0 485.344 239.478
4.0625 2 3.7 1024.8 -13.3 72 0 429.353 245.511
4.08333 2 3.6 1024.94 -13.3 72.5 0 383.1 246.074
4.10417 2 3.5 1025.07 -13.3 73 0 336.848 246.637
4.125 2 3.55 1025.28 -13.35 74 0 287.741 247.358
4.14583 2 3.6 1025.5 -13.4 75 0 238.634 248.079
4.16667 2 3.65 1025.7 -13.55 75.5 0 198.074 248.034
4.1875 2 3.7 1025.9 -13.7 76 0 157.515 247.988
4.20833 2 3.45 1021.81 -13.75 75.5 0 127.279 247.634
4.22917 2 3.2 1017.71 -13.8 75 0 97.0423 247.28
4.25 2 3.05 1017.79 -13.8 75 0 73.6303 247.286
4.27083 2 2.9 1017.87 -13.8 75 0 50.2183 247.292
4.29167 2 3 1017.97 -13.75 75.5 0 34.7641 247.49
4.3125 2 3.1 1018.07 -13.7 76 0 19.31 247.688
4.33333 2 3.25 1018.2 -13.8 76 0 12.9416 247.577
4.35417 2 3.4 1018.33 -13.9 76 0 6.57317 247.465
4.375 2 3.7 1018.35 -13.95 76.5 0 4.51617 247.212
4.39583 2 4 1018.37 -14 77 0 2.45917 246.959
4.41667 2 3.95 1018.41 -14.35 75.5 0 2.089 244.322
4.4375 2 3.9 1018.45 -14.7 74 0 1.71883 241.684
4.45833 2 3.65 1018.51 -14.9 73.5 0 2.51283 237.223
4.47917 2 3.4 1018.56 -15.1 73 0 3.30683 232.761
4.5 2 3.2 1018.65 -15.3 73 0 6.75832 229.043
4.52083 2 3 1018.74 -15.5 73 0 10.2098 225.324
4.54167 2 3 1018.7 -15.8 73.5 0 21.131 221.071
4.5625 2 3 1018.67 -16.1 74 0 32.0522 216.818
4.58333 2 2.75 1018.68 -17.15 74 0 51.2744 211.477
4.60417 2 2.5 1018.69 -18.2 74 0 70.4967 206.137
4.625 2 2.65 1018.8 -18.55 74 0 102.384 201.614
4.64583 2 2.8 1018.9 -18.9 74 0 134.271 197.091
4.66667 2 2.65 1018.92 -18.8 73.5 0 187.299 193.884
4.6875 2 2.5 1018.93 -18.7 73 0 240.328 190.677
4.70833 2 2.45 1018.99 -18.65 72.5 0 287.585 191.394
4.72917 2 2.4 1019.05 -18.6 72 0 334.841 192.111
4.75 2 3.2 1019.07 -17.7 74 0 371.127 201.851
4.77083 2 4 1019.09 -16.8 76 0 407.413 211.591
4.79167 2 4.2 1019.11 -16.55 76.5 0 435.729 219.965
4.8125 2 4.4 1019.13 -16.3 77 0 464.046 228.34
4.83333 2 4.4 1019.17 -16.1 77 0 505.963 230.979
4.85417 2 4.4 1019.21 -15.9 77 0 547.88 233.618
4.875 2 4.7 1019.24 -15.8 76.5 0 574.668 232.15
4.89583 2 5 1019.27 -15.7 76 0 601.457 230.683
4.91667 2 5.1 1019.29 -15.7 76 0 622.647 224.555
4.9375 2 5.2 1019.31 -15.7 76 0 643.837 218.427
4.95833 2 5.35 1019.29 -15.65 74.5 0 646.744 200.556
4.97917 2 5.5 1019.27 -15.6 73 0 649.651 182.684
5 2 5.45 1018.96 -15.6 72.5 0 594.377 192.734
5.02083 2 5.4 1018.66 -15.6 72 0 539.103 202.785
5.04167 2 5.5 1018.61 -15.5 72 0 504.11 210.216
5.0625 2 5.6 1018.57 -15.4 72 0 469.117 217.647
5.08333 2 5.8 1018.52 -15.35 72 0 422.814 217.777
5.10417 2 6 1018.47 -15.3 72 0 376.51 217.906
5.125 2 5.9 1018.43 -15.35 72 0 330.461 216.643
5.14583 2 5.8 1018.39 -15.4 72 0 284.413 215.38
5.16667 2 5.75 1018.42 -15.45 72.5 0 249.745 202.793
5.1875 2 5.7 1018.45 -15.5 73 0 215.078 190.206
5.20833 2 4.8 1018.42 -16.5 73 0 178.775 179.133
5.22917 2 3.9 1018.39 -17.5 73 0 142.471 168.059
5.25 2 4.15 1018.39 -18.5 73.5 0 109.087 167.56
5.27083 2 4.4 1018.39 -19.5 74 0 75.7037 167.061
5.29167 2 4.75 1018.2 -20.3 73 0 52.7891 166.306
5.3125 2 5.1 1018 -21.1 72 0 29.8745 165.55
5.33333 2 5.15 1018.08 -21.65 71 0 19.6438 164.746
5.35417 2 5.2 1018.16 -22.2 70 0 9.41317 163.942
5.375 2 5.05 1018.17 -22.65 69 0 6.2415 171.14
5.39583 2 4.9 1018.18 -23.1 68 0 3.06983 178.338
5.41667 2 4.55 1018.17 -22.8 67.5 0 2.708 190.468
5.4375 2 4.2 1018.16 -22.5 67 0 2.34617 202.598
5.45833 2 4.5 1018.16 -22.75 66.5 0 3.01517 182.571
5.47917 2 4.8 1018.17 -23 66 0 3.68417 162.544
5.5 2 4.8 1018.14 -23 66 0 8.16669 166.647
5.52083 2 4.8 1018.1 -23 66 0 12.6492 170.75
5.54167 2 4.65 1018.03 -23.05 67 0 26.7952 169.377
5.5625 2 4.5 1017.96 -23.1 68 0 40.9412 168.004
5.58333 2 4.65 1017.92 -22.95 68.5 0 60.4217 172.992
5.60417 2 4.8 1017.88 -22.8 69 0 79.9022 177.981
5.625 2 4.65 1017.83 -22.8 70 0 113.951 182.763
5.64583 2 4.5 1017.79 -22.8 71 0 148 187.545
5.66667 2 4.4 1017.82 -22.75 72.5 0 205.921 182.538
5.6875 2 4.3 1017.84 -22.7 74 0 263.842 177.53
5.70833 2 4.2 1017.84 -22.2 75.5 0 284.282 171.495
5.72917 2 4.1 1017.83 -21.7 77 0 304.722 165.461
5.75 2 4.8 1017.81 -20.65 77 0 356.212 165.342
5.77083 2 5.5 1017.79 -19.6 77 0 407.703 165.223
5.79167 2 6.25 1017.69 -18.5 77 0 449.718 167.778
5.8125 2 7 1017.6 -17.4 77 0 491.733 170.333
5.83333 2 7.05 1017.82 -16.8 75 0 511.006 168.77
5.85417 2 7.1 1018.03 -16.2 73 0 530.279 167.207
5.875 2 7.3 1017.98 -15.95 71.5 0 545.394 167.185
5.89583 2 7.5 1017.93 -15.7 70 0 560.509 167.162
5.91667 2 7.55 1017.87 -15.5 69 0 566.076 167.833
5.9375 2 7.6 1017.81 -15.3 68 0 571.642 168.503
5.95833 2 7.9 1017.8 -15.1 67.5 0 607.328 169.117
5.97917 2 8.2 1017.8 -14.9 67 0 643.015 169.73
6 2 8.2 1017.79 -14.7 67 0 629.744 170.051
6.02083 2 8.2 1017.79 -14.5 67 0 616.473 170.371
6.04167 2 8.25 1017.75 -14.35 67 0 581.706 170.592
6.0625 2 8.3 1017.71 -14.2 67 0 546.938 170.814
6.08333 2 8 1017.71 -14.2 67 0 500.946 170.801
6.10417 2 7.7 1017.72 -14.2 67 0 454.954 170.789
6.125 2 7.5 1017.75 -14.25 67.5 0 401.906 170.773
6.14583 2 7.3 1017.78 -14.3 68 0 348.859 170.757
6.16667 2 7 1017.72 -14.55 69 0 299.991 170.612
6.1875 2 6.7 1017.67 -14.8 70 0 251.123 170.467
6.20833 2 6.15 1017.68 -15.35 71 0 205.805 169.85
6.22917 2 5.6 1017.7 -15.9 72 0 160.486 169.234
6.25 2 5.5 1017.78 -16.55 72.5 0 120.637 168.558
6.27083 2 5.4 1017.86 -17.2 73 0 80.7872 167.882
6.29167 2 5.6 1017.94 -17.75 73.5 0 55.8026 167.373
6.3125 2 5.8 1018.02 -18.3 74 0 30.818 166.864
6.33333 2 5.85 1018.1 -18.65 74 0 20.1908 166.402
6.35417 2 5.9 1018.19 -19 74 0 9.5635 165.94
6.375 2 5.85 1018.29 -19.45 73.5 0 6.70734 165.4
6.39583 2 5.8 1018.38 -19.9 73 0 3.85117 164.861
6.41667 2 5.8 1018.42 -20.25 71 0 3.34125 164.491
6.4375 2 5.8 1018.47 -20.6 69 0 2.83133 164.122
6.45833 2 5.8 1018.51 -20.85 69 0 4.22992 164.142
6.47917 2 5.8 1018.54 -21.1 69 0 5.6285 164.163
6.5 2 5.75 1018.54 -21.25 68.5 0 10.8646 164.13
6.52083 2 5.7 1018.55 -21.4 68 0 16.1008 164.097
6.54167 2 5.75 1018.55 -21.1 69 0 30.9958 164.646
6.5625 2 5.8 1018.56 -20.8 70 0 45.8909 165.195
6.58333 2 5.8 1018.51 -20.25 70.5 0 70.0923 167.763
6.60417 2 5.8 1018.46 -19.7 71 0 94.2938 170.331
6.625 2 5.75 1018.46 -19.25 72 0 142.865 172.339
6.64583 2 5.7 1018.47 -18.8 73 0 191.436 174.347
6.66667 2 5.75 1018.4 -18.35 73 0 211.674 183.734
6.6875 2 5.8 1018.33 -17.9 73 0 231.912 193.121
6.70833 2 6.45 1018.34 -17.1 74 0 256.508 217.857
6.72917 2 7.1 1018.35 -16.3 75 0 281.104 242.594
6.75 2 7.35 1018.31 -15.75 75.5 0 321.586 227.081
6.77083 2 7.6 1018.27 -15.2 76 0 362.068 211.569
6.79167 2 7.3 1018.22 -14.7 76 0 387.749 199.129
6.8125 2 7 1018.18 -14.2 76 0 413.43 186.689
6.83333 2 6.85 1018.14 -13.7 77 0 442.146 188.393
6.85417 2 6.7 1018.1 -13.2 78 0 470.863 190.097
6.875 2 7.05 1018.05 -12.75 78 0 489.252 204.521
6.89583 2 7.4 1018 -12.3 78 0 507.641 218.944
6.91667 2 7.8 1017.91 -12 77 0 522.839 213.26
6.9375 2 8.2 1017.82 -11.7 76 0 538.036 207.576
6.95833 2 8.2 1017.71 -11.5 77 0 543.025 199.223
6.97917 2 8.2 1017.59 -11.3 78 0 548.013 190.869
7 2 7.95 1017.45 -11.15 77.5 0 568.097 190.388
7.02083 2 7.7 1017.3 -11 77 0 588.181 189.907
7.04167 2 7.7 1017.2 -10.95 77 0 565.383 188.659
7.0625 2 7.7 1017.09 -10.9 77 0 542.584 187.411
7.08333 2 7.65 1021.62 -10.9 76.5 0 497.337 187.517
7.10417 2 7.6 1026.15 -10.9 76 0 452.091 187.624
7.125 2 7.25 1026.03 -11 76 0 401.7 187.512
7.14583 2 6.9 1025.9 -11.1 76 0 351.308 187.401
7.16667 2 6.8 1025.78 -11.35 75.5 0 301.286 187.06
7.1875 2 6.7 1025.66 -11.6 75 0 251.264 186.718
7.20833 2 6.4 1025.52 -11.95 75.5 0 206.305 185.469
7.22917 2 6.1 1025.38 -12.3 76 0 161.346 184.22
7.25 2 5.95 1025.29 -12.85 76.5 0 122.649 183.728
7.27083 2 5.8 1025.2 -13.4 77 0 83.953 183.235
7.29167 2 5.7 1025.02 -14 77.5 0 59.1828 183.118
7.3125 2 5.6 1024.85 -14.6 78 0 34.4125 183.002
7.33333 2 5.5 1024.71 -15.25 78 0 22.9918 182.395
7.35417 2 5.4 1024.56 -15.9 78 0 11.5712 181.788
7.375 2 5.5 1024.34 -16.4 77.5 0 8.40085 181.107
7.39583 2 5.6 1024.13 -16.9 77 0 5.2305 180.427
7.41667 2 5.5 1023.96 -17.4 75.5 0 4.65784 178.706
7.4375 2 5.4 1023.79 -17.9 74 0 4.08517 176.986
7.45833 2 5.45 1023.52 -18.15 74 0 5.60608 176.416
7.47917 2 5.5 1023.25 -18.4 74 0 7.127 175.846
7.5 2 5.45 1023.04 -18.65 74 0 14.2617 175.633
7.52083 2 5.4 1022.82 -18.9 74 0 21.3963 175.42
7.54167 2 5.2 1022.66 -19.05 73.5 0 36.0058 175.048
7.5625 2 5 1022.5 -19.2 73 0 50.6154 174.675
7.58333 2 5.1 1022.33 -19.15 73.5 0 73.0656 174.501
7.60417 2 5.2 1022.15 -19.1 74 0 95.5157 174.326
7.625 2 5.2 1021.87 -18.6 75 0 150.55 174.053
7.64583 2 5.2 1021.59 -18.1 76 0 205.585 173.781
7.66667 2 4.9 1021.3 -17.75 76 0 249.932 173.608
7.6875 2 4.6 1021.01 -17.4 76 0 294.278 173.435
7.70833 2 4.9 1020.79 -16.95 75.5 0 334.509 180.207
7.72917 2 5.2 1020.57 -16.5 75 0 374.74 186.979
7.75 2 5.3 1020.49 -16.3 75.5 0 416.746 193.42
7.77083 2 5.4 1020.41 -16.1 76 0 458.753 199.861
7.79167 2 4.45 1020.13 -15.55 78.5 3.45865e-006 467.879 222.518
7.8125 2 3.5 1019.84 -15 81 6.91731e-006 477.005 245.175
7.83333 2 3.3 1019.59 -14.35 81.5 6.96001e-006 511.178 244.98
7.85417 2 3.1 1019.33 -13.7 82 7.00272e-006 545.352 244.786
7.875 2 2.65 1019.01 -13.65 81 3.50136e-006 593.094 228.548
7.89583 2 2.2 1018.68 -13.6 80 0 640.836 212.311
7.91667 2 2.2 1018.37 -13.25 80.5 3.45865e-006 661.059 201.723
7.9375 2 2.2 1018.06 -12.9 81 6.91731e-006 681.282 191.135
7.95833 2 2.4 1017.61 -12.45 81.5 6.96001e-006 669.331 192.523
7.97917 2 2.6 1017.17 -12 82 7.00272e-006 657.379 193.911
8 2 2.7 1016.76 -11.8 82 7.00272e-006 631.959 200.562
8.02083 2 2.8 1016.34 -11.6 82 7.00272e-006 606.539 207.213
8.04167 2 2.85 1015.99 -11.4 82 7.00272e-006 535.183 225.628
8.0625 2 2.9 1015.65 -11.2 82 7.00272e-006 463.828 244.042
8.08333 2 3 1015.28 -11.1 81.5 6.96001e-006 412.066 248.198
8.10417 2 3.1 1014.9 -11 81 6.91731e-006 360.305 252.353
8.125 2 3 1014.49 -11.2 81 6.91731e-006 315.729 250.573
8.14583 2 2.9 1014.08 -11.4 81 6.91731e-006 271.152 248.793
8.16667 2 2.65 1013.71 -11.5 81.5 6.96001e-006 242.382 248.86
8.1875 2 2.4 1013.35 -11.6 82 7.00272e-006 213.612 248.927
8.20833 2 2.95 1013.08 -11.65 81.5 6.96001e-006 163.447 257.96
8.22917 2 3.5 1012.82 -11.7 81 6.91731e-006 113.283 266.992
8.25 2 3.15 1012.54 -11.75 81 6.91731e-006 86.7166 266.963
8.27083 2 2.8 1012.26 -11.8 81 6.91731e-006 60.1502 266.934
8.29167 2 2.3 1011.86 -11.8 81 6.91731e-006 43.4647 266.67
8.3125 2 1.8 1011.47 -11.8 81 6.91731e-006 26.7792 266.406
8.33333 2 1.85 1011.1 -11.7 81.5 6.96001e-006 18.4767 266.875
8.35417 2 1.9 1010.73 -11.6 82 7.00272e-006 10.1742 267.344
8.375 2 2 1010.41 -11.45 82.5 7.04542e-006 7.62344 267.724
8.39583 2 2.1 1010.1 -11.3 83 7.08811e-006 5.07267 268.104
8.41667 2 2.15 1009.77 -11.05 79.8571 3.54406e-006 4.67675 269.077
8.4375 2 2.2 1009.43 -10.8 76.7143 0 4.28083 270.05
8.45833 2 2.6 1009.13 -10.4 79.8571 3.54406e-006 5.06291 270.434
8.47917 2 3 1008.83 -10 83 7.08811e-006 5.845 270.818
8.5 2 3.05 1008.64 -9.85 83.5 7.13081e-006 9.21885 271.126
8.52083 2 3.1 1008.45 -9.7 84 7.1735e-006 12.5927 271.435
8.54167 2 3 1008.18 -9.7 84 7.1735e-006 21.4415 271.44
8.5625 2 2.9 1007.92 -9.7 84 7.1735e-006 30.2902 271.446
8.58333 2 2.9 1007.73 -9.7 84 7.1735e-006 50.2396 269.663
8.60417 2 2.9 1007.55 -9.7 84 7.1735e-006 70.189 267.879
8.625 2 3.05 1007.34 -9.7 84 7.1735e-006 102.188 264.581
8.64583 2 3.2 1007.13 -9.7 84 7.1735e-006 134.187 261.282
8.66667 2 3.55 1006.93 -9.7 84 7.1735e-006 167.975 263.021
8.6875 2 3.9 1006.73 -9.7 84 7.1735e-006 201.763 264.761
8.70833 2 3.8 1006.57 -9.7 84 7.1735e-006 238.982 265.703
8.72917 2 3.7 1006.4 -9.7 84 7.1735e-006 276.202 266.645
8.75 2 3.6 1006.28 -9.65 85 7.2589e-006 325.75 266.903
8.77083 2 3.5 1006.15 -9.6 86 7.34431e-006 375.297 267.161
8.79167 2 3.6 1006.05 -9.45 87.5 7.4724e-006 389.552 268.435
8.8125 2 3.7 1005.94 -9.3 89 7.6005e-006 403.807 269.708
8.83333 2 3.9 1005.8 -9.05 89 7.6005e-006 433.229 270.518
8.85417 2 4.1 1005.65 -8.8 89 7.6005e-006 462.652 271.329
8.875 2 4.25 1005.48 -8.65 87.5 7.4724e-006 483.029 270.909
8.89583 2 4.4 1005.31 -8.5 86 7.34431e-006 503.406 270.489
8.91667 2 4.4 1005.1 -8.4 85.5 7.30161e-006 519.775 270.896
8.9375 2 4.4 1004.9 -8.3 85 7.25892e-006 536.144 271.302
8.95833 2 4.75 1004.72 -8.5 85.5 7.30161e-006 521.919 270.81
8.97917 2 5.1 1004.55 -8.7 86 7.34431e-006 507.694 270.317
9 2 5.1 1004.35 -8.8 85.5 7.30161e-006 489.611 269.896
9.02083 2 5.1 1004.15 -8.9 85 7.25892e-006 471.528 269.475
9.04167 2 4.9 1004.01 -8.8 85.5 7.30161e-006 437.078 269.95
9.0625 2 4.7 1003.87 -8.7 86 7.34431e-006 402.629 270.425
9.08333 2 4.3 1003.7 -8.55 85 7.2589e-006 338.821 270.711
9.10417 2 3.9 1003.54 -8.4 84 7.1735e-006 275.013 270.997
9.125 2 3.7 1003.36 -8.35 84 7.1735e-006 242.396 270.794
9.14583 2 3.5 1003.18 -8.3 84 7.1735e-006 209.779 270.59
9.16667 2 3.15 1002.95 -8.55 82 3.58675e-006 195.803 268.035
9.1875 2 2.8 1002.72 -8.8 80 0 181.827 265.48
9.20833 2 2.8 1002.54 -8.95 79.5 0 148.505 265.704
9.22917 2 2.8 1002.36 -9.1 79 0 115.184 265.929
9.25 2 2.45 1002.14 -9.3 79.5 0 89.3764 264.285
9.27083 2 2.1 1001.91 -9.5 80 0 63.5687 262.641
9.29167 2 2.15 1001.73 -9.55 80 0 44.0957 263.374
9.3125 2 2.2 1001.56 -9.6 80 0 24.6227 264.107
9.33333 2 1.85 1001.51 -9.7 80.5 3.45865e-006 17.7827 263.947
9.35417 2 1.5 1001.46 -9.8 81 6.91731e-006 10.9427 263.786
9.375 2 1.4 1001.42 -10 81.5 6.96001e-006 8.70619 262.881
9.39583 2 1.3 1001.37 -10.2 82 7.00272e-006 6.46967 261.976
9.41667 2 1.1 1001.35 -10.25 82.5 7.04542e-006 6.02775 262.187
9.4375 2 0.9 1001.33 -10.3 83 7.08811e-006 5.58583 262.398
9.45833 2 1.1 1001.3 -10.4 83 7.08811e-006 6.60258 260.273
9.47917 2 1.3 1001.26 -10.5 83 7.08811e-006 7.61933 258.149
9.5 2 1.35 1001.22 -10.65 83 7.08811e-006 11.7558 253.005
9.52083 2 1.4 1001.19 -10.8 83 7.08811e-006 15.8923 247.862
9.54167 2 1.15 1001.18 -10.8 83 7.08811e-006 28.9048 253.968
9.5625 2 0.9 1001.18 -10.8 83 7.08811e-006 41.9173 260.074
9.58333 2 1.15 1001.23 -10.65 82.5 7.04542e-006 57.0584 264.191
9.60417 2 1.4 1001.29 -10.5 82 7.00272e-006 72.1995 268.308
9.625 2 2.1 1001.36 -9.95 82.5 7.04542e-006 94.8652 269.548
9.64583 2 2.8 1001.44 -9.4 83 7.08811e-006 117.531 270.788
9.66667 2 2.65 1001.49 -9.25 83 7.08811e-006 150.184 270.703
9.6875 2 2.5 1001.55 -9.1 83 7.08811e-006 182.836 270.618
9.70833 2 2.6 1001.56 -8.95 83.5 7.13081e-006 231.719 267.743
9.72917 2 2.7 1001.57 -8.8 84 7.1735e-006 280.602 264.869
9.75 2 2.75 1001.67 -8.55 84 7.1735e-006 329.747 266.903
9.77083 2 2.8 1001.77 -8.3 84 7.1735e-006 378.893 268.937
9.79167 2 2.6 1001.88 -8.1 83.5 7.13081e-006 433.036 269.988
9.8125 2 2.4 1001.99 -7.9 83 7.08811e-006 487.179 271.039
9.83333 2 2.55 1002.03 -7.75 83.5 7.13081e-006 508.987 271.659
9.85417 2 2.7 1002.07 -7.6 84 7.1735e-006 530.795 272.28
9.875 2 3.1 1002.11 -7.45 84.5 7.21621e-006 585.598 267.04
9.89583 2 3.5 1002.15 -7.3 85 7.25892e-006 640.4 261.801
9.91667 2 3.85 1002.25 -7.25 85 7.25892e-006 636.393 259.98
9.9375 2 4.2 1002.35 -7.2 85 7.25892e-006 632.385 258.159
9.95833 2 4.8 1002.22 -7.25 84.5 7.21621e-006 612.982 256.06
9.97917 2 5.4 1002.1 -7.3 84 7.1735e-006 593.578 253.96
10 2 5.8 1001.99 -7.2 84 7.1735e-006 551.086 261.063
10.0208 2 6.2 1001.88 -7.1 84 7.1735e-006 508.593 268.166
10.0417 2 6.45 1001.73 -6.85 85 7.2589e-006 453.909 273.506
10.0625 2 6.7 1001.59 -6.6 86 7.34431e-006 399.224 278.846
10.0833 2 7.1 1001.42 -6.4 88.5 7.55781e-006 351.279 281.16
10.1042 2 7.5 1001.24 -6.2 91 7.77131e-006 303.333 283.474
10.125 2 7.8 1001.05 -5.75 92 7.85671e-006 273.099 284.542
10.1458 2 8.1 1000.87 -5.3 93 7.94211e-006 242.865 285.61
10.1667 2 8 1000.79 -5.05 93 7.94211e-006 217.589 286.677
10.1875 2 7.9 1000.72 -4.8 93 7.94211e-006 192.313 287.745
10.2083 2 8.35 1000.62 -4.75 93 7.94211e-006 169.495 287.819
10.2292 2 8.8 1000.52 -4.7 93 7.94211e-006 146.676 287.893
10.25 2 8.35 1000.5 -4.6 93.5 7.98481e-006 98.9102 289.26
10.2708 2 7.9 1000.48 -4.5 94 8.0275e-006 51.1445 290.627
10.2917 2 8.8 1000.41 -4.15 94.5 8.07019e-006 39.7191 292.012
10.3125 2 9.7 1000.35 -3.8 95 8.11289e-006 28.2937 293.396
10.3333 2 9.9 1000.44 -3.9 95 8.11289e-006 19.7627 292.772
10.3542 2 10.1 1000.54 -4 95 8.11289e-006 11.2318 292.148
10.375 2 9.3 1000.57 -4.05 95 8.11289e-006 8.83449 292.19
10.3958 2 8.5 1000.59 -4.1 95 8.11289e-006 6.43717 292.232
10.4167 2 8.8 1000.52 -4.1 94.5 8.07019e-006 6.18592 292.18
10.4375 2 9.1 1000.44 -4.1 94 8.0275e-006 5.93467 292.127
10.4583 2 9.4 1000.38 -4.35 93.5 7.98481e-006 7.31534 290.625
10.4792 2 9.7 1000.31 -4.6 93 7.94211e-006 8.696 289.123
10.5 2 9.55 1000.3 -5.05 92.5 7.8994e-006 12.9744 287.38
10.5208 2 9.4 1000.3 -5.5 92 7.85669e-006 17.2528 285.637
10.5417 2 9.65 1000.19 -5.35 92.5 7.8994e-006 21.1105 286.3
10.5625 2 9.9 1000.08 -5.2 93 7.94211e-006 24.9683 286.963
10.5833 2 9.9 1000.14 -5 93 7.94211e-006 47.0443 287.815
10.6042 2 9.9 1000.2 -4.8 93 7.94211e-006 69.1203 288.668
10.625 2 9.65 1000.22 -4.65 93 7.94211e-006 83.4878 289.182
10.6458 2 9.4 1000.25 -4.5 93 7.94211e-006 97.8553 289.696
10.6667 2 9.6 1000.27 -4.4 93 7.94211e-006 132.218 289.779
10.6875 2 9.8 1000.29 -4.3 93 7.94211e-006 166.581 289.862
10.7083 2 9.9 1000.27 -4.35 93 7.94211e-006 202.171 289.703
10.7292 2 10 1000.24 -4.4 93 7.94211e-006 237.761 289.544
10.75 2 10.4 1000.3 -4.5 92 7.85671e-006 283.758 288.516
10.7708 2 10.8 1000.37 -4.6 91 7.77131e-006 329.755 287.488
10.7917 2 10.4 1000.51 -4.6 90.5 7.72861e-006 369.195 287.308
10.8125 2 10 1000.64 -4.6 90 7.68592e-006 408.636 287.128
10.8333 2 9.75 1000.68 -4.55 89.5 7.64321e-006 438.93 287.469
10.8542 2 9.5 1000.73 -4.5 89 7.6005e-006 469.224 287.811
10.875 2 9.1 1000.83 -4.45 90 7.6859e-006 487.19 288.081
10.8958 2 8.7 1000.94 -4.4 91 7.77131e-006 505.155 288.351
10.9167 2 9.15 1000.88 -4.4 91 7.77131e-006 513.625 288.402
10.9375 2 9.6 1000.81 -4.4 91 7.77131e-006 522.094 288.453
10.9583 2 9.35 1000.97 -4.2 91 7.77131e-006 501.734 289.446
10.9792 2 9.1 1001.14 -4 91 7.77131e-006 481.374 290.439
11 2 9.05 1001.22 -3.85 91.5 7.814e-006 466.549 291.315
11.0208 2 9 1001.31 -3.7 92 7.85669e-006 451.724 292.192
11.0417 2 9.1 1001.2 -3.6 92.5 7.8994e-006 413.448 292.599
11.0625 2 9.2 1001.08 -3.5 93 7.94211e-006 375.173 293.007
11.0833 2 9.35 1001.17 -3.5 93 7.94211e-006 345.473 293.12
11.1042 2 9.5 1001.25 -3.5 93 7.94211e-006 315.773 293.234
11.125 2 8.8 1001.46 -3.4 93.5 7.98481e-006 289.607 293.877
11.1458 2 8.1 1001.67 -3.3 94 8.0275e-006 263.44 294.52
11.1667 2 7.8 1001.66 -3.35 94.5 8.07019e-006 212.341 294.608
11.1875 2 7.5 1001.64 -3.4 95 8.11289e-006 161.242 294.696
11.2083 2 7.85 1001.73 -3.45 95 8.11289e-006 143.107 294.603
11.2292 2 8.2 1001.83 -3.5 95 8.11289e-006 124.972 294.509
11.25 2 8.4 1001.85 -3.55 95.5 8.1556e-006 100.756 294.617
11.2708 2 8.6 1001.87 -3.6 96 8.19831e-006 76.5407 294.724
11.2917 2 8.4 1002.12 -3.65 96 8.19831e-006 61.9063 294.336
11.3125 2 8.2 1002.37 -3.7 96 8.19831e-006 47.272 293.948
11.3333 2 7.95 1002.59 -3.7 96 8.19831e-006 31.4573 294.113
11.3542 2 7.7 1002.81 -3.7 96 8.19831e-006 15.6427 294.279
11.375 2 7.5 1002.79 -3.65 96 8.19831e-006 10.9914 294.66
11.3958 2 7.3 1002.77 -3.6 96 8.19831e-006 6.34 295.042
11.4167 2 7.35 1002.71 -3.6 95.5 8.1556e-006 5.05867 294.813
11.4375 2 7.4 1002.66 -3.6 95 8.11289e-006 3.77733 294.583
11.4583 2 6.75 1002.97 -3.55 95 8.11289e-006 4.95967 294.687
11.4792 2 6.1 1003.28 -3.5 95 8.11289e-006 6.142 294.791
11.5 2 6.25 1003.34 -3.7 95.5 8.1556e-006 9.98735 294.311
11.5208 2 6.4 1003.39 -3.9 96 8.19831e-006 13.8327 293.831
11.5417 2 6.45 1003.53 -3.95 96 8.19831e-006 26.6887 293.24
11.5625 2 6.5 1003.66 -4 96 8.19831e-006 39.5447 292.65
11.5833 2 6.15 1003.82 -4.05 96 8.19831e-006 51.6544 292.574
11.6042 2 5.8 1003.99 -4.1 96 8.19831e-006 63.764 292.498
11.625 2 6.2 1004.1 -4.25 95.5 8.1556e-006 92.174 291.576
11.6458 2 6.6 1004.21 -4.4 95 8.11289e-006 120.584 290.655
11.6667 2 6.75 1004.42 -4.5 94.5 8.07019e-006 159.418 289.54
11.6875 2 6.9 1004.63 -4.6 94 8.0275e-006 198.251 288.426
11.7083 2 6.8 1004.7 -4.6 94 8.0275e-006 232.914 288.79
11.7292 2 6.7 1004.77 -4.6 94 8.0275e-006 267.577 289.154
11.75 2 6.75 1004.92 -4.6 93.5 7.98481e-006 307.109 288.919
11.7708 2 6.8 1005.07 -4.6 93 7.94211e-006 346.64 288.683
11.7917 2 6.75 1005.16 -4.5 92.5 7.8994e-006 365.72 288.89
11.8125 2 6.7 1005.25 -4.4 92 7.85669e-006 384.8 289.096
11.8333 2 6.75 1005.36 -4.4 91.5 7.814e-006 398.47 289.064
11.8542 2 6.8 1005.47 -4.4 91 7.77131e-006 412.141 289.032
11.875 2 6.75 1005.59 -4.3 90.5 7.72861e-006 476.901 288.762
11.8958 2 6.7 1005.71 -4.2 90 7.68592e-006 541.661 288.492
11.9167 2 6.65 1005.76 -4.2 90 7.68592e-006 523.241 288.764
11.9375 2 6.6 1005.81 -4.2 90 7.68592e-006 504.821 289.037
11.9583 2 6.2 1005.89 -4.2 90.5 7.72861e-006 489.809 289.308
11.9792 2 5.8 1005.96 -4.2 91 7.77131e-006 474.797 289.58
12 2 5.45 1006.06 -4.1 91 7.77131e-006 453.041 290.139
12.0208 2 5.1 1006.16 -4 91 7.77131e-006 431.285 290.699
12.0417 2 4.95 1006.27 -3.95 91 7.77131e-006 398.898 291.029
12.0625 2 4.8 1006.38 -3.9 91 7.77131e-006 366.511 291.36
12.0833 2 4.7 1006.46 -3.85 91 7.77131e-006 331.64 291.48
12.1042 2 4.6 1006.54 -3.8 91 7.77131e-006 296.769 291.601
12.125 2 4.35 1006.6 -3.8 92 7.85671e-006 259.664 292.064
12.1458 2 4.1 1006.66 -3.8 93 7.94211e-006 222.56 292.527
12.1667 2 3.95 1006.81 -3.8 94 8.0275e-006 186.411 292.803
12.1875 2 3.8 1006.96 -3.8 95 8.11289e-006 150.263 293.079
12.2083 2 3.45 1007.11 -3.85 96 8.19829e-006 122.762 293.442
12.2292 2 3.1 1007.26 -3.9 97 8.2837e-006 95.2612 293.805
12.25 2 3 1007.51 -3.95 97 8.2837e-006 75.1992 293.753
12.2708 2 2.9 1007.76 -4 97 8.2837e-006 55.1373 293.702
12.2917 2 2.75 1008.05 -4 97 8.2837e-006 41.6297 293.512
12.3125 2 2.6 1008.35 -4 97 8.2837e-006 28.122 293.321
12.3333 2 1.75 1008.53 -4 96.5 8.241e-006 21.2187 293.036
12.3542 2 0.9 1008.71 -4 96 8.19831e-006 14.3153 292.752
12.375 2 0.9 1008.92 -4 96 8.19831e-006 11.2673 292.668
12.3958 2 0.9 1009.13 -4 96 8.19831e-006 8.21933 292.583
12.4167 2 0.7 1009.31 -4.05 95 8.1129e-006 7.81425 292.525
12.4375 2 0.5 1009.49 -4.1 94 8.0275e-006 7.40917 292.467
12.4583 2 0.5 1009.7 -4.15 94.5 8.07019e-006 7.89508 292.403
12.4792 2 0.5 1009.92 -4.2 95 8.11289e-006 8.381 292.339
12.5 2 0.7 1010.19 -4.25 96 8.19829e-006 12.6315 292.29
12.5208 2 0.9 1010.46 -4.3 97 8.2837e-006 16.882 292.241
12.5417 2 0.8 1010.71 -4.25 96.5 8.241e-006 24.5859 292.117
12.5625 2 0.7 1010.95 -4.2 96 8.19831e-006 32.2898 291.993
12.5833 2 0.4 1011.02 -4.15 95 8.1129e-006 49.4243 291.86
12.6042 2 0.1 1011.09 -4.1 94 8.0275e-006 66.5588 291.727
12.625 2 0.3 1011.17 -4.15 94.5 8.07019e-006 90.5959 291.599
12.6458 2 0.5 1011.25 -4.2 95 8.11289e-006 114.633 291.471
12.6667 2 0.6 1011.53 -4.3 95.5 8.1556e-006 152.792 291.422
12.6875 2 0.7 1011.8 -4.4 96 8.19831e-006 190.951 291.373
12.7083 2 1.3 1011.91 -4.4 96 8.19831e-006 225.667 291.256
12.7292 2 1.9 1012.02 -4.4 96 8.19831e-006 260.382 291.139
12.75 2 1.95 1012.14 -4.2 96 8.19831e-006 291.114 292.019
12.7708 2 2 1012.25 -4 96 8.19831e-006 321.846 292.899
12.7917 2 2.55 1012.4 -3.95 96 8.19831e-006 362.892 293.026
12.8125 2 3.1 1012.54 -3.9 96 8.19831e-006 403.937 293.152
12.8333 2 3.3 1012.69 -3.95 95 8.1129e-006 427.68 292.556
12.8542 2 3.5 1012.85 -4 94 8.0275e-006 451.422 291.959
12.875 2 3.75 1012.95 -3.95 94 8.0275e-006 483.282 292.036
12.8958 2 4 1013.05 -3.9 94 8.0275e-006 515.142 292.113
12.9167 2 4.05 1013.15 -3.8 94.5 8.07019e-006 530.599 292.499
12.9375 2 4.1 1013.25 -3.7 95 8.11289e-006 546.056 292.884
12.9583 2 4.4 1013.28 -3.55 94 8.0275e-006 530.916 291.656
12.9792 2 4.7 1013.31 -3.4 93 7.94211e-006 515.776 290.429
13 2 4.7 1013.39 -3.3 93.5 7.98481e-006 497.105 292.326
13.0208 2 4.7 1013.46 -3.2 94 8.0275e-006 478.435 294.224
13.0417 2 4.85 1013.55 -3.2 93.5 7.98481e-006 481.555 291.135
13.0625 2 5 1013.63 -3.2 93 7.94211e-006 484.676 288.046
13.0833 2 5 1013.69 -3.3 92.5 7.8994e-006 419.964 284.579
13.1042 2 5 1013.75 -3.4 92 7.85669e-006 355.251 281.113
13.125 2 5.25 1013.7 -3.35 93 7.9421e-006 339.927 285.326
13.1458 2 5.5 1013.66 -3.3 94 8.0275e-006 324.604 289.539
13.1667 2 5.55 1013.72 -3.25 93 7.9421e-006 272.411 282.99
13.1875 2 5.6 1013.79 -3.2 92 7.85669e-006 220.218 276.441
13.2083 2 5.6 1013.79 -3.45 91.5 7.814e-006 180.732 269.624
13.2292 2 5.6 1013.79 -3.7 91 7.77131e-006 141.247 262.806
13.25 2 5.5 1013.82 -3.75 91 7.77131e-006 112.569 268.02
13.2708 2 5.4 1013.85 -3.8 91 7.77131e-006 83.8902 273.233
13.2917 2 5.5 1013.88 -3.8 92 7.85671e-006 61.3022 281.661
13.3125 2 5.6 1013.91 -3.8 93 7.94211e-006 38.7142 290.089
13.3333 2 5.8 1013.92 -3.8 93.5 7.98481e-006 28.3584 292.587
13.3542 2 6 1013.93 -3.8 94 8.0275e-006 18.0027 295.085
13.375 2 6 1013.97 -3.8 93.5 7.98481e-006 12.8925 296.979
13.3958 2 6 1014.02 -3.8 93 7.94211e-006 7.78233 298.873
13.4167 2 5.95 1014.08 -3.8 91.5 7.81401e-006 6.63383 300.331
13.4375 2 5.9 1014.14 -3.8 90 7.68592e-006 5.48533 301.79
13.4583 2 5.95 1014.09 -3.8 90.5 7.72861e-006 6.48017 300.872
13.4792 2 6 1014.03 -3.8 91 7.77131e-006 7.475 299.953
13.5 2 5.85 1014.05 -3.9 91 7.77131e-006 11.4739 296.614
13.5208 2 5.7 1014.07 -4 91 7.77131e-006 15.4728 293.275
13.5417 2 5.35 1014.13 -4.15 90.5 7.72861e-006 26.3553 293.185
13.5625 2 5 1014.19 -4.3 90 7.68592e-006 37.2377 293.096
13.5833 2 5.2 1014.2 -4.25 90.5 7.72861e-006 72.4434 288.553
13.6042 2 5.4 1014.2 -4.2 91 7.77131e-006 107.649 284.01
13.625 2 5.5 1014.23 -4.15 91 7.77131e-006 128.557 287.039
13.6458 2 5.6 1014.26 -4.1 91 7.77131e-006 149.466 290.068
13.6667 2 5.95 1014.24 -4.05 91.5 7.814e-006 173.072 293.083
13.6875 2 6.3 1014.23 -4 92 7.85669e-006 196.677 296.099
13.7083 2 6.4 1014.27 -4 92 7.85669e-006 240.4 296.136
13.7292 2 6.5 1014.3 -4 92 7.85669e-006 284.123 296.173
13.75 2 6.6 1014.39 -4 91.5 7.814e-006 322.129 297.529
13.7708 2 6.7 1014.48 -4 91 7.77131e-006 360.135 298.885
13.7917 2 6.75 1014.63 -4 90.5 7.72861e-006 383.249 298.608
13.8125 2 6.8 1014.78 -4 90 7.68592e-006 406.363 298.331
13.8333 2 6.65 1014.97 -4 89.5 7.64321e-006 452.629 297.632
13.8542 2 6.5 1015.17 -4 89 7.6005e-006 498.894 296.933
13.875 2 6.6 1015.33 -3.85 89 7.6005e-006 535.885 296.345
13.8958 2 6.7 1015.49 -3.7 89 7.6005e-006 572.875 295.756
13.9167 2 6.4 1015.6 -3.4 88 7.51511e-006 607.993 288.208
13.9375 2 6.1 1015.72 -3.1 87 7.42972e-006 643.111 280.66
13.9583 2 6.15 1015.78 -2.9 87 7.42972e-006 679.849 272.304
13.9792 2 6.2 1015.84 -2.7 87 7.42972e-006 716.586 263.948
14 2 6.35 1016 -2.75 87 7.42972e-006 686.255 259.331
14.0208 2 6.5 1016.16 -2.8 87 7.42972e-006 655.925 254.714
14.0417 2 6 1016.3 -2.7 87.5 7.47242e-006 563.718 263.789
14.0625 2 5.5 1016.44 -2.6 88 7.51511e-006 471.51 272.863
14.0833 2 5.75 1016.63 -2.5 86 7.34431e-006 461.044 267.833
14.1042 2 6 1016.81 -2.4 84 7.1735e-006 450.578 262.803
14.125 2 5.6 1016.84 -2.65 85 7.2589e-006 408.677 243.852
14.1458 2 5.2 1016.87 -2.9 86 7.34431e-006 366.775 224.9
14.1667 2 4.85 1017.03 -3.25 88.5 7.55781e-006 318.647 226.793
14.1875 2 4.5 1017.19 -3.6 91 7.77131e-006 270.52 228.686
14.2083 2 4.3 1017.29 -3.8 92 7.85671e-006 242.626 231.889
14.2292 2 4.1 1017.38 -4 93 7.94211e-006 214.733 235.091
14.25 2 3.7 1017.59 -4.1 93 7.94211e-006 174.173 239.012
14.2708 2 3.3 1017.81 -4.2 93 7.94211e-006 133.612 242.932
14.2917 2 3.5 1018.04 -4.4 93 7.94211e-006 96.6504 242.941
14.3125 2 3.7 1018.27 -4.6 93 7.94211e-006 59.6888 242.95
14.3333 2 3.9 1018.42 -5.15 93 7.94211e-006 40.237 242.214
14.3542 2 4.1 1018.56 -5.7 93 7.94211e-006 20.7852 241.478
14.375 2 4.05 1018.77 -5.9 93 7.94211e-006 16.3185 240.793
14.3958 2 4 1018.97 -6.1 93 7.94211e-006 11.8518 240.108
14.4167 2 3.95 1019.14 -5.65 93 7.94211e-006 11.6926 249.208
14.4375 2 3.9 1019.31 -5.2 93 7.94211e-006 11.5333 258.307
14.4583 2 3.5 1019.45 -5.2 93 7.94211e-006 13.8379 256.62
14.4792 2 3.1 1019.58 -5.2 93 7.94211e-006 16.1425 254.933
14.5 2 3.1 1019.79 -5.35 93.5 7.98481e-006 21.3517 257.164
14.5208 2 3.1 1020 -5.5 94 8.0275e-006 26.561 259.394
14.5417 2 2.7 1020.14 -5.2 94 8.0275e-006 38.6684 272.95
14.5625 2 2.3 1020.28 -4.9 94 8.0275e-006 50.7758 286.506
14.5833 2 2.35 1020.52 -4.6 94 8.0275e-006 74.4899 288.259
14.6042 2 2.4 1020.76 -4.3 94 8.0275e-006 98.204 290.012
14.625 2 2.65 1020.96 -4 93.5 7.98481e-006 117.779 291.141
14.6458 2 2.9 1021.16 -3.7 93 7.94211e-006 137.355 292.27
14.6667 2 3.05 1021.36 -3.4 93 7.94211e-006 161.373 293.06
14.6875 2 3.2 1021.57 -3.1 93 7.94211e-006 185.391 293.849
14.7083 2 3.8 1021.73 -3.1 92.5 7.8994e-006 224.02 293.802
14.7292 2 4.4 1021.9 -3.1 92 7.85669e-006 262.649 293.755
14.75 2 4.3 1022.07 -3 91 7.77131e-006 293.224 293.829
14.7708 2 4.2 1022.24 -2.9 90 7.68592e-006 323.798 293.903
14.7917 2 4.35 1022.45 -2.7 89.5 7.64321e-006 367.477 293.913
14.8125 2 4.5 1022.65 -2.5 89 7.6005e-006 411.156 293.922
14.8333 2 4.25 1022.87 -2.35 89 7.6005e-006 449.189 294.738
14.8542 2 4 1023.09 -2.2 89 7.6005e-006 487.221 295.555
14.875 2 4.25 1023.29 -2.05 88 7.51511e-006 513.648 295.664
14.8958 2 4.5 1023.49 -1.9 87 7.42972e-006 540.076 295.774
14.9167 2 4.55 1023.74 -2 88 7.51511e-006 549.638 295.688
14.9375 2 4.6 1024 -2.1 89 7.6005e-006 559.2 295.603
14.9583 2 4.45 1024.18 -2.3 88 7.51511e-006 578.474 294.034
14.9792 2 4.3 1024.36 -2.5 87 7.42972e-006 597.748 292.466
15 2 4.25 1024.52 -2.7 87.5 7.47242e-006 585.114 290.688
15.0208 2 4.2 1024.69 -2.9 88 7.51511e-006 572.479 288.91
15.0417 2 4 1024.75 -3.3 88.5 7.55781e-006 564.891 272.012
15.0625 2 3.8 1024.81 -3.7 89 7.6005e-006 557.304 255.113
15.0833 2 3.15 1024.94 -3.9 89.5 7.64321e-006 494.463 254.654
15.1042 2 2.5 1025.06 -4.1 90 7.68592e-006 431.621 254.194
15.125 2 2.35 1025.19 -4.2 91.5 7.81401e-006 379.883 265.247
15.1458 2 2.2 1025.31 -4.3 93 7.94211e-006 328.144 276.299
15.1667 2 2.35 1025.45 -4.5 94 8.0275e-006 256.535 280.535
15.1875 2 2.5 1025.59 -4.7 95 8.11289e-006 184.926 284.771
15.2083 2 2.6 1025.65 -4.8 95 8.11289e-006 148.507 285.654
15.2292 2 2.7 1025.71 -4.9 95 8.11289e-006 112.087 286.538
15.25 2 2.75 1025.84 -5 95 8.11289e-006 97.5737 286.333
15.2708 2 2.8 1025.98 -5.1 95 8.11289e-006 83.0605 286.129
15.2917 2 2.85 1026.07 -5.3 94.5 8.07019e-006 61.8004 286.085
15.3125 2 2.9 1026.16 -5.5 94 8.0275e-006 40.5403 286.04
15.3333 2 2.6 1026.27 -5.65 93.5 7.98481e-006 32.4297 285.823
15.3542 2 2.3 1026.38 -5.8 93 7.94211e-006 24.3192 285.607
15.375 2 2.05 1026.51 -5.7 93 7.94211e-006 18.718 286.516
15.3958 2 1.8 1026.64 -5.6 93 7.94211e-006 13.1167 287.424
15.4167 2 1.9 1026.71 -5.3 93.5 7.98481e-006 11.7107 288.317
15.4375 2 2 1026.77 -5 94 8.0275e-006 10.3047 289.21
15.4583 2 2.25 1026.67 -5 94 8.0275e-006 12.719 288.044
15.4792 2 2.5 1026.56 -5 94 8.0275e-006 15.1332 286.878
15.5 2 2.7 1026.47 -5.15 94 8.0275e-006 22.8987 284.031
15.5208 2 2.9 1026.38 -5.3 94 8.0275e-006 30.6642 281.185
15.5417 2 3 1026.29 -6 93 7.9421e-006 42.4216 272.587
15.5625 2 3.1 1026.2 -6.7 92 7.85669e-006 54.179 263.99
15.5833 2 3.45 1026.1 -7 91 7.77131e-006 74.9184 262.993
15.6042 2 3.8 1026 -7.3 90 7.68592e-006 95.6578 261.996
15.625 2 4.8 1025.92 -7.35 90 7.68592e-006 133.796 255.589
15.6458 2 5.8 1025.83 -7.4 90 7.68592e-006 171.935 249.181
15.6667 2 6.1 1025.68 -7.5 89.5 7.64321e-006 231.024 237.872
15.6875 2 6.4 1025.52 -7.6 89 7.6005e-006 290.113 226.564
15.7083 2 6.55 1025.47 -7.55 88.5 7.55781e-006 348.236 220.641
15.7292 2 6.7 1025.41 -7.5 88 7.51511e-006 406.359 214.717
15.75 2 6.25 1025.43 -7.2 88.5 7.55781e-006 455.227 214.88
15.7708 2 5.8 1025.45 -6.9 89 7.6005e-006 504.095 215.042
15.7917 2 5.85 1025.44 -6.4 89.5 7.64321e-006 543.135 216.465
15.8125 2 5.9 1025.43 -5.9 90 7.68592e-006 582.175 217.887
15.8333 2 5.9 1025.48 -5.3 90.5 7.72861e-006 615.434 218.986
15.8542 2 5.9 1025.53 -4.7 91 7.77131e-006 648.693 220.086
15.875 2 6.15 1025.58 -4.25 91 7.77131e-006 663.803 221.391
15.8958 2 6.4 1025.63 -3.8 91 7.77131e-006 678.914 222.696
15.9167 2 6.2 1025.56 -3.35 91.5 7.814e-006 682.977 225.578
15.9375 2 6 1025.49 -2.9 92 7.85669e-006 687.04 228.461
15.9583 2 6.15 1025.41 -2.45 92.5 7.8994e-006 669.12 229.898
15.9792 2 6.3 1025.33 -2 93 7.94211e-006 651.2 231.336
16 2 6.8 1025.14 -1.65 93.5 7.98481e-006 619.417 233.976
16.0208 2 7.3 1024.95 -1.3 94 8.0275e-006 587.634 236.616
16.0417 2 7.2 1024.76 -1 94 8.0275e-006 532.161 240.257
16.0625 2 7.1 1024.56 -0.7 94 8.0275e-006 476.689 243.898
16.0833 2 7.65 1024.33 -0.6 94 8.0275e-006 444.991 245.205
16.1042 2 8.2 1024.1 -0.5 94 8.0275e-006 413.293 246.512
16.125 2 8.35 1023.93 -0.65 95 8.1129e-006 375.335 246.217
16.1458 2 8.5 1023.76 -0.8 96 8.19831e-006 337.377 245.923
16.1667 2 8.55 1023.61 -1.1 96 8.19831e-006 270.038 249.358
16.1875 2 8.6 1023.47 -1.4 96 8.19831e-006 202.699 252.793
16.2083 2 8.7 1023.28 -1.65 96 8.19831e-006 169.86 252.394
16.2292 2 8.8 1023.08 -1.9 96 8.19831e-006 137.021 251.995
16.25 2 8.8 1022.86 -2.15 95.5 8.1556e-006 108.833 255.929
16.2708 2 8.8 1022.64 -2.4 95 8.11289e-006 80.6445 259.863
16.2917 2 9 1022.42 -2.55 94.5 8.07019e-006 64.2351 258.066
16.3125 2 9.2 1022.19 -2.7 94 8.0275e-006 47.8257 256.269
16.3333 2 9.1 1021.96 -3.05 93 7.9421e-006 35.9073 252.872
16.3542 2 9 1021.73 -3.4 92 7.85669e-006 23.989 249.476
16.375 2 9.05 1021.52 -3.45 91 7.77131e-006 18.2244 260.19
16.3958 2 9.1 1021.31 -3.5 90 7.68592e-006 12.4598 270.904
16.4167 2 8.6 1021.15 -3.55 88.5 7.55782e-006 10.9399 274.643
16.4375 2 8.1 1020.98 -3.6 87 7.42972e-006 9.42 278.382
16.4583 2 7.95 1020.77 -3.4 87 7.42972e-006 12.0161 288.838
16.4792 2 7.8 1020.56 -3.2 87 7.42972e-006 14.6122 299.294
16.5 2 7.4 1020.43 -2.7 87.5 7.47242e-006 21.546 300.702
16.5208 2 7 1020.31 -2.2 88 7.51511e-006 28.4798 302.11
16.5417 2 6.5 1020.15 -1.95 89.5 7.64321e-006 39.8662 303.021
16.5625 2 6 1019.98 -1.7 91 7.77131e-006 51.2527 303.931
16.5833 2 5.6 1019.81 -1.15 92 7.85671e-006 67.9292 308.707
16.6042 2 5.2 1019.64 -0.6 93 7.94211e-006 84.6057 313.483
16.625 2 4.65 1019.56 -0.2 94 8.0275e-006 104.385 314.917
16.6458 2 4.1 1019.48 0.2 95 8.11289e-006 124.165 316.351
16.6667 2 3.35 1019.41 0.5 95 8.11289e-006 164.288 317.237
16.6875 2 2.6 1019.34 0.8 95 8.11289e-006 204.41 318.124
16.7083 2 2.95 1019.34 1 94.5 8.07019e-006 234.456 318.339
16.7292 2 3.3 1019.33 1.2 94 8.0275e-006 264.503 318.554
16.75 2 3.3 1019.35 1.2 94 8.0275e-006 294.145 318.234
16.7708 2 3.3 1019.38 1.2 94 8.0275e-006 323.787 317.914
16.7917 2 4 1019.42 1.4 93 7.9421e-006 352.169 315.041
16.8125 2 4.7 1019.46 1.6 92 7.85669e-006 380.552 312.168
16.8333 2 4.25 1019.51 1.7 91.5 7.814e-006 443.195 311.585
16.8542 2 3.8 1019.56 1.8 91 7.77131e-006 505.837 311.001
16.875 2 3.65 1019.63 1.7 77.1111 3.88565e-006 501.266 316.932
16.8958 2 3.5 1019.69 1.6 63.2222 0 496.694 322.864
16.9167 2 3.55 1019.65 1.5 62.6111 0 476.791 323.486
16.9375 2 3.6 1019.6 1.4 62 0 456.888 324.107
16.9583 2 4.05 1019.6 1.4 61.0555 0 458.547 322.498
16.9792 2 4.5 1019.61 1.4 60.1111 0 460.205 320.889
17 2 4.75 1019.6 1.45 61.3889 0 453.414 319.898
17.0208 2 5 1019.59 1.5 62.6667 0 446.622 318.908
17.0417 2 4.65 1019.55 1.5 63.2778 0 423.906 316.371
17.0625 2 4.3 1019.51 1.5 63.8889 0 401.19 313.835
17.0833 2 4.25 1019.43 1.5 64.8889 0 398.316 305.621
17.1042 2 4.2 1019.35 1.5 65.8889 0 395.443 297.407
17.125 2 4.1 1019.32 1.5 66.4445 0 358.599 288.698
17.1458 2 4 1019.28 1.5 67 0 321.754 279.99
17.1667 2 3.6 1019.24 1.35 67.8334 0 285.443 281.271
17.1875 2 3.2 1019.21 1.2 68.6667 0 249.132 282.553
17.2083 2 3.45 1019.15 1.15 69.2778 0 186.484 295.328
17.2292 2 3.7 1019.08 1.1 69.8889 0 123.836 308.102
17.25 2 3.35 1019.01 1.05 70.7778 0 95.8005 311.214
17.2708 2 3 1018.94 1 71.6667 0 67.765 314.326
17.2917 2 3.15 1018.84 1.05 72.2223 0 52.2318 317.292
17.3125 2 3.3 1018.75 1.1 72.7778 0 36.6987 320.258
17.3333 2 3.2 1018.67 1.15 73.5555 0 27.742 320.899
17.3542 2 3.1 1018.58 1.2 74.3333 0 18.7853 321.54
17.375 2 2.8 1018.45 1.15 74.6666 0 14.2759 322.323
17.3958 2 2.5 1018.32 1.1 75 0 9.7665 323.107
17.4167 2 3 1018.08 1.05 74.8889 0 9.04817 322.883
17.4375 2 3.5 1017.83 1 74.7778 0 8.32983 322.66
17.4583 2 4.05 1017.6 1 75.1111 0 9.98552 322.84
17.4792 2 4.6 1017.37 1 75.4444 0 11.6412 323.02
17.5 2 6 1016.96 1.15 74.4097 0 15.7575 323.426
17.5208 2 7.4 1016.56 1.3 73.375 0 19.8738 323.832
17.5417 2 7.5 1016.17 1.4 73.243 0 35.8927 315.71
17.5625 2 7.6 1015.78 1.5 73.1111 0 51.9115 307.588
17.5833 2 6.95 1015.56 1.35 72.5555 0 77.0638 299.859
17.6042 2 6.3 1015.33 1.2 72 0 102.216 292.129
17.625 2 6.35 1015.01 1.3 71.8889 0 130.544 284.26
17.6458 2 6.4 1014.69 1.4 71.7778 0 158.873 276.391
17.6667 2 6.55 1014.54 1.45 71.2778 0 202.281 274.694
17.6875 2 6.7 1014.38 1.5 70.7778 0 245.689 272.997
17.7083 2 6.9 1014.18 1.55 69.8334 0 311.68 277.97
17.7292 2 7.1 1013.99 1.6 68.8889 0 377.672 282.943
17.75 2 7.1 1013.76 1.6 67.7778 0 390.919 283.468
17.7708 2 7.1 1013.53 1.6 66.6667 0 404.166 283.993
17.7917 2 7.15 1013.26 1.6 69.2084 0 464.053 281.223
17.8125 2 7.2 1012.99 1.6 71.75 0 523.941 278.453
17.8333 2 7 1012.82 1.6 71.5 0 559.473 277.855
17.8542 2 6.8 1012.66 1.6 71.25 0 595.004 277.257
17.875 2 6.15 1012.56 1.5 70.0625 0 579.199 275.974
17.8958 2 5.5 1012.46 1.4 68.875 0 563.394 274.692
17.9167 2 5.1 1012.32 1.4 69.3125 0 592.286 273.635
17.9375 2 4.7 1012.18 1.4 69.75 0 621.179 272.578
17.9583 2 4.8 1012.09 1.4 69.8125 0 601.678 272.174
17.9792 2 4.9 1012 1.4 69.875 0 582.178 271.769
18 2 4.35 1011.9 1.4 68.1597 0 604.376 267.368
18.0208 2 3.8 1011.79 1.4 66.4444 0 626.574 262.968
18.0417 2 3.7 1011.65 1.3 66.4444 0 583.266 260.113
18.0625 2 3.6 1011.5 1.2 66.4444 0 539.957 257.258
18.0833 2 3.45 1011.33 1.15 66.5 0 457.077 264.832
18.1042 2 3.3 1011.16 1.1 66.5556 0 374.198 272.406
18.125 2 3.8 1010.98 1.1 67.5 0 370.138 274.419
18.1458 2 4.3 1010.8 1.1 68.4444 0 366.077 276.432
18.1667 2 3.8 1010.69 1 69.1111 0 293.013 265.844
18.1875 2 3.3 1010.58 0.9 69.7778 0 219.949 255.256
18.2083 2 2.45 1010.57 0.75 69.7778 0 185.159 250.669
18.2292 2 1.6 1010.56 0.6 69.7778 0 150.368 246.083
18.25 2 1.6 1010.55 0.35 70.3334 0 115.35 251.744
18.2708 2 1.6 1010.53 0.1 70.8889 0 80.333 257.405
18.2917 2 2.1 1010.41 -0.1 71.3334 0 68.0303 260.227
18.3125 2 2.6 1010.28 -0.3 71.7778 0 55.7277 263.048
18.3333 2 2.7 1010.22 -0.35 72.2223 0 44.282 268.718
18.3542 2 2.8 1010.15 -0.4 72.6667 0 32.8362 274.388
18.375 2 2.5 1009.99 -0.55 72.5555 0 23.5907 275.234
18.3958 2 2.2 1009.84 -0.7 72.4444 0 14.3452 276.079
18.4167 2 2.55 1009.67 -1 72.5555 0 13.3228 270.396
18.4375 2 2.9 1009.5 -1.3 72.6667 0 12.3003 264.712
18.4583 2 2.45 1009.41 -1.4 73.1667 0 15.5641 264.229
18.4792 2 2 1009.32 -1.5 73.6667 0 18.828 263.745
18.5 2 1.9 1009.2 -1.7 72.7709 0 28.9721 266.52
18.5208 2 1.8 1009.07 -1.9 71.875 0 39.1162 269.295
18.5417 2 2.4 1008.91 -2.15 72.2709 0 50.8654 265.016
18.5625 2 3 1008.75 -2.4 72.6667 0 62.6147 260.736
18.5833 2 3 1008.56 -2 72.6667 0 82.2108 268.057
18.6042 2 3 1008.37 -1.6 72.6667 0 101.807 275.379
18.625 2 2.85 1008.2 -1.2 72.2223 0 118.704 282.436
18.6458 2 2.7 1008.02 -0.8 71.7778 0 135.601 289.493
18.6667 2 3 1007.88 -0.5 71.3889 0 158.858 288.034
18.6875 2 3.3 1007.74 -0.2 71 0 182.115 286.574
18.7083 2 3.25 1007.62 -0.05 70.5 0 240.546 286.923
18.7292 2 3.2 1007.5 0.1 70 0 298.977 287.272
18.75 2 3 1007.45 0.3 72.4375 0 352.714 286.705
18.7708 2 2.8 1007.4 0.5 74.875 0 406.452 286.138
18.7917 2 3.45 1007.24 0.5 74.25 0 478.563 280.85
18.8125 2 4.1 1007.08 0.5 73.625 0 550.673 275.563
18.8333 2 3.7 1007.03 0.6 72.9375 0 591.999 267.542
18.8542 2 3.3 1006.98 0.7 72.25 0 633.325 259.52
18.875 2 3.35 1006.97 0.75 69.9028 0 629.391 257.555
18.8958 2 3.4 1006.96 0.8 67.5556 0 625.457 255.589
18.9167 2 3.25 1006.94 0.85 66.9445 0 661.521 254.354
18.9375 2 3.1 1006.92 0.9 66.3333 0 697.586 253.12
18.9583 2 2.6 1006.95 0.95 66.0555 0 666.068 266.224
18.9792 2 2.1 1006.98 1 65.7778 0 634.549 279.329
19 2 1.7 1007.04 1.1 66.4445 0 559.371 295.344
19.0208 2 1.3 1007.1 1.2 67.1111 0 484.193 311.359
19.0417 2 2 1007.15 0.8 67.6666 0 463.146 310.524
19.0625 2 2.7 1007.2 0.4 68.2222 0 442.099 309.689
19.0833 2 2.35 1007.19 0.1 68.5555 0 418.93 304.817
19.1042 2 2 1007.18 -0.2 68.8889 0 395.762 299.945
19.125 2 1.25 1007.23 -0.4 69.0555 0 351.977 298.612
19.1458 2 0.5 1007.29 -0.6 69.2222 0 308.191 297.28
19.1667 2 0.3 1007.34 -0.75 69.9445 0 273.508 282.982
19.1875 2 0.1 1007.4 -0.9 70.6667 0 238.824 268.683
19.2083 2 1 1007.54 -1.05 71.1112 0 192.452 276.564
19.2292 2 1.9 1007.67 -1.2 71.5556 0 146.08 284.445
19.25 2 1.9 1007.74 -0.75 72.2223 0 113.372 293.612
19.2708 2 1.9 1007.82 -0.3 72.8889 0 80.665 302.779
19.2917 2 1.4 1007.78 -0.4 73.4445 0 64.3046 294.339
19.3125 2 0.9 1007.74 -0.5 74 0 47.9443 285.899
19.3333 2 0.9 1007.85 -0.45 74.5 0 36.5759 296.604
19.3542 2 0.9 1007.97 -0.4 75 0 25.2075 307.31
19.375 2 1.2 1008.01 -0.2 75.1111 0 21.5812 309.137
19.3958 2 1.5 1008.05 0 75.2222 0 17.9548 310.964
19.4167 2 1.1 1007.99 0.05 75.1666 0 17.6405 306.688
19.4375 2 0.7 1007.94 0.1 75.1111 0 17.3263 302.412
19.4583 2 1.05 1008 0.1 75.2777 0 18.174 304.213
19.4792 2 1.4 1008.06 0.1 75.4444 0 19.0218 306.014
19.5 2 1.6 1008.14 0.1 75.0972 0 23.7494 307.031
19.5208 2 1.8 1008.21 0.1 74.75 0 28.477 308.049
19.5417 2 1.6 1008.3 0.1 74.5972 0 36.8657 309.017
19.5625 2 1.4 1008.38 0.1 74.4444 0 45.2543 309.985
19.5833 2 1.4 1008.45 0.15 74.3333 0 61.1868 310.28
19.6042 2 1.4 1008.51 0.2 74.2222 0 77.1193 310.575
19.625 2 0.95 1008.51 0.25 73.7777 0 93.0556 311.039
19.6458 2 0.5 1008.5 0.3 73.3333 0 108.992 311.502
19.6667 2 0.3 1008.44 0.3 72.7222 0 140.29 311.484
19.6875 2 0.1 1008.38 0.3 72.1111 0 171.587 311.465
19.7083 2 1.2 1008.4 0.2 71.6666 0 189.901 310.938
19.7292 2 2.3 1008.42 0.1 71.2222 0 208.214 310.41
19.75 2 2.15 1008.46 0 70.6111 0 261.798 310.708
19.7708 2 2 1008.51 -0.1 70 0 315.381 311.007
19.7917 2 1.2 1008.58 0 69.2778 0 368.075 309.289
19.8125 2 0.4 1008.66 0.1 68.5556 0 420.769 307.571
19.8333 2 1.15 1008.69 0.1 67.7778 0 448.25 307.346
19.8542 2 1.9 1008.72 0.1 67 0 475.731 307.12
19.875 2 2.65 1008.59 0.1 66.5555 0 493.24 306.581
19.8958 2 3.4 1008.47 0.1 66.1111 0 510.749 306.043
19.9167 2 3.35 1008.53 0.15 66.2222 0 505.583 306.496
19.9375 2 3.3 1008.59 0.2 66.3333 0 500.418 306.949
19.9583 2 3 1008.72 0.15 66.2222 0 457.081 308.258
19.9792 2 2.7 1008.86 0.1 66.1111 0 413.743 309.568
20 2 2.7 1008.85 -0.05 80.5555 4.05644e-006 341.412 309.032
20.0208 2 2.7 1008.84 -0.2 95 8.11289e-006 269.081 308.496
20.0417 2 2.5 1008.81 -0.4 96 8.19829e-006 302.244 308.269
20.0625 2 2.3 1008.77 -0.6 97 8.2837e-006 335.407 308.042
20.0833 2 2 1008.83 -0.65 96.5 8.241e-006 299.788 306.616
20.1042 2 1.7 1008.88 -0.7 96 8.19831e-006 264.169 305.19
20.125 2 2.1 1008.92 -0.75 95.5 8.1556e-006 227.251 305.381
20.1458 2 2.5 1008.97 -0.8 95 8.11289e-006 190.334 305.572
20.1667 2 3.35 1008.94 -0.75 96 8.19829e-006 176.008 306.061
20.1875 2 4.2 1008.92 -0.7 97 8.2837e-006 161.682 306.55
20.2083 2 3.15 1009.16 -0.65 97 8.2837e-006 163.622 299.305
20.2292 2 2.1 1009.4 -0.6 97 8.2837e-006 165.562 292.06
20.25 2 2.4 1009.43 -0.65 97 8.2837e-006 128.222 293.336
20.2708 2 2.7 1009.47 -0.7 97 8.2837e-006 90.8814 294.611
20.2917 2 2.65 1009.56 -0.75 97 8.2837e-006 67.187 299.427
20.3125 2 2.6 1009.66 -0.8 97 8.2837e-006 43.4927 304.242
20.3333 2 3.55 1009.52 -0.8 96.5 8.241e-006 30.9606 303.823
20.3542 2 4.5 1009.37 -0.8 96 8.19831e-006 18.4285 303.405
20.375 2 3.45 1009.71 -0.85 96.5 8.241e-006 14.5173 304.945
20.3958 2 2.4 1010.05 -0.9 97 8.2837e-006 10.6062 306.485
20.4167 2 2.8 1010.04 -0.9 97.5 8.3264e-006 10.2708 306.009
20.4375 2 3.2 1010.02 -0.9 98 8.36911e-006 9.93533 305.534
20.4583 2 2.85 1010.14 -0.9 87.2222 4.18456e-006 12.8314 304.993
20.4792 2 2.5 1010.25 -0.9 76.4444 0 15.7275 304.452
20.5 2 2.85 1010.39 -0.9 75.9097 0 23.6385 301.528
20.5208 2 3.2 1010.52 -0.9 75.375 0 31.5495 298.604
20.5417 2 2.9 1010.53 -1 75.5209 0 44.7143 295.313
20.5625 2 2.6 1010.53 -1.1 75.6667 0 57.8792 292.022
20.5833 2 2.65 1010.58 -1.15 75.6667 0 74.5815 296.461
20.6042 2 2.7 1010.63 -1.2 75.6667 0 91.2838 300.899
20.625 2 2.8 1010.74 -1.1 75.6667 0 118.696 299.104
20.6458 2 2.9 1010.86 -1 75.6667 0 146.109 297.309
20.6667 2 2.95 1011.01 -0.9 86.8334 4.18456e-006 171.956 298.745
20.6875 2 3 1011.16 -0.8 98 8.36911e-006 197.803 300.18
20.7083 2 3.85 1011.05 -0.7 97.5 8.3264e-006 242.375 296.607
20.7292 2 4.7 1010.95 -0.6 97 8.2837e-006 286.948 293.033
20.75 2 4 1011.11 -0.5 97 8.2837e-006 349.25 273.533
20.7708 2 3.3 1011.28 -0.4 97 8.2837e-006 411.551 254.032
20.7917 2 3.6 1011.23 -0.25 97 8.2837e-006 516.43 248.828
20.8125 2 3.9 1011.19 -0.1 97 8.2837e-006 621.31 243.624
20.8333 2 3.45 1011.32 0 96.5 8.241e-006 625.755 248.175
20.8542 2 3 1011.45 0.1 96 8.19831e-006 630.2 252.726
20.875 2 2.95 1011.48 0.15 96.5 8.241e-006 660.867 248.624
20.8958 2 2.9 1011.52 0.2 97 8.2837e-006 691.534 244.521
20.9167 2 2.95 1011.52 0.25 97.5 8.3264e-006 699.651 239.077
20.9375 2 3 1011.52 0.3 98 8.36911e-006 707.767 233.632
20.9583 2 3.3 1011.54 0.3 97.5 8.3264e-006 698.78 233.773
20.9792 2 3.6 1011.55 0.3 97 8.2837e-006 689.792 233.915
21 2 3.5 1011.59 0.35 97.5 8.3264e-006 669.945 234.795
21.0208 2 3.4 1011.63 0.4 98 8.36911e-006 650.098 235.675
21.0417 2 3.5 1011.65 0.35 97.5 8.3264e-006 616.791 234.641
21.0625 2 3.6 1011.66 0.3 97 8.2837e-006 583.483 233.606
21.0833 2 3.8 1011.74 0.25 96 8.19829e-006 544.539 233.219
21.1042 2 4 1011.82 0.2 95 8.11289e-006 505.595 232.831
21.125 2 3.95 1011.82 0.15 94.5 8.07019e-006 457.287 232.555
21.1458 2 3.9 1011.82 0.1 94 8.0275e-006 408.979 232.28
21.1667 2 3.8 1011.88 -0.05 94.5 8.07019e-006 357.078 232.215
21.1875 2 3.7 1011.93 -0.2 95 8.11289e-006 305.176 232.151
21.2083 2 3.75 1012.01 -0.45 95 8.11289e-006 257.895 232.085
21.2292 2 3.8 1012.09 -0.7 95 8.11289e-006 210.613 232.019
21.25 2 3.8 1012.21 -1.05 95.5 8.1556e-006 171.84 231.913
21.2708 2 3.8 1012.33 -1.4 96 8.19831e-006 133.067 231.806
21.2917 2 3.9 1012.44 -1.7 96 8.19831e-006 103.755 231.542
21.3125 2 4 1012.55 -2 96 8.19831e-006 74.4425 231.277
21.3333 2 3.65 1012.7 -2.4 95.5 8.1556e-006 56.9957 230.99
21.3542 2 3.3 1012.86 -2.8 95 8.11289e-006 39.5488 230.704
21.375 2 3.3 1013.01 -3.25 95 8.11289e-006 29.8843 234.119
21.3958 2 3.3 1013.15 -3.7 95 8.11289e-006 20.2198 237.534
21.4167 2 3.25 1013.24 -3.95 94.5 8.07019e-006 17.9057 236.581
21.4375 2 3.2 1013.33 -4.2 94 8.0275e-006 15.5915 235.629
21.4583 2 3.15 1013.38 -4.45 94 8.0275e-006 18.2066 235.822
21.4792 2 3.1 1013.43 -4.7 94 8.0275e-006 20.8218 236.015
21.5 2 3.05 1013.55 -4.95 93.5 7.98481e-006 33.0384 231.85
21.5208 2 3 1013.68 -5.2 93 7.94211e-006 45.255 227.686
21.5417 2 3.05 1013.7 -5.15 92.5 7.8994e-006 61.4233 226.962
21.5625 2 3.1 1013.73 -5.1 92 7.85669e-006 77.5916 226.238
21.5833 2 3.1 1013.8 -4.8 92.5 7.8994e-006 108.478 226.637
21.6042 2 3.1 1013.88 -4.5 93 7.94211e-006 139.364 227.036
21.625 2 3.45 1013.95 -4.2 93.5 7.98481e-006 197.544 227.191
21.6458 2 3.8 1014.02 -3.9 94 8.0275e-006 255.725 227.346
21.6667 2 3.85 1014.13 -3.5 94 8.0275e-006 296.883 227.621
21.6875 2 3.9 1014.24 -3.1 94 8.0275e-006 338.042 227.896
21.7083 2 4.35 1014.36 -2.75 94 8.0275e-006 387.8 228.207
21.7292 2 4.8 1014.49 -2.4 94 8.0275e-006 437.558 228.519
21.75 2 5 1014.57 -2.05 94 8.0275e-006 484.435 229.201
21.7708 2 5.2 1014.66 -1.7 94 8.0275e-006 531.311 229.882
21.7917 2 5.05 1014.71 -1.3 93.5 7.98481e-006 569.889 230.422
21.8125 2 4.9 1014.77 -0.9 93 7.94211e-006 608.467 230.962
21.8333 2 4.9 1014.8 -0.6 93 7.94211e-006 636.71 231.66
21.8542 2 4.9 1014.83 -0.3 93 7.94211e-006 664.953 232.358
21.875 2 4.85 1014.9 -0.1 93.5 7.98481e-006 685.589 233.087
21.8958 2 4.8 1014.97 0.1 94 8.0275e-006 706.224 233.817
21.9167 2 4.95 1015.03 0.2 94.5 8.07019e-006 707.968 233.704
21.9375 2 5.1 1015.1 0.3 95 8.11289e-006 709.711 233.591
21.9583 2 5.3 1015.23 0.25 95.5 8.1556e-006 691.604 242.672
21.9792 2 5.5 1015.36 0.2 96 8.19831e-006 673.498 251.753
22 2 5.55 1015.48 -0.05 98 8.3691e-006 608.207 277.793
22.0208 2 5.6 1015.61 -0.3 100 8.53989e-006 542.916 303.833
22.0417 2 5.55 1015.66 -0.3 100 8.53989e-006 513.595 303.389
22.0625 2 5.5 1015.72 -0.3 100 8.53989e-006 484.274 302.945
22.0833 2 5.7 1015.72 -0.4 100 8.53989e-006 443.5 302.438
22.1042 2 5.9 1015.73 -0.5 100 8.53989e-006 402.725 301.931
22.125 2 5.95 1015.78 -0.55 100 8.53989e-006 355.629 301.938
22.1458 2 6 1015.83 -0.6 100 8.53989e-006 308.533 301.945
22.1667 2 5.9 1015.92 -0.7 100 8.53989e-006 265.762 300.679
22.1875 2 5.8 1016.01 -0.8 100 8.53989e-006 222.991 299.413
22.2083 2 5.8 1016.06 -0.9 100 8.53989e-006 185.237 300.044
22.2292 2 5.8 1016.11 -1 100 8.53989e-006 147.483 300.676
22.25 2 5.8 1016.15 -1.15 99.5 8.49719e-006 120.108 299.034
22.2708 2 5.8 1016.19 -1.3 99 8.4545e-006 92.7328 297.393
22.2917 2 5.5 1016.4 -1.4 99 8.4545e-006 72.076 297.965
22.3125 2 5.2 1016.61 -1.5 99 8.4545e-006 51.4193 298.536
22.3333 2 5.3 1016.72 -1.55 99 8.4545e-006 37.3372 298.439
22.3542 2 5.4 1016.84 -1.6 99 8.4545e-006 23.255 298.342
22.375 2 5.7 1016.93 -1.75 98.5 8.41181e-006 18.9666 295.026
22.3958 2 6 1017.02 -1.9 98 8.36911e-006 14.6782 291.709
22.4167 2 5.9 1017.07 -2.05 97.5 8.3264e-006 14.2073 291.047
22.4375 2 5.8 1017.11 -2.2 97 8.2837e-006 13.7365 290.384
22.4583 2 5.65 1017.05 -2.35 97 8.2837e-006 15.79 284.567
22.4792 2 5.5 1017 -2.5 97 8.2837e-006 17.8435 278.75
22.5 2 5.2 1017.07 -2.7 97 8.2837e-006 24.0941 273.766
22.5208 2 4.9 1017.14 -2.9 97 8.2837e-006 30.3447 268.783
22.5417 2 4.95 1017.14 -2.95 97 8.2837e-006 54.6546 273.69
22.5625 2 5 1017.13 -3 97 8.2837e-006 78.9645 278.596
22.5833 2 4.9 1017.11 -2.9 96.5 8.241e-006 94.9897 274.634
22.6042 2 4.8 1017.1 -2.8 96 8.19831e-006 111.015 270.672
22.625 2 4.8 1017.1 -2.65 96.5 8.241e-006 157.288 265.51
22.6458 2 4.8 1017.1 -2.5 97 8.2837e-006 203.562 260.349
22.6667 2 5.33182 1016.55 -3.905 84.625 4.14185e-006 250.053 263.738
22.6875 2 5.86364 1016 -5.31 72.25 0 296.544 267.127
22.7083 2 5.94091 1016.01 -5.01 71.3125 0 338.393 265.288
22.7292 2 6.01818 1016.02 -4.71 70.375 0 380.242 263.449
22.75 2 6.11364 1016 -4.44 70.125 0 431.65 263.292
22.7708 2 6.20909 1015.98 -4.17 69.875 0 483.058 263.135
22.7917 2 6.25 1015.97 -4.01682 70.3264 0 474.49 261.495
22.8125 2 6.29091 1015.97 -3.86364 70.7778 0 465.921 259.855
22.8333 2 6.56363 1015.98 -3.67728 70.5 0 529.229 263.351
22.8542 2 6.83636 1016 -3.49091 70.2222 0 592.537 266.846
22.875 2 6.91818 1015.99 -3.40909 69.9445 0 626.629 270.047
22.8958 2 7 1015.98 -3.32727 69.6667 0 660.721 273.249
22.9167 2 6.85 1016.02 -3.17272 69.6667 0 609.005 280.643
22.9375 2 6.7 1016.05 -3.01818 69.6667 0 557.289 288.037
22.9583 2 6.90454 1016 -3.05454 69.7223 0 558.792 292.399
22.9792 2 7.10909 1015.95 -3.09091 69.7778 0 560.294 296.762
23 2 7.05454 1017.06 -1.04545 80.8889 3.92835e-006 603.977 284.945
23.0208 2 7 1018.17 1 92 7.85669e-006 647.659 273.129
23.0417 2 6.35 1018.16 1 92.5 7.8994e-006 550.273 275.243
23.0625 2 5.7 1018.15 1 93 7.94211e-006 452.888 277.358
23.0833 2 5.7 1018.15 1 93 7.94211e-006 436.41 274.477
23.1042 2 5.7 1018.15 1 93 7.94211e-006 419.932 271.596
23.125 2 5.6 1018.23 0.95 93.5 7.98481e-006 350.648 278.419
23.1458 2 5.5 1018.32 0.9 94 8.0275e-006 281.365 285.243
23.1667 2 5.75 1018.29 0.85 94 8.0275e-006 239.681 290.887
23.1875 2 6 1018.26 0.8 94 8.0275e-006 197.997 296.53
23.2083 2 6.95 1018.11 0.75 94.5 8.07019e-006 198.253 293.035
23.2292 2 7.9 1017.97 0.7 95 8.11289e-006 198.509 289.541
23.25 2 6.3 1018.1 0.75 94.5 8.07019e-006 173.764 284.175
23.2708 2 4.7 1018.24 0.8 94 8.0275e-006 149.02 278.81
23.2917 2 3.85 1018.45 0.7 94 8.0275e-006 114.976 276.376
23.3125 2 3 1018.65 0.6 94 8.0275e-006 80.9327 273.943
23.3333 2 2.6 1018.77 0.3 95 8.1129e-006 67.9243 266.245
23.3542 2 2.2 1018.89 0 96 8.19831e-006 54.916 258.547
23.375 2 2.15 1018.88 -0.1 96.5 8.241e-006 37.586 282.989
23.3958 2 2.1 1018.87 -0.2 97 8.2837e-006 20.256 307.431
23.4167 2 2.05 1018.92 -0.1 97 8.2837e-006 16.3493 309.758
23.4375 2 2 1018.96 0 97 8.2837e-006 12.4425 312.086
23.4583 2 1.9 1018.98 0.05 97.5 8.3264e-006 13.4295 312.291
23.4792 2 1.8 1019.01 0.1 98 8.36911e-006 14.4165 312.496
23.5 2 3.75 1019.09 -0.15 98 8.36911e-006 20.2379 311.141
23.5208 2 5.7 1019.18 -0.4 98 8.36911e-006 26.0593 309.786
23.5417 2 5.7 1019.33 -0.75 95.5 8.15561e-006 42.8583 303.253
23.5625 2 5.7 1019.48 -1.1 93 7.94211e-006 59.6573 296.719
23.5833 2 5.65 1019.65 -1.2 92.5 7.8994e-006 83.9097 295.133
23.6042 2 5.6 1019.82 -1.3 92 7.85669e-006 108.162 293.546
23.625 2 4.96818 1017.78 -3.54091 83.3334 3.92835e-006 138.248 290.828
23.6458 2 4.33636 1015.73 -5.78182 74.6667 0 168.334 288.11
23.6667 2 4.5 1015.67 -5.60454 74.4445 0 209.58 286.508
23.6875 2 4.66364 1015.61 -5.42727 74.2222 0 250.826 284.907
23.7083 2 4.54682 1015.63 -5.18636 73.8333 0 296.793 280.849
23.7292 2 4.43 1015.65 -4.94545 73.4444 0 342.76 276.791
23.75 2 4.72863 1015.62 -4.76818 73.2777 0 376.825 285.582
23.7708 2 5.02727 1015.59 -4.59091 73.1111 0 410.89 294.373
23.7917 2 4.97272 1015.6 -4.40909 72.3334 0 471.159 293.227
23.8125 2 4.91818 1015.61 -4.22727 71.5556 0 531.427 292.082
23.8333 2 4.89545 1015.59 -4 69.7778 0 519.531 290.333
23.8542 2 4.87273 1015.57 -3.77273 68 0 507.634 288.583
23.875 2 4.85 1015.54 -3.7 67.7778 0 512.003 291.734
23.8958 2 4.82727 1015.51 -3.62727 67.5556 0 516.371 294.886
23.9167 2 4.95455 1015.47 -3.61364 67.6112 0 519.877 296.687
23.9375 2 5.08182 1015.43 -3.6 67.6667 0 523.383 298.488
23.9583 2 5.11819 1015.41 -3.51363 67.2778 0 549.935 296.031
23.9792 2 5.15455 1015.38 -3.42727 66.8889 0 576.487 293.574
24 2 4.62727 1017.76 -1.71363 77.9445 0 592.371 285.707
24.0208 2 4.1 1020.14 0 89 0 608.256 277.84
24.0417 2 4.25 1020.1 -0.15 90 0 577.21 270.96
24.0625 2 4.4 1020.07 -0.3 91 0 546.165 264.079
24.0833 2 4.45 1019.94 -0.35 92.5 0 450.865 279.618
24.1042 2 4.5 1019.81 -0.4 94 0 355.564 295.157
24.125 2 4.2 1019.68 -0.3 94 0 303.703 298.693
24.1458 2 3.9 1019.56 -0.2 94 0 251.842 302.228
24.1667 2 4.3 1019.52 -0.25 91 0 248.729 293.441
24.1875 2 4.7 1019.48 -0.3 88 0 245.615 284.654
24.2083 2 4.55 1019.43 -0.45 88.5 0 226.471 270.835
24.2292 2 4.4 1019.38 -0.6 89 0 207.328 257.015
24.25 2 4 1019.31 -0.7 90 0 154.38 259.419
24.2708 2 3.6 1019.24 -0.8 91 0 101.433 261.823
24.2917 2 3.35 1019.22 -0.85 91 0 87.961 269.344
24.3125 2 3.1 1019.21 -0.9 91 0 74.489 276.866
24.3333 2 3.15 1019.17 -0.8 91 0 53.154 287.876
24.3542 2 3.2 1019.12 -0.7 91 0 31.819 298.887
24.375 2 3.3 1019.03 -0.7 92 0 24.4369 298.442
24.3958 2 3.4 1018.94 -0.7 93 0 17.0548 297.997
24.4167 2 3.35 1018.83 -0.8 93 0 15.7761 298.159
24.4375 2 3.3 1018.72 -0.9 93 0 14.4973 298.32
24.4583 2 3.1 1018.61 -1 92 0 15.9269 297.614
24.4792 2 2.9 1018.5 -1.1 91 0 17.3565 296.907
24.5 2 2.75 1018.38 -1.15 90.5 0 22.6678 297.319
24.5208 2 2.6 1018.25 -1.2 90 0 27.979 297.731
24.5417 2 3.25 1018.08 -1.5 89.5 0 47.6617 296.979
24.5625 2 3.9 1017.9 -1.8 89 0 67.3443 296.228
24.5833 2 3.85 1017.73 -1.85 87.5 0 87.1152 295.278
24.6042 2 3.8 1017.56 -1.9 86 0 106.886 294.328
24.625 2 3.8 1017.49 -1.95 84 0 129.173 294.189
24.6458 2 3.8 1017.43 -2 82 0 151.459 294.049
24.6667 2 4.24091 1016.05 -3.67727 78.2222 0 184.595 292.57
24.6875 2 4.68182 1014.68 -5.35455 74.4444 0 217.731 291.091
24.7083 2 4.69546 1014.69 -5.21364 73.7222 0 238.672 291.566
24.7292 2 4.70909 1014.7 -5.07273 73 0 259.612 292.041
24.75 2 4.63182 1014.69 -4.90909 72.8889 0 305.376 292.758
24.7708 2 4.55455 1014.68 -4.74545 72.7778 0 351.14 293.474
24.7917 2 4.47727 1014.67 -4.5409 72.2778 0 388.328 294.255
24.8125 2 4.4 1014.65 -4.33636 71.7778 0 425.516 295.037
24.8333 2 4.37727 1014.59 -4.15 71 0 446.178 294.829
24.8542 2 4.35455 1014.54 -3.96364 70.2222 0 466.84 294.622
24.875 2 4.39545 1014.57 -3.72273 69 0 481.38 293.669
24.8958 2 4.43636 1014.6 -3.48182 67.7778 0 495.921 292.717
24.9167 2 4.57273 1014.57 -3.30909 67.8334 0 525.393 291.156
24.9375 2 4.70909 1014.53 -3.13636 67.8889 0 554.866 289.595
24.9583 2 4.80455 1014.51 -3.09545 67.0695 0 576.04 268.834
24.9792 2 4.9 1014.49 -3.05455 66.25 0 597.213 248.073
25 2 4.2 1014.53 -2.90455 66.25 0 626.729 252.152
25.0208 2 3.5 1014.57 -2.75455 66.25 0 656.244 256.231
25.0417 2 4.34 1014.55 -2.73182 66.25 0 626.931 243.796
25.0625 2 5.18 1014.54 -2.70909 66.25 0 597.617 231.36
25.0833 2 5.15364 1014.48 -2.84091 67.5625 0 540.508 237.536
25.1042 2 5.12727 1014.43 -2.97273 68.875 0 483.4 243.713
25.125 2 5.31363 1014.43 -3.16818 69.875 0 408.978 253.851
25.1458 2 5.5 1014.43 -3.36364 70.875 0 334.556 263.989
25.1667 2 5.4 1014.42 -3.49546 71.6875 0 288.441 257.461
25.1875 2 5.3 1014.4 -3.62727 72.5 0 242.326 250.933
25.2083 2 5.41818 1014.4 -3.78182 73.0625 0 208.253 253.712
25.2292 2 5.53636 1014.4 -3.93636 73.625 0 174.179 256.491
25.25 2 5.27929 1014.41 -4.1409 74 0 142.303 265.911
25.2708 2 5.02222 1014.42 -4.34545 74.375 0 110.428 275.332
25.2917 2 5.0702 1014.47 -4.41364 74.1875 0 110.864 273.289
25.3125 2 5.11818 1014.53 -4.48182 74 0 111.3 271.245
25.3333 2 5.11818 1014.57 -4.56363 74.625 0 79.7879 259.474
25.3542 2 5.11818 1014.6 -4.64545 75.25 0 48.2758 247.702
25.375 2 5.12273 1014.6 -4.74545 75.25 0 37.3751 260.303
25.3958 2 5.12727 1014.6 -4.84545 75.25 0 26.4745 272.905
25.4167 2 5.02273 1014.58 -4.97727 75.0625 0 21.4388 276.483
25.4375 2 4.91818 1014.56 -5.10909 74.875 0 16.403 280.061
25.4583 2 4.87727 1014.59 -5.20909 74.875 0 17.3261 285.917
25.4792 2 4.83636 1014.63 -5.30909 74.875 0 18.2493 291.774
25.5 2 4.91364 1014.57 -5.40909 73.4375 0 29.9011 282.187
25.5208 2 4.99091 1014.5 -5.50909 72 0 41.5528 272.6
25.5417 2 5.08182 1014.55 -5.54545 72.6875 0 53.2026 266.651
25.5625 2 5.17273 1014.59 -5.58182 73.375 0 64.8523 260.702
25.5833 2 5.23182 1014.57 -5.55 73.1875 0 94.3786 265.585
25.6042 2 5.29091 1014.55 -5.51818 73 0 123.905 270.467
25.625 2 5.17546 1014.53 -5.41364 72.125 0 143.443 277.755
25.6458 2 5.06 1014.5 -5.30909 71.25 0 162.98 285.043
25.6667 2 5.02091 1014.54 -5.22272 70.75 0 172.579 287.372
25.6875 2 4.98182 1014.57 -5.13636 70.25 0 182.179 289.7
25.7083 2 5.24091 1014.56 -5.03182 69.6875 0 214.874 289.143
25.7292 2 5.5 1014.55 -4.92727 69.125 0 247.568 288.587
25.75 2 6 1015.55 -4.21363 76.0625 0 272.753 288.866
25.7708 2 6.5 1016.56 -3.5 83 0 297.938 289.145
25.7917 2 6.3 1016.58 -3.45 82 0 357.029 288.921
25.8125 2 6.1 1016.59 -3.4 81 0 416.12 288.696
25.8333 2 6.05 1016.62 -3.15 79 0 449.328 288.367
25.8542 2 6 1016.65 -2.9 77 0 482.535 288.039
25.875 2 6.45 1016.63 -2.85 77 0 484.235 288.336
25.8958 2 6.9 1016.61 -2.8 77 0 485.935 288.633
25.9167 2 6.45 1016.54 -2.8 78 0 467.469 289.362
25.9375 2 6 1016.46 -2.8 79 0 449.002 290.092
25.9583 2 6.2 1016.49 -2.65 79 0 510.003 274.219
25.9792 2 6.4 1016.52 -2.5 79 0 571.003 258.347
26 2 6.7 1016.53 -2.45 78.5 0 579.485 265.136
26.0208 2 7 1016.53 -2.4 78 0 587.968 271.925
26.0417 2 7.1 1016.58 -2.5 79.5 0 543.455 273.111
26.0625 2 7.2 1016.63 -2.6 81 0 498.942 274.297
26.0833 2 7.25 1016.68 -2.65 80 0 407.141 281.638
26.1042 2 7.3 1016.74 -2.7 79 0 315.341 288.98
26.125 2 6.9 1016.86 -2.9 78.5 0 260.096 288.535
26.1458 2 6.5 1016.98 -3.1 78 0 204.85 288.09
26.1667 2 6.2 1017.01 -3.25 77 0 179.135 287.27
26.1875 2 5.9 1017.04 -3.4 76 0 153.42 286.449
26.2083 2 5.75 1017.03 -3.5 78 0 138.964 285.987
26.2292 2 5.6 1017.02 -3.6 80 0 124.507 285.526
26.25 2 5.3 1016.99 -3.6 82.5 0 106.373 281.033
26.2708 2 5 1016.96 -3.6 85 0 88.2395 276.539
26.2917 2 4.7 1017.03 -3.95 86 0 73.4483 263.669
26.3125 2 4.4 1017.09 -4.3 87 0 58.6572 250.798
26.3333 2 5.1 1017.15 -4.15 86.5 0 44.7472 265.046
26.3542 2 5.8 1017.2 -4 86 0 30.8372 279.294
26.375 2 5.75 1017.21 -4.05 83.5 0 24.1996 281.553
26.3958 2 5.7 1017.21 -4.1 81 0 17.562 283.812
26.4167 2 5.55 1017.24 -4.25 80 0 15.2917 284.165
26.4375 2 5.4 1017.28 -4.4 79 0 13.0213 284.518
26.4583 2 5.15 1017.3 -4.55 81.5 0 16.7817 283.77
26.4792 2 4.9 1017.32 -4.7 84 0 20.542 283.021
26.5 2 4.65 1017.34 -4.8 84 0 31.2315 273.561
26.5208 2 4.4 1017.37 -4.9 84 0 41.921 264.102
26.5417 2 4.6 1017.34 -5.05 84.5 0 61.2945 251.203
26.5625 2 4.8 1017.31 -5.2 85 0 80.668 238.304
26.5833 2 4.4 1017.29 -5.45 84.5 0 100.512 229.147
26.6042 2 4 1017.27 -5.7 84 0 120.355 219.991
26.625 2 4.25 1017.24 -5.25 83 0 119.467 251.02
26.6458 2 4.5 1017.21 -4.8 82 0 118.579 282.05
26.6667 2 4.75 1017.25 -4.6 81.5 0 126.128 283.447
26.6875 2 5 1017.29 -4.4 81 0 133.676 284.844
26.7083 2 5.1 1017.35 -4.45 79.5 0 157.042 284.404
26.7292 2 5.2 1017.42 -4.5 78 0 180.409 283.965
26.75 2 4.9 1017.45 -4.4 78.5 0 193.24 284.588
26.7708 2 4.6 1017.49 -4.3 79 0 206.07 285.211
26.7917 2 4.6 1017.41 -4.15 79 0 233.33 285.711
26.8125 2 4.6 1017.32 -4 79 0 260.59 286.21
26.8333 2 4.6 1017.35 -3.8 79 0 286.782 286.639
26.8542 2 4.6 1017.38 -3.6 79 0 312.974 287.068
26.875 2 4.75 1017.42 -3.45 79.5 0 325.74 287.797
26.8958 2 4.9 1017.45 -3.3 80 0 338.505 288.525
26.9167 2 5.45 1017.37 -3.25 79 0 362.568 288.382
26.9375 2 6 1017.29 -3.2 78 0 386.63 288.238
26.9583 2 5.8 1017.29 -3.1 76 0 408.197 287.661
26.9792 2 5.6 1017.3 -3 74 0 429.764 287.085
27 2 5.5 1017.3 -3 74 0 410.602 287.524
27.0208 2 5.4 1017.31 -3 74 0 391.439 287.964
27.0417 2 5.25 1017.26 -3 75 0 365.376 288.459
27.0625 2 5.1 1017.2 -3 76 0 339.314 288.954
27.0833 2 5 1017.19 -3 76 0 309.563 289.154
27.1042 2 4.9 1017.18 -3 76 0 279.812 289.353
27.125 2 5.05 1017.15 -3.05 77 0 244.729 289.423
27.1458 2 5.2 1017.11 -3.1 78 0 209.646 289.493
27.1667 2 5 1017.14 -3.15 77.5 0 186.756 288.999
27.1875 2 4.8 1017.16 -3.2 77 0 163.866 288.504
27.2083 2 4.65 1017.14 -3.25 76 0 141.195 288.101
27.2292 2 4.5 1017.12 -3.3 75 0 118.524 287.698
27.25 2 4.4 1017.07 -3.4 76 0 98.6851 287.228
27.2708 2 4.3 1017.01 -3.5 77 0 78.8462 286.758
27.2917 2 4.15 1016.96 -3.55 78 0 62.8672 286.268
27.3125 2 4 1016.92 -3.6 79 0 46.8882 285.779
27.3333 2 3.85 1016.89 -3.7 80.5 0 37.3822 284.826
27.3542 2 3.7 1016.85 -3.8 82 0 27.8762 283.873
27.375 2 3.85 1016.78 -3.8 84 0 25.0857 284.718
27.3958 2 4 1016.71 -3.8 86 0 22.2952 285.563
27.4167 2 4.05 1016.63 -3.95 85 0 23.8822 282.03
27.4375 2 4.1 1016.54 -4.1 84 0 25.4692 278.498
27.4583 2 3.6 1016.41 -4.1 84.5 0 24.5672 280.637
27.4792 2 3.1 1016.27 -4.1 85 0 23.6652 282.776
27.5 2 3.3 1016.18 -4.1 84.5 0 28.188 285.471
27.5208 2 3.5 1016.09 -4.1 84 0 32.7107 288.167
27.5417 2 3.15 1016.02 -4.05 86 0 41.8285 288.82
27.5625 2 2.8 1015.95 -4 88 0 50.9462 289.473
27.5833 2 3.1 1015.84 -4 87.5 0 70.3039 289.85
27.6042 2 3.4 1015.73 -4 87 0 89.6617 290.227
27.625 2 3.35 1015.74 -4.2 87.5 0 100.925 289.954
27.6458 2 3.3 1015.75 -4.4 88 0 112.189 289.681
27.6667 2 3.15 1015.64 -4.35 88.5 0 139.111 289.78
27.6875 2 3 1015.52 -4.3 89 0 166.033 289.879
27.7083 2 2.85 1015.47 -4.25 89 0 213.604 289.96
27.7292 2 2.7 1015.42 -4.2 89 0 261.174 290.04
27.75 2 2.75 1015.35 -4.1 89.5 0 326.874 290.368
27.7708 2 2.8 1015.29 -4 90 0 392.574 290.697
27.7917 2 2.55 1015.25 -3.75 89 0 431.323 288.783
27.8125 2 2.3 1015.21 -3.5 88 0 470.073 286.868
27.8333 2 2.45 1015.18 -3.4 87.5 0 522.694 282.757
27.8542 2 2.6 1015.15 -3.3 87 0 575.316 278.646
27.875 2 2.4 1015.2 -3.2 86.5 0 590.148 285.229
27.8958 2 2.2 1015.24 -3.1 86 0 604.981 291.812
27.9167 2 2.35 1015.19 -3.05 87 0 602.641 291.865
27.9375 2 2.5 1015.14 -3 88 0 600.3 291.918
27.9583 2 2.45 1015.16 -2.8 87.5 0 599.435 285.928
27.9792 2 2.4 1015.18 -2.6 87 0 598.57 279.939
28 2 2.45 1015.2 -2.55 87.5 0 612.872 263.718
28.0208 2 2.5 1015.21 -2.5 88 0 627.174 247.497
28.0417 2 2.65 1015.14 -2.45 89 0 581.77 248.154
28.0625 2 2.8 1015.06 -2.4 90 0 536.366 248.81
28.0833 2 3.2 1015 -2.5 89 0 499.421 249.138
28.1042 2 3.6 1014.94 -2.6 88 0 462.475 249.467
28.125 2 3.55 1014.81 -2.5 87.5 0 419.803 251.812
28.1458 2 3.5 1014.68 -2.4 87 0 377.132 254.157
28.1667 2 3.6 1014.68 -2.35 87 0 352.593 260.948
28.1875 2 3.7 1014.69 -2.3 87 0 328.054 267.74
28.2083 2 3.65 1014.75 -2.45 88 0 244.825 265.331
28.2292 2 3.6 1014.81 -2.6 89 0 161.596 262.922
28.25 2 3.75 1014.86 -2.7 89.5 0 132.063 268.687
28.2708 2 3.9 1014.92 -2.8 90 0 102.529 274.452
28.2917 2 3.75 1014.98 -2.85 90.5 0 84.9949 281.628
28.3125 2 3.6 1015.04 -2.9 91 0 67.4608 288.803
28.3333 2 3.7 1015.04 -3.1 91.5 0 52.0418 289.615
28.3542 2 3.8 1015.05 -3.3 92 0 36.6228 290.427
28.375 2 3.85 1014.95 -3.3 91.5 0 30.7722 286.19
28.3958 2 3.9 1014.85 -3.3 91 0 24.9217 281.953
28.4167 2 3.9 1014.8 -3.35 91.5 0 23.8463 284.827
28.4375 2 3.9 1014.76 -3.4 92 0 22.771 287.7
28.4583 2 3.95 1014.74 -3.45 91.5 0 24.4958 288.91
28.4792 2 4 1014.72 -3.5 91 0 26.2207 290.12
28.5 2 4.15 1014.65 -3.55 91.5 0 34.1045 290.351
28.5208 2 4.3 1014.58 -3.6 92 0 41.9882 290.582
28.5417 2 4.2 1014.43 -3.65 92 0 54.8185 290.628
28.5625 2 4.1 1014.28 -3.7 92 0 67.6488 290.673
28.5833 2 4.05 1014.18 -3.7 92 0 87.9649 290.939
28.6042 2 4 1014.07 -3.7 92 0 108.281 291.205
28.625 2 4.05 1013.95 -3.7 92.5 0 133.317 291.829
28.6458 2 4.1 1013.83 -3.7 93 0 158.353 292.453
28.6667 2 4.3 1013.76 -3.75 92.5 0 196.941 292.002
28.6875 2 4.5 1013.68 -3.8 92 0 235.53 291.551
28.7083 2 4.5 1013.57 -3.8 91.5 0 280.761 289.4
28.7292 2 4.5 1013.47 -3.8 91 0 325.992 287.249
28.75 2 4.65 1013.34 -3.5 90.5 0 362.406 289.608
28.7708 2 4.8 1013.22 -3.2 90 0 398.819 291.967
28.7917 2 4.9 1013.05 -2.85 89 0 466.247 288.171
28.8125 2 5 1012.89 -2.5 88 0 533.674 284.375
28.8333 2 4.9 1012.8 -2.35 88.5 0 560.716 284.014
28.8542 2 4.8 1012.71 -2.2 89 0 587.757 283.653
28.875 2 4.9 1012.63 -1.75 90 0 598.251 289.752
28.8958 2 5 1012.55 -1.3 91 0 608.746 295.851
28.9167 2 5.4 1012.22 -0.9 92 0 607.614 298.729
28.9375 2 5.8 1011.9 -0.5 93 0 606.481 301.608
28.9583 2 5.9 1011.61 -0.3 93.5 0 582.528 304.4
28.9792 2 6 1011.33 -0.1 94 0 558.575 307.191
29 2 6.3 1011.07 0.05 94.5 0 561.18 304.384
29.0208 2 6.6 1010.81 0.2 95 0 563.785 301.577
29.0417 2 6.4 1010.6 0.25 96.5 0 534.959 300.526
29.0625 2 6.2 1010.39 0.3 98 0 506.133 299.475
29.0833 2 6.45 1010.18 0.35 97.5 0 459.701 301.064
29.1042 2 6.7 1009.98 0.4 97 0 413.269 302.652
29.125 2 6.65 1009.74 0.4 96.5 0 360.534 305.452
29.1458 2 6.6 1009.51 0.4 96 0 307.798 308.251
29.1667 2 6.4 1009.4 0.35 97 0 253.933 309.622
29.1875 2 6.2 1009.29 0.3 98 0 200.068 310.994
29.2083 2 6.3 1009 0.25 98 0 160.533 311.174
29.2292 2 6.4 1008.71 0.2 98 0 120.998 311.354
29.25 2 6.45 1008.55 0.2 97.5 0 97.5259 311.542
29.2708 2 6.5 1008.39 0.2 97 0 74.0538 311.729
29.2917 2 6.55 1008.1 0.2 97 0 66.1069 311.793
29.3125 2 6.6 1007.81 0.2 97 0 58.16 311.857
29.3333 2 6.8 1007.46 0.15 97 0 41.1283 311.404
29.3542 2 7 1007.11 0.1 97 0 24.0965 310.952
29.375 2 6.2 1006.81 0.05 97 0 21.7182 311.351
29.3958 2 5.4 1006.51 0 97 0 19.3398 311.75
29.4167 2 5.95 1006.18 0.1 97.5 0 19.5873 312.627
29.4375 2 6.5 1005.86 0.2 98 0 19.8348 313.504
29.4583 2 6.9 1005.44 0.2 98.5 0 24.9137 313.641
29.4792 2 7.3 1005.02 0.2 99 0 29.9925 313.778
29.5 2 7.25 1004.68 0.2 99 0 29.1649 313.741
29.5208 2 7.2 1004.35 0.2 99 0 28.3372 313.703
29.5417 2 7.1 1003.97 0.2 98.5 0 26.0577 313.721
29.5625 2 7 1003.6 0.2 98 0 23.7782 313.738
29.5833 2 7.4 1003.11 0.2 98.5 0 26.1627 313.545
29.6042 2 7.8 1002.63 0.2 99 0 28.5472 313.352
29.625 2 6.85 1002.3 0.2 99 0 49.0827 313.157
29.6458 2 5.9 1001.98 0.2 99 0 69.6183 312.962
29.6667 2 6.4 1001.65 0.25 99 0 84.8632 313.622
29.6875 2 6.9 1001.32 0.3 99 0 100.108 314.281
29.7083 2 6.65 1001.24 0.3 99 0 154.104 313.971
29.7292 2 6.4 1001.17 0.3 99 0 208.099 313.662
29.75 2 6.05 1001.1 0.3 99 0 274.045 312.74
29.7708 2 5.7 1001.03 0.3 99 0 339.991 311.817
29.7917 2 5.45 1000.99 0.4 98.5 0 424.423 305.321
29.8125 2 5.2 1000.95 0.5 98 0 508.855 298.826
29.8333 2 4.95 1000.99 0.55 96.5 0 520.765 297.93
29.8542 2 4.7 1001.03 0.6 95 0 532.674 297.033
29.875 2 4.55 1001.06 0.65 94 0 583.883 297.284
29.8958 2 4.4 1001.09 0.7 93 0 635.092 297.534
29.9167 2 4.2 1001.15 0.65 94 0 598.585 300.876
29.9375 2 4 1001.2 0.6 95 0 562.079 304.219
29.9583 2 4 1001.18 0.45 96.5 0 571.205 301.463
29.9792 2 4 1001.16 0.3 98 0 580.332 298.707
30 2 3.9 1001.22 0.3 97.5 0 575.797 300.697
30.0208 2 3.8 1001.29 0.3 97 0 571.262 302.686
30.0417 2 3.85 1001.35 0.25 96 0 492.049 305.636
30.0625 2 3.9 1001.42 0.2 95 0 412.836 308.586
30.0833 2 4.2 1001.32 0.15 94.5 0 367.487 308.944
30.1042 2 4.5 1001.23 0.1 94 0 322.139 309.302
30.125 2 4.75 1001.2 0 95 0 288.324 309.448
30.1458 2 5 1001.18 -0.1 96 0 254.51 309.593
30.1667 2 4.9 1001.15 -0.25 97 0 206.085 309.758
30.1875 2 4.8 1001.11 -0.4 98 0 157.66 309.922
30.2083 2 4.75 1001.07 -0.55 98.5 0 156.878 304.875
30.2292 2 4.7 1001.02 -0.7 99 0 156.096 299.829
30.25 2 4.55 1000.9 -0.95 99 0 141.851 285.96
30.2708 2 4.4 1000.77 -1.2 99 0 127.606 272.09
30.2917 2 4.45 1000.83 -1.3 98.5 0 102.676 273.738
30.3125 2 4.5 1000.89 -1.4 98 0 77.746 275.386
30.3333 2 4.5 1000.92 -1.45 98 0 61.411 287.446
30.3542 2 4.5 1000.95 -1.5 98 0 45.076 299.506
30.375 2 4.5 1000.93 -1.6 98 0 38.2047 294.181
30.3958 2 4.5 1000.9 -1.7 98 0 31.3333 288.856
30.4167 2 4.55 1000.84 -1.8 98 0 28.9539 285.235
30.4375 2 4.6 1000.79 -1.9 98 0 26.5745 281.614
30.4583 2 4.4 1000.61 -2.1 98 0 32.5238 270.941
30.4792 2 4.2 1000.44 -2.3 98 0 38.473 260.268
30.5 2 4.35 1000.27 -2.4 98 0 49.6458 255.405
30.5208 2 4.5 1000.09 -2.5 98 0 60.8185 250.542
30.5417 2 4.75 999.985 -2.45 86.7222 0 72.2836 256.303
30.5625 2 5 999.88 -2.4 75.4444 0 83.7487 262.065
30.5833 2 5.15 999.775 -2.25 75.4444 0 107.768 271.756
30.6042 2 5.3 999.67 -2.1 75.4444 0 131.787 281.447
30.625 2 4.8 999.845 -2 75.5 0 153.094 288.135
30.6458 2 4.3 1000.02 -1.9 75.5556 0 174.401 294.823
30.6667 2 4.05 1000.16 -1.8 73.6112 0 204.458 295.82
30.6875 2 3.8 1000.3 -1.7 71.6667 0 234.516 296.817
30.7083 2 3.95 1000.34 -1.6 71.8334 0 272.854 299.286
30.7292 2 4.1 1000.39 -1.5 72 0 311.193 301.755
30.75 2 4 1000.51 -1.3 70.2778 0 360.072 302.154
30.7708 2 3.9 1000.62 -1.1 68.5556 0 408.951 302.552
30.7917 2 3.35 1000.72 -0.95 68.5 0 436.625 303.771
30.8125 2 2.8 1000.83 -0.8 68.4444 0 464.299 304.991
30.8333 2 2.45 1000.95 -0.7 69.2222 0 474.516 306.713
30.8542 2 2.1 1001.06 -0.6 70 0 484.732 308.435
30.875 2 1.9 1001.2 -0.55 70.3889 0 506.742 308.476
30.8958 2 1.7 1001.35 -0.5 70.7778 0 528.753 308.517
30.9167 2 1.5 1001.54 -0.3 70.9445 0 502.343 309.676
30.9375 2 1.3 1001.74 -0.1 71.1111 0 475.933 310.834
30.9583 2 2.35 1001.9 0.05 70.3334 0 482.858 308.362
30.9792 2 3.4 1002.06 0.2 69.5556 0 489.782 305.889
