0 2 3.6 1023.62 -25.75 64.5 0 423.5 139.366
0.0208333 2 3.2 1023.72 -25.7 64 0 392.523 139.418
0.0416667 2 3.05 1023.9 -25.75 63.5 0 359.984 139.58
0.0625 2 2.9 1024.09 -25.8 63 0 327.445 139.742
0.0833333 2 3 1024.18 -26.05 63 0 280.362 139.708
0.104167 2 3.1 1024.27 -26.3 63 0 233.278 139.673
0.125 2 3.2 1019.55 -26.55 62.5 0 187.935 139.583
0.145833 2 3.3 1014.82 -26.8 62 0 142.592 139.493
0.166667 2 3.45 1014.86 -27.2 61.5 0 99.8297 138.887
0.1875 2 3.6 1014.9 -27.6 61 0 57.0673 138.282
0.208333 2 3.85 1014.99 -27.95 60 0 33.2519 137.866
0.229167 2 4.1 1015.09 -28.3 59 0 9.4365 137.45
0.25 2 4.15 1015.14 -28.65 58.5 0 4.8245 137.241
0.270833 2 4.2 1015.18 -29 58 0 0.2125 137.031
0.291667 2 4.05 1015.24 -29.25 58 0 0.10625 136.591
0.3125 2 3.9 1015.3 -29.5 58 0 0 136.151
0.333333 2 4.05 1015.35 -29.75 58 0 0 135.891
0.354167 2 4.2 1015.4 -30 58 0 0 135.63
0.375 2 4.15 1015.46 -30.2 57.5 0 0 135.398
0.395833 2 4.1 1015.52 -30.4 57 0 0 135.167
0.416667 2 4 1015.58 -30.3 58.375 0 0 135.079
0.4375 2 3.9 1015.63 -30.2 59.75 0 0 134.991
0.458333 2 3.8 1015.59 -30.45 57.375 0 0 134.909
0.479167 2 3.7 1015.56 -30.7 55 0 0 134.826
0.5 2 3.45 1015.6 -30.8 55 0 0 135.033
0.520833 2 3.2 1015.64 -30.9 55 0 0 135.239
0.541667 2 3.1 1015.67 -30.6 56 0 0 135.265
0.5625 2 3 1015.69 -30.3 57 0 0 135.291
0.583333 2 3.2 1015.76 -30.3 57.5 0 0.12775 135.114
0.604167 2 3.4 1015.82 -30.3 58 0 0.2555 134.937
0.625 2 3.15 1015.81 -30.6 57.5 0 6.87525 134.928
0.645833 2 2.9 1015.8 -30.9 57 0 13.495 134.92
0.666667 2 2.95 1015.82 -30.85 58 0 44.0496 134.874
0.6875 2 3 1015.84 -30.8 59 0 74.6042 134.827
0.708333 2 3.05 1015.81 -30.7 59.5 0 123.779 135.023
0.729167 2 3.1 1015.78 -30.6 60 0 172.953 135.22
0.75 2 3 1015.73 -30.25 60.5 0 223.683 135.434
0.770833 2 2.9 1015.68 -29.9 61 0 274.413 135.647
0.791667 2 2.65 1015.74 -29.65 61.5 0 316.68 135.634
0.8125 2 2.4 1015.81 -29.4 62 0 358.947 135.621
0.833333 2 2.15 1015.83 -29.15 61.5 0 395.069 135.746
0.854167 2 1.9 1015.85 -28.9 61 0 431.191 135.872
0.875 2 1.85 1015.89 -28.5 61.5 0 451.93 136.079
0.895833 2 1.8 1015.93 -28.1 62 0 472.669 136.286
0.916667 2 1.75 1015.92 -27.85 62.5 0 475.147 136.344
0.9375 2 1.7 1015.9 -27.6 63 0 477.625 136.403
0.958333 2 1.55 1015.9 -27.25 62.5 0 464.874 136.84
0.979167 2 1.4 1015.89 -26.9 62 0 452.122 137.277
1 2 1.35 1015.76 -26.7 62 0 425.362 137.398
1.02083 2 1.3 1015.62 -26.5 62 0 398.602 137.52
1.04167 2 1.25 1015.58 -26.25 62 0 362.011 137.703
1.0625 2 1.2 1015.55 -26 62 0 325.421 137.887
1.08333 2 1.5 1015.54 -26.1 62 0 281.715 137.78
1.10417 2 1.8 1015.53 -26.2 62 0 238.01 137.674
1.125 2 2.5 1015.53 -26.65 61 0 191.999 137.552
1.14583 2 3.2 1015.53 -27.1 60 0 145.988 137.431
1.16667 2 3.3 1015.52 -27.35 59.5 0 106.832 137.438
1.1875 2 3.4 1015.51 -27.6 59 0 67.6759 137.445
1.20833 2 3.8 1015.58 -28.05 58.5 0 38.3414 137.343
1.22917 2 4.2 1015.65 -28.5 58 0 9.0068 137.241
1.25 2 4.25 1015.67 -28.9 57.5 0 4.7234 136.961
1.27083 2 4.3 1015.68 -29.3 57 0 0.44 136.681
1.29167 2 4.25 1015.72 -29.65 56.5 0 0.22 136.414
1.3125 2 4.2 1015.76 -30 56 0 0 136.148
1.33333 2 4.5 1015.81 -30.4 55.5 0 0 136.143
1.35417 2 4.8 1015.86 -30.8 55 0 0 136.139
1.375 2 4.65 1015.87 -30.85 54.5 0 0 136.478
1.39583 2 4.5 1015.88 -30.9 54 0 0 136.816
1.41667 2 4.1 1015.91 -31 57.125 0 0 139.978
1.4375 2 3.7 1015.93 -31.1 60.25 0 0 143.14
1.45833 2 3.8 1015.96 -30.95 56.625 0 0 142.935
1.47917 2 3.9 1015.99 -30.8 53 0 0 142.729
1.5 2 3.8 1015.97 -30.75 53.5 0 0 147.082
1.52083 2 3.7 1015.95 -30.7 54 0 0 151.435
1.54167 2 3.95 1015.9 -30.75 54 0 0 151.046
1.5625 2 4.2 1015.85 -30.8 54 0 0 150.657
1.58333 2 4.15 1015.83 -30.6 54.5 0 0.21725 151.456
1.60417 2 4.1 1015.81 -30.4 55 0 0.4345 152.255
1.625 2 4.1 1015.83 -30.5 54.5 0 6.8944 161.081
1.64583 2 4.1 1015.85 -30.6 54 0 13.3543 169.907
1.66667 2 3.95 1015.79 -30.1 55 0 32.9745 170.137
1.6875 2 3.8 1015.74 -29.6 56 0 52.5947 170.368
1.70833 2 3.6 1015.77 -29.2 57.5 0 83.4613 172.592
1.72917 2 3.4 1015.8 -28.8 59 0 114.328 174.817
1.75 2 3.7 1015.79 -28.05 60 0 155.546 177.626
1.77083 2 4 1015.79 -27.3 61 0 196.763 180.435
1.79167 2 4.75 1015.87 -26.7 61 0 227.234 182.894
1.8125 2 5.5 1015.95 -26.1 61 0 257.706 185.353
1.83333 2 5.45 1015.96 -25.8 61.5 0 274.762 190.57
1.85417 2 5.4 1015.98 -25.5 62 0 291.818 195.788
1.875 2 5.95 1015.93 -25.15 62.5 0 318.362 197.024
1.89583 2 6.5 1015.89 -24.8 63 0 344.907 198.26
1.91667 2 6.95 1015.85 -24.55 63 0 388.796 191.299
1.9375 2 7.4 1015.81 -24.3 63 0 432.684 184.338
1.95833 2 7.55 1015.76 -24.15 63 0 394.311 190.764
1.97917 2 7.7 1015.71 -24 63 0 355.939 197.19
2 2 7.95 1015.73 -23.85 63.5 0 385.888 195.423
2.02083 2 8.2 1015.75 -23.7 64 0 415.836 193.657
2.04167 2 8.5 1015.64 -23.6 64 0 364.884 196.563
2.0625 2 8.8 1015.52 -23.5 64 0 313.932 199.469
2.08333 2 8.85 1015.47 -23.45 64 0 264.121 201.615
2.10417 2 8.9 1015.42 -23.4 64 0 214.31 203.762
2.125 2 8.95 1015.36 -23.25 64 0 170.197 211.154
2.14583 2 9 1015.3 -23.1 64 0 126.083 218.546
2.16667 2 8.85 1015.26 -23.05 64.5 0 81.0091 219.514
2.1875 2 8.7 1015.22 -23 65 0 35.9352 220.481
2.20833 2 8.8 1015.21 -22.8 65.5 0 22.3724 221.517
2.22917 2 8.9 1015.2 -22.6 66 0 8.80966 222.552
2.25 2 8.85 1015.17 -22.5 66 0 4.61375 223.883
2.27083 2 8.8 1015.13 -22.4 66 0 0.417833 225.215
2.29167 2 8.75 1015.16 -22.35 66 0 0.208917 220.352
2.3125 2 8.7 1015.19 -22.3 66 0 0 215.488
2.33333 2 8.35 1015.17 -22.3 66 0 0 208.068
2.35417 2 8 1015.15 -22.3 66 0 0 200.647
2.375 2 7.75 1015.17 -22.25 66.5 0 0 204.784
2.39583 2 7.5 1015.18 -22.2 67 0 0 208.92
2.41667 2 7.75 1015.19 -22 64.875 0 0 216.755
2.4375 2 8 1015.2 -21.8 62.75 0 0 224.59
2.45833 2 8.3 1015.08 -21.75 61.8036 0 0 219.125
2.47917 2 8.6 1014.95 -21.7 60.8571 0 0 213.66
2.5 2 8.2 1014.93 -21.7 62.9286 0 0 216.402
2.52083 2 7.8 1014.9 -21.7 65 0 0 219.143
2.54167 2 7.7 1014.91 -21.8 64.5 0 0 215.785
2.5625 2 7.6 1014.91 -21.9 64 0 0 212.427
2.58333 2 7.6 1014.92 -22.2 63.5 0 0.197666 201.682
2.60417 2 7.6 1014.93 -22.5 63 0 0.395333 190.937
2.625 2 6.9 1014.95 -23.1 63 0 4.83492 180.482
2.64583 2 6.2 1014.97 -23.7 63 0 9.2745 170.028
2.66667 2 6.3 1015.01 -23.5 63 0 27.4706 178.292
2.6875 2 6.4 1015.04 -23.3 63 0 45.6668 186.556
2.70833 2 6.95 1015.02 -22.95 63 0 78.6604 184.068
2.72917 2 7.5 1014.99 -22.6 63 0 111.654 181.58
2.75 2 7.5 1015.09 -22.2 63 0 174.958 183.181
2.77083 2 7.5 1015.2 -21.8 63 0 238.263 184.781
2.79167 2 7.4 1015.3 -21.5 63.5 0 245.089 191.349
2.8125 2 7.3 1015.4 -21.2 64 0 251.915 197.917
2.83333 2 7.65 1015.48 -20.8 64 0 277.107 198.935
2.85417 2 8 1015.57 -20.4 64 0 302.299 199.953
2.875 2 8.2 1015.7 -20.15 64.5 0 353.48 199.21
2.89583 2 8.4 1015.83 -19.9 65 0 404.661 198.466
2.91667 2 8.65 1015.88 -19.65 65 0 412.253 204.14
2.9375 2 8.9 1015.92 -19.4 65 0 419.845 209.814
2.95833 2 8.75 1015.95 -19.15 65.5 0 403.589 211.008
2.97917 2 8.6 1015.98 -18.9 66 0 387.333 212.202
3 2 8.7 1015.22 -18.75 66.5 0 369.441 207.488
3.02083 2 8.8 1014.47 -18.6 67 0 351.55 202.775
3.04167 2 8.75 1014.53 -18.65 66.5 0 317.803 198.586
3.0625 2 8.7 1014.58 -18.7 66 0 284.057 194.398
3.08333 2 8.4 1014.66 -18.75 67 0 240.639 194.063
3.10417 2 8.1 1014.74 -18.8 68 0 197.222 193.727
3.125 2 7.7 1014.79 -18.85 68.5 0 168.561 196.923
3.14583 2 7.3 1014.84 -18.9 69 0 139.9 200.119
3.16667 2 7.1 1014.95 -18.95 69 0 95.8593 205.465
3.1875 2 6.9 1015.06 -19 69 0 51.8187 210.811
3.20833 2 6.95 1015.11 -19.3 68.5 0 31.7958 209.234
3.22917 2 7 1015.17 -19.6 68 0 11.773 207.657
3.25 2 6.85 1015.26 -19.75 68.5 0 6.1805 206.426
3.27083 2 6.7 1015.35 -19.9 69 0 0.588 205.194
3.29167 2 6.5 1015.41 -19.95 69 0 0.294 209.619
3.3125 2 6.3 1015.46 -20 69 0 0 214.044
3.33333 2 6.45 1015.59 -20.2 68.5 0 0 211.385
3.35417 2 6.6 1015.72 -20.4 68 0 0 208.726
3.375 2 6.55 1015.79 -20.65 67.5 0 0 213.042
3.39583 2 6.5 1015.86 -20.9 67 0 0 217.359
3.41667 2 6.3 1015.91 -21.1 62.9375 0 0 214.635
3.4375 2 6.1 1015.95 -21.3 58.875 0 0 211.911
3.45833 2 6.35 1015.93 -21.4 61.4375 0 0 215.952
3.47917 2 6.6 1015.92 -21.5 64 0 0 219.993
3.5 2 6.45 1015.87 -21.6 64.5 0 0 217.165
3.52083 2 6.3 1015.82 -21.7 65 0 0 214.337
3.54167 2 6.3 1015.83 -21.85 65 0 0 210.439
3.5625 2 6.3 1015.84 -22 65 0 0 206.541
3.58333 2 6.05 1015.82 -22.2 65 0 0.3875 204.681
3.60417 2 5.8 1015.8 -22.4 65 0 0.775 202.82
3.625 2 5.65 1015.83 -22.55 65 0 7.2681 202.944
3.64583 2 5.5 1015.86 -22.7 65 0 13.7612 203.067
3.66667 2 5.6 1015.84 -22.75 64.5 0 40.0493 204.473
3.6875 2 5.7 1015.82 -22.8 64 0 66.3373 205.878
3.70833 2 5.65 1015.85 -22.7 64.5 0 94.9221 213.32
3.72917 2 5.6 1015.89 -22.6 65 0 123.507 220.761
3.75 2 5.55 1015.95 -22.5 64.5 0 150.38 222.374
3.77083 2 5.5 1016 -22.4 64 0 177.254 223.986
3.79167 2 5.55 1016.04 -22.35 64 0 213.673 224.289
3.8125 2 5.6 1016.08 -22.3 64 0 250.091 224.592
3.83333 2 5.6 1016.08 -22.1 64 0 277.749 223.4
3.85417 2 5.6 1016.08 -21.9 64 0 305.406 222.209
3.875 2 5.55 1016.69 -21.7 64 0 331.359 217.876
3.89583 2 5.5 1017.3 -21.5 64 0 357.312 213.543
3.91667 2 5.15 1017.28 -21.2 64.5 0 376.878 205.024
3.9375 2 4.8 1017.25 -20.9 65 0 396.443 196.505
3.95833 2 5 1017.2 -20.65 65 0 388.855 203.744
3.97917 2 5.2 1017.15 -20.4 65 0 381.267 210.983
4 2 5.1 1016.93 -20.2 66 0 348.814 218.94
4.02083 2 5 1016.71 -20 67 0 316.361 226.898
4.04167 2 4.85 1016.64 -20 66.5 0 281.71 226.144
4.0625 2 4.7 1016.56 -20 66 0 247.059 225.39
4.08333 2 4.6 1016.59 -20 66 0 215.483 221.98
4.10417 2 4.5 1016.63 -20 66 0 183.907 218.571
4.125 2 4.7 1016.61 -20 66 0 150.065 223.222
4.14583 2 4.9 1016.6 -20 66 0 116.224 227.873
4.16667 2 5.05 1016.58 -20.1 66.5 0 83.8517 224.411
4.1875 2 5.2 1016.56 -20.2 67 0 51.4795 220.95
4.20833 2 5.1 1016.57 -20.35 67 0 33.2171 215.805
4.22917 2 5 1016.57 -20.5 67 0 14.9548 210.659
4.25 2 4.85 1016.61 -21.2 67 0 8.10573 191.803
4.27083 2 4.7 1016.65 -21.9 67 0 1.25667 172.947
4.29167 2 4.7 1016.65 -22.8 66.5 0 0.628335 168.363
4.3125 2 4.7 1016.65 -23.7 66 0 0 163.78
4.33333 2 4.5 1016.69 -24 66 0 0 163.489
4.35417 2 4.3 1016.73 -24.3 66 0 0 163.198
4.375 2 4.55 1016.68 -24.8 65.5 0 0 162.441
4.39583 2 4.8 1016.64 -25.3 65 0 0 161.684
4.41667 2 4.85 1016.64 -25.45 63.8889 0 0 161.552
4.4375 2 4.9 1016.63 -25.6 62.7778 0 0 161.42
4.45833 2 4.95 1016.59 -25.75 62.8889 0 0 161.217
4.47917 2 5 1016.55 -25.9 63 0 0 161.015
4.5 2 5.25 1016.48 -26.1 63 0 0 160.921
4.52083 2 5.5 1016.41 -26.3 63 0 0 160.826
4.54167 2 5.5 1016.41 -26.35 63 0 0 161.014
4.5625 2 5.5 1016.42 -26.4 63 0 0 161.202
4.58333 2 5.35 1016.41 -26.35 63 0 0.699165 161.56
4.60417 2 5.2 1016.41 -26.3 63 0 1.39833 161.918
4.625 2 5.4 1016.36 -26 63.5 0 12.1995 162.366
4.64583 2 5.6 1016.31 -25.7 64 0 23.0007 162.813
4.66667 2 5.7 1018.77 -25.4 64.5 0 53.1251 163.467
4.6875 2 5.8 1021.22 -25.1 65 0 83.2495 164.121
4.70833 2 6.25 1020.99 -24.5 65 0 127.071 165.202
4.72917 2 6.7 1020.76 -23.9 65 0 170.893 166.284
4.75 2 7 1020.6 -23.45 66 0 217.133 166.882
4.77083 2 7.3 1020.45 -23 67 0 263.372 167.48
4.79167 2 7.6 1020.37 -22.55 67 0 301.954 167.997
4.8125 2 7.9 1020.29 -22.1 67 0 340.537 168.514
4.83333 2 8.3 1020.29 -21.8 67.5 0 369.049 169.557
4.85417 2 8.7 1020.29 -21.5 68 0 397.561 170.601
4.875 2 9.05 1020.05 -21.2 68 0 425.211 171.641
4.89583 2 9.4 1019.81 -20.9 68 0 452.861 172.681
4.91667 2 9.4 1019.49 -20.65 68 0 405.907 185.488
4.9375 2 9.4 1019.18 -20.4 68 0 358.953 198.294
4.95833 2 9.65 1018.95 -20.05 68.5 0 334.292 206.31
4.97917 2 9.9 1018.73 -19.7 69 0 309.63 214.325
5 2 10.45 1018.33 -19.5 69 0 297.766 216.748
5.02083 2 11 1017.94 -19.3 69 0 285.901 219.171
5.04167 2 11.25 1017.67 -19.2 69.5 0 245.091 223.507
5.0625 2 11.5 1017.39 -19.1 70 0 204.281 227.843
5.08333 2 11.8 1017.14 -18.95 71 0 174.447 237.69
5.10417 2 12.1 1016.88 -18.8 72 0 144.613 247.538
5.125 2 12.1 1016.67 -18.75 72 0 120.072 246.778
5.14583 2 12.1 1016.45 -18.7 72 0 95.5315 246.018
5.16667 2 12.15 1016.15 -18.6 72 0 69.7794 245.79
5.1875 2 12.2 1015.84 -18.5 72 0 44.0273 245.561
5.20833 2 12 1015.71 -18.35 72.5 0 27.9639 244.553
5.22917 2 11.8 1015.58 -18.2 73 0 11.9005 243.544
5.25 2 11.4 1015.64 -18.1 73 0 6.38708 243.869
5.27083 2 11 1015.69 -18 73 0 0.873667 244.194
5.29167 2 11.1 1015.63 -17.95 73 0 0.436834 243.871
5.3125 2 11.2 1015.57 -17.9 73 0 0 243.549
5.33333 2 11.05 1015.61 -18.05 72.5 0 0 241.909
5.35417 2 10.9 1015.65 -18.2 72 0 0 240.268
5.375 2 10.95 1015.63 -18.1 72 0 0 248.24
5.39583 2 11 1015.61 -18 72 0 0 256.211
5.41667 2 10.8 1015.65 -17.9 69.1666 0 0 260.033
5.4375 2 10.6 1015.68 -17.8 66.3333 0 0 263.855
5.45833 2 10.45 1015.6 -17.8 68.6666 0 0 264.474
5.47917 2 10.3 1015.52 -17.8 71 0 0 265.093
5.5 2 10.05 1015.51 -17.75 71 0 0 265.435
5.52083 2 9.8 1015.5 -17.7 71 0 0 265.776
5.54167 2 9.9 1015.35 -17.55 71 0 0 264.844
5.5625 2 10 1015.21 -17.4 71 0 0 263.912
5.58333 2 9.75 1015.17 -17.35 71 0 0.614915 259.41
5.60417 2 9.5 1015.12 -17.3 71 0 1.22983 254.908
5.625 2 9.3 1015.12 -17.3 70.5 0 6.31951 254.936
5.64583 2 9.1 1015.12 -17.3 70 0 11.4092 254.965
5.66667 2 9.05 1015.12 -17.3 70 0 30.8275 253.691
5.6875 2 9 1015.12 -17.3 70 0 50.2458 252.418
5.70833 2 8.85 1015.17 -17.2 70 0 73.5129 254.997
5.72917 2 8.7 1015.23 -17.1 70 0 96.78 257.575
5.75 2 8.25 1015.32 -17.05 70 0 119.916 255.549
5.77083 2 7.8 1015.41 -17 70 0 143.053 253.523
5.79167 2 6.75 1015.69 -16.85 70.5 0 165.6 254.851
5.8125 2 5.7 1015.97 -16.7 71 0 188.148 256.179
5.83333 2 4.75 1016.29 -16.6 72.5 0 214 250.76
5.85417 2 3.8 1016.61 -16.5 74 0 239.853 245.342
5.875 2 3.1 1017.04 -16.3 73.5 0 280.694 247.257
5.89583 2 2.4 1017.47 -16.1 73 0 321.535 249.172
5.91667 2 1.8 1017.74 -15.95 71.5 0 316.202 251.04
5.9375 2 1.2 1018.02 -15.8 70 0 310.869 252.908
5.95833 2 0.9 1018.24 -15.65 69 0 292.266 253.096
5.97917 2 0.6 1018.46 -15.5 68 0 273.662 253.284
6 2 0.6 1018.73 -15.65 70 0 269.596 250.92
6.02083 2 0.6 1019.01 -15.8 72 0 265.53 248.556
6.04167 2 1.75 1019.29 -15.75 73 0 237.393 248.783
6.0625 2 2.9 1019.57 -15.7 74 0 209.255 249.01
6.08333 2 3.75 1019.91 -15.6 74.5 0 189.531 249.32
6.10417 2 4.6 1020.25 -15.5 75 0 169.806 249.631
6.125 2 4.25 1020.65 -15.2 76 0 137.854 250.466
6.14583 2 3.9 1021.05 -14.9 77 0 105.901 251.301
6.16667 2 4.55 1021.34 -13.85 78 0 79.6311 253.339
6.1875 2 5.2 1021.63 -12.8 79 0 53.3612 255.377
6.20833 2 6.55 1021.96 -12.85 78.5 0 34.0763 252.01
6.22917 2 7.9 1022.3 -12.9 78 0 14.7915 248.644
6.25 2 7.95 1022.74 -13.4 75 0 8.03417 239.596
6.27083 2 8 1023.18 -13.9 72 0 1.27683 230.548
6.29167 2 7.55 1023.46 -14 68.5 0 0.638415 219.035
6.3125 2 7.1 1023.74 -14.1 65 0 0 207.521
6.33333 2 7.05 1019.58 -14.45 64 0 0 195.981
6.35417 2 7 1015.42 -14.8 63 0 0 184.441
6.375 2 7.3 1015.55 -15.15 65 0 0 177.503
6.39583 2 7.6 1015.68 -15.5 67 0 0 170.566
6.41667 2 6.7 1015.78 -16.05 67.5 0 0 167.811
6.4375 2 5.8 1015.88 -16.6 68 0 0 165.056
6.45833 2 4.65 1015.98 -17.15 69.5 0 0 176.447
6.47917 2 3.5 1016.08 -17.7 71 0 0 187.837
6.5 2 3.3 1016.18 -18.5 71 0 0 200.913
6.52083 2 3.1 1016.29 -19.3 71 0 0 213.989
6.54167 2 3.6 1016.44 -21.15 69.5 0 0 186.946
6.5625 2 4.1 1016.6 -23 68 0 0 159.903
6.58333 2 4.55 1016.71 -23.85 67 0 1.79333 166.115
6.60417 2 5 1016.83 -24.7 66 0 3.58667 172.326
6.625 2 4.8 1016.95 -24 67 0 13.6618 198.633
6.64583 2 4.6 1017.07 -23.3 68 0 23.737 224.94
6.66667 2 4.15 1017.23 -22.15 69 0 43.6449 230.671
6.6875 2 3.7 1017.39 -21 70 0 63.5527 236.402
6.70833 2 3.25 1017.5 -20.2 71 0 91.1289 236.721
6.72917 2 2.8 1017.61 -19.4 72 0 118.705 237.04
6.75 2 3.4 1017.74 -18.6 72 0 153.311 236.455
6.77083 2 4 1017.88 -17.8 72 0 187.918 235.87
6.79167 2 3.95 1017.97 -17.35 71.5 0 226.686 233.144
6.8125 2 3.9 1018.07 -16.9 71 0 265.455 230.418
6.83333 2 3.6 1018.24 -16.45 70 0 312.622 218.124
6.85417 2 3.3 1018.42 -16 69 0 359.79 205.83
6.875 2 3.35 1018.55 -16.1 67 0 403.918 187.75
6.89583 2 3.4 1018.68 -16.2 65 0 448.046 169.67
6.91667 2 3.65 1018.73 -16.2 63.5 0 461.904 168.258
6.9375 2 3.9 1018.79 -16.2 62 0 475.763 166.847
6.95833 2 3.25 1018.9 -16.2 64.5 0 472.853 166.964
6.97917 2 2.6 1019.01 -16.2 67 0 469.943 167.08
7 2 2.05 1019.64 -16.25 67.5 0 429.94 167.776
7.02083 2 1.5 1020.26 -16.3 68 0 389.937 168.472
7.04167 2 1.4 1020.35 -16.7 67.5 0 348.284 168.508
7.0625 2 1.3 1020.44 -17.1 67 0 306.632 168.543
7.08333 2 1.75 1020.48 -18.35 68.5 0 254.475 174.196
7.10417 2 2.2 1020.52 -19.6 70 0 202.319 179.849
7.125 2 2 1020.6 -19.6 69 0 176.513 181.624
7.14583 2 1.8 1020.69 -19.6 68 0 150.708 183.399
7.16667 2 0.95 1020.74 -19.8 69.5 0 115.521 181.447
7.1875 2 0.1 1020.79 -20 71 0 80.335 179.494
7.20833 2 0.65 1020.82 -20.6 70.5 0 53.2286 179.962
7.22917 2 1.2 1020.86 -21.2 70 0 26.1222 180.429
7.25 2 1.4 1020.92 -21.45 70 0 14.2973 177.529
7.27083 2 1.6 1020.99 -21.7 70 0 2.47233 174.628
7.29167 2 1.75 1021.01 -21.95 70 0 1.23617 170.572
7.3125 2 1.9 1021.02 -22.2 70 0 0 166.516
7.33333 2 2.2 1021.04 -22.85 69.5 0 0 166.297
7.35417 2 2.5 1021.06 -23.5 69 0 0 166.077
7.375 2 3.05 1021.08 -24.1 68 0 0 165.361
7.39583 2 3.6 1021.09 -24.7 67 0 0 164.644
7.41667 2 4 1021.08 -25.25 64.2778 0 0 165.876
7.4375 2 4.4 1021.07 -25.8 61.5556 0 0 167.108
7.45833 2 4.1 1021.01 -26 64.7778 0 0 166.712
7.47917 2 3.8 1020.95 -26.2 68 0 0 166.317
7.5 2 3.6 1020.96 -26.4 67.5 0 0 166.209
7.52083 2 3.4 1020.96 -26.6 67 0 0 166.101
7.54167 2 2.9 1020.9 -26.6 67 0 0.00333334 166.236
7.5625 2 2.4 1020.84 -26.6 67 0 0.00666667 166.372
7.58333 2 2 1020.89 -26.8 67 0 1.758 167.201
7.60417 2 1.6 1020.94 -27 67 0 3.50933 168.029
7.625 2 1.35 1020.92 -26.85 67 0 15.1627 168.387
7.64583 2 1.1 1020.9 -26.7 67 0 26.816 168.745
7.66667 2 0.8 1020.92 -26.55 68.5 0 59.6215 169.055
7.6875 2 0.5 1020.93 -26.4 70 0 92.427 169.364
7.70833 2 0.85 1020.96 -25.75 71 0 125.874 169.663
7.72917 2 1.2 1020.99 -25.1 72 0 159.32 169.963
7.75 2 3 1021 -24.3 71.5 0 187.329 167.933
7.77083 2 4.8 1021.01 -23.5 71 0 215.338 165.903
7.79167 2 4.8 1021.03 -22.95 71.5 0 258.819 165.677
7.8125 2 4.8 1021.05 -22.4 72 0 302.299 165.451
7.83333 2 5.1 1021.05 -21.75 72 0 384.196 167.504
7.85417 2 5.4 1021.06 -21.1 72 0 466.093 169.556
7.875 2 5.85 1021.07 -20.45 72.5 0 473.901 172.08
7.89583 2 6.3 1021.08 -19.8 73 0 481.708 174.604
7.91667 2 6.35 1021.1 -19.55 73 0 489.332 173.11
7.9375 2 6.4 1021.12 -19.3 73 0 496.956 171.616
7.95833 2 6.65 1021.09 -19.05 73 0 489.186 170.554
7.97917 2 6.9 1021.06 -18.8 73 0 481.416 169.492
8 2 7.1 1021.06 -18.6 73 0 457.524 169.697
8.02083 2 7.3 1021.06 -18.4 73 0 433.633 169.901
8.04167 2 7.3 1021.03 -18.25 72.5 0 399.346 169.57
8.0625 2 7.3 1020.99 -18.1 72 0 365.058 169.24
8.08333 2 7.2 1020.97 -18.2 72 0 322.286 169.201
8.10417 2 7.1 1020.96 -18.3 72 0 279.514 169.162
8.125 2 7.35 1021.04 -18.55 72 0 232.667 169.431
8.14583 2 7.6 1021.12 -18.8 72 0 185.819 169.7
8.16667 2 7.45 1021.15 -19.15 71.5 0 141.12 169.496
8.1875 2 7.3 1021.18 -19.5 71 0 96.42 169.292
8.20833 2 7.7 1021.21 -19.95 70.5 0 62.4794 170.135
8.22917 2 8.1 1021.25 -20.4 70 0 28.5388 170.978
8.25 2 8.05 1021.33 -20.7 69.5 0 15.8543 171.127
8.27083 2 8 1021.4 -21 69 0 3.16983 171.276
8.29167 2 7.85 1021.42 -21.25 69 0 1.5865 170.049
8.3125 2 7.7 1021.44 -21.5 69 0 0.00316667 168.823
8.33333 2 7.6 1023.69 -21.8 68.5 0 0.00158333 168.29
8.35417 2 7.5 1025.94 -22.1 68 0 0 167.757
8.375 2 7.3 1025.86 -22.4 67.5 0 0 167.714
8.39583 2 7.1 1025.79 -22.7 67 0 0 167.671
8.41667 2 7.45 1025.73 -22.75 64.75 0 0 169.199
8.4375 2 7.8 1025.66 -22.8 62.5 0 0 170.727
8.45833 2 7.75 1025.63 -22.7 64.25 0 0 175.853
8.47917 2 7.7 1025.6 -22.6 66 0 0 180.979
8.5 2 8 1025.61 -22.3 66 0 0 181.977
8.52083 2 8.3 1025.62 -22 66 0 0 182.974
8.54167 2 8.35 1025.66 -21.9 66.5 0 0.0283333 185.815
8.5625 2 8.4 1025.7 -21.8 67 0 0.0566667 188.657
8.58333 2 8.55 1025.7 -21.7 67 0 4.8955 191.555
8.60417 2 8.7 1025.7 -21.6 67 0 9.73433 194.453
8.625 2 8.6 1025.7 -21.45 67 0 36.5939 189.851
8.64583 2 8.5 1025.71 -21.3 67 0 63.4535 185.249
8.66667 2 8.6 1025.63 -21.1 67 0 98.7547 184.447
8.6875 2 8.7 1025.54 -20.9 67 0 134.056 183.645
8.70833 2 8.6 1025.26 -20.85 67 0 158.647 179.15
8.72917 2 8.5 1024.97 -20.8 67 0 183.239 174.654
8.75 2 8.5 1024.79 -20.35 68.5 0 224.136 177.553
8.77083 2 8.5 1024.61 -19.9 70 0 265.033 180.451
8.79167 2 8.5 1024.47 -19.45 71 0 278.549 180.005
8.8125 2 8.5 1024.34 -19 72 0 292.066 179.558
8.83333 2 8.75 1024.23 -18.55 72.5 0 353.245 178.674
8.85417 2 9 1024.13 -18.1 73 0 414.424 177.79
8.875 2 9.2 1024.01 -17.6 73 0 447.265 178.378
8.89583 2 9.4 1023.89 -17.1 73 0 480.106 178.966
8.91667 2 9.55 1023.74 -17.2 73.5 0 457.353 184.005
8.9375 2 9.7 1023.59 -17.3 74 0 434.6 189.045
8.95833 2 9.75 1023.53 -17.65 73 0 385.292 195.686
8.97917 2 9.8 1023.46 -18 72 0 335.985 202.326
9 2 9.45 1023.34 -17.8 72.5 0 362.404 215.374
9.02083 2 9.1 1023.22 -17.6 73 0 388.823 228.422
9.04167 2 9.2 1022.93 -17.3 73.5 0 344.389 230.638
9.0625 2 9.3 1022.64 -17 74 0 299.956 232.855
9.08333 2 9.55 1022.45 -16.95 74 0 243.132 233.464
9.10417 2 9.8 1022.26 -16.9 74 0 186.308 234.073
9.125 2 9.55 1022.17 -16.65 75 0 159.458 239.082
9.14583 2 9.3 1022.08 -16.4 76 0 132.609 244.092
9.16667 2 9.35 1021.95 -15.9 77 0 97.3596 244.133
9.1875 2 9.4 1021.82 -15.4 78 0 62.1102 244.175
9.20833 2 9.3 1021.8 -15.1 78.5 0 43.2287 243.42
9.22917 2 9.2 1021.79 -14.8 79 0 24.3472 242.665
9.25 2 9.05 1021.7 -14.7 79 0 14.022 238.055
9.27083 2 8.9 1021.61 -14.6 79 0 3.69683 233.446
9.29167 2 9.5 1021.47 -15 78.5 0 1.87875 232.56
9.3125 2 10.1 1021.34 -15.4 78 0 0.0606667 231.673
9.33333 2 9.6 1021.32 -15.65 78 0 0.0303333 233.337
9.35417 2 9.1 1021.29 -15.9 78 0 0 235.001
9.375 2 8.9 1021.31 -15.7 78.5 0 0 240.986
9.39583 2 8.7 1021.33 -15.5 79 0 0 246.971
9.41667 2 8.45 1021.36 -15.2 78 0 0 249.588
9.4375 2 8.2 1021.4 -14.9 77 0 0 252.205
9.45833 2 8.4 1021.32 -14.8 77.5 0 0 251.855
9.47917 2 8.6 1021.24 -14.7 78 0 0 251.505
9.5 2 8.65 1021.12 -14.85 78.5 0 0 250.964
9.52083 2 8.7 1021 -15 79 0 0 250.422
9.54167 2 8.45 1021.03 -15.25 78.5 0 0.0590835 251.523
9.5625 2 8.2 1021.06 -15.5 78 0 0.118167 252.624
9.58333 2 8.15 1021.03 -15.65 78 0 2.28817 252.82
9.60417 2 8.1 1021 -15.8 78 0 4.45817 253.016
9.625 2 8 1021.02 -15.85 78 0 12.2489 253.309
9.64583 2 7.9 1021.03 -15.9 78 0 20.0397 253.601
9.66667 2 7.55 1021.11 -15.9 78 0 45.4614 252.236
9.6875 2 7.2 1021.19 -15.9 78 0 70.8832 250.871
9.70833 2 7.05 1021.22 -15.75 78.5 0 100.727 251.206
9.72917 2 6.9 1021.25 -15.6 79 0 130.57 251.54
9.75 2 7 1021.15 -15.35 78.5 0 164.208 253.236
9.77083 2 7.1 1021.04 -15.1 78 0 197.846 254.932
9.79167 2 7.2 1020.93 -14.75 78 0 219.494 255.397
9.8125 2 7.3 1020.83 -14.4 78 0 241.142 255.862
9.83333 2 6.85 1020.84 -14.1 78.5 0 268.622 255.902
9.85417 2 6.4 1020.84 -13.8 79 0 296.101 255.943
9.875 2 6.7 1020.82 -13.25 80 3.9444e-006 336.651 256.023
9.89583 2 7 1020.8 -12.7 81 7.88881e-006 377.201 256.104
9.91667 2 7.3 1020.73 -12.35 81.5 7.9375e-006 403.634 256.893
9.9375 2 7.6 1020.67 -12 82 7.98619e-006 430.067 257.682
9.95833 2 7.55 1020.73 -11.85 82 7.98619e-006 421.071 257.32
9.97917 2 7.5 1020.8 -11.7 82 7.98619e-006 412.075 256.958
10 2 7.3 1020.85 -11.7 82 7.98619e-006 379.034 256.264
10.0208 2 7.1 1020.9 -11.7 82 7.98619e-006 345.993 255.571
10.0417 2 6.45 1020.86 -11.7 83 8.08358e-006 305.418 255.542
10.0625 2 5.8 1020.82 -11.7 84 8.18097e-006 264.842 255.512
10.0833 2 6.2 1020.71 -11.6 84 8.18097e-006 227.143 254.579
10.1042 2 6.6 1020.61 -11.5 84 8.18097e-006 189.443 253.647
10.125 2 6.5 1020.75 -11.8 83.5 8.13228e-006 157.201 253.497
10.1458 2 6.4 1020.89 -12.1 83 8.08358e-006 124.958 253.348
10.1667 2 5.6 1021.02 -12.25 83 8.08358e-006 101.155 255.031
10.1875 2 4.8 1021.14 -12.4 83 8.08358e-006 77.3515 256.713
10.2083 2 4.35 1021.19 -12.2 83.5 8.13228e-006 54.123 257.707
10.2292 2 3.9 1021.24 -12 84 8.18097e-006 30.8945 258.701
10.25 2 3.6 1021.35 -12 84 8.18097e-006 17.7986 258.866
10.2708 2 3.3 1021.46 -12 84 8.18097e-006 4.70267 259.031
10.2917 2 3.55 1021.56 -12 84.5 8.22967e-006 2.39284 258.593
10.3125 2 3.8 1021.65 -12 85 8.27836e-006 0.083 258.155
10.3333 2 3.9 1021.72 -11.95 85.5 8.32707e-006 0.0415 258.466
10.3542 2 4 1021.79 -11.9 86 8.37578e-006 0 258.776
10.375 2 4.1 1021.91 -11.85 86 8.37578e-006 0 258.836
10.3958 2 4.2 1022.04 -11.8 86 8.37578e-006 0 258.896
10.4167 2 4.25 1022.07 -11.95 84 8.18099e-006 0 258.316
10.4375 2 4.3 1022.09 -12.1 82 7.98619e-006 0 257.736
10.4583 2 4.35 1022.17 -12.3 81.5 7.9375e-006 0 256.426
10.4792 2 4.4 1022.25 -12.5 81 7.88881e-006 0 255.115
10.5 2 4.45 1022.41 -12.7 81 7.88881e-006 0 253.875
10.5208 2 4.5 1022.56 -12.9 81 7.88881e-006 0 252.634
10.5417 2 4.4 1022.67 -13.05 81.5 7.9375e-006 0.142083 252.034
10.5625 2 4.3 1022.79 -13.2 82 7.98619e-006 0.284167 251.433
10.5833 2 4.55 1022.73 -13.35 82 7.98619e-006 2.78542 250.969
10.6042 2 4.8 1022.68 -13.5 82 7.98619e-006 5.28667 250.506
10.625 2 4.9 1022.85 -13.7 81.5 7.9375e-006 15.7226 249.635
10.6458 2 5 1023.03 -13.9 81 7.88881e-006 26.1585 248.765
10.6667 2 5.05 1023.19 -14 81 7.88881e-006 48.5859 248.555
10.6875 2 5.1 1023.35 -14.1 81 7.88881e-006 71.0133 248.346
10.7083 2 4.6 1023.44 -14 81 7.88881e-006 93.6646 248.924
10.7292 2 4.1 1023.53 -13.9 81 7.88881e-006 116.316 249.503
10.75 2 4.2 1023.52 -13.75 81.5 7.9375e-006 171.949 249.55
10.7708 2 4.3 1023.5 -13.6 82 7.98619e-006 227.582 249.597
10.7917 2 4.35 1023.52 -13.8 82 7.98619e-006 251.6 249.197
10.8125 2 4.4 1023.54 -14 82 7.98619e-006 275.618 248.797
10.8333 2 4.45 1023.72 -14.35 81.5 7.9375e-006 302.763 248.32
10.8542 2 4.5 1023.91 -14.7 81 7.88881e-006 329.909 247.844
10.875 2 4.5 1024.01 -15.1 80.5 3.9444e-006 375.656 238.939
10.8958 2 4.5 1024.11 -15.5 80 0 421.402 230.033
10.9167 2 4.45 1024.21 -15.5 80 0 430.448 228.889
10.9375 2 4.4 1024.31 -15.5 80 0 439.494 227.746
10.9583 2 4.25 1024.38 -15.3 80 0 426.492 232.922
10.9792 2 4.1 1024.45 -15.1 80 0 413.491 238.097
11 2 4.4 1024.4 -15.2 80 0 416.284 220.027
11.0208 2 4.7 1024.35 -15.3 80 0 419.077 201.958
11.0417 2 4.65 1024.34 -15.35 79 0 399.43 194.014
11.0625 2 4.6 1024.33 -15.4 78 0 379.784 186.07
11.0833 2 4.1 1024.34 -15.6 78 0 337.066 186.139
11.1042 2 3.6 1024.36 -15.8 78 0 294.348 186.208
11.125 2 3.55 1024.58 -16 77.5 0 242.302 189.993
11.1458 2 3.5 1024.8 -16.2 77 0 190.256 193.778
11.1667 2 3.55 1024.93 -15.9 77.5 0 138.63 208.566
11.1875 2 3.6 1025.06 -15.6 78 0 87.0048 223.355
11.2083 2 3.95 1025.07 -16.25 77.5 0 60.085 210.638
11.2292 2 4.3 1025.09 -16.9 77 0 33.1653 197.922
11.25 2 4.7 1025.18 -17.25 76.5 0 19.3253 204.01
11.2708 2 5.1 1025.26 -17.6 76 0 5.48533 210.099
11.2917 2 5.2 1025.43 -16.75 77 0 2.81 224.801
11.3125 2 5.3 1025.59 -15.9 78 0 0.134667 239.502
11.3333 2 5.35 1025.74 -15.65 78.5 0 0.0673335 241.948
11.3542 2 5.4 1025.9 -15.4 79 0 0 244.394
11.375 2 5.6 1026.03 -15.5 79 0 0 245.124
11.3958 2 5.8 1026.15 -15.6 79 0 0 245.855
11.4167 2 5.55 1026.24 -15.45 72.1875 0 0 246.29
11.4375 2 5.3 1026.33 -15.3 65.375 0 0 246.726
11.4583 2 5.15 1026.41 -15.2 71.6875 0 0 246.533
11.4792 2 5 1026.49 -15.1 78 0 0 246.339
11.5 2 4.45 1026.51 -15 78.5 0 0 247.787
11.5208 2 3.9 1026.53 -14.9 79 0 0 249.235
11.5417 2 3.25 1026.72 -14.8 79.5 0 0.17775 248.845
11.5625 2 2.6 1026.91 -14.7 80 0 0.3555 248.455
11.5833 2 2.6 1026.96 -14.55 80 0 3.69775 245.513
11.6042 2 2.6 1027.01 -14.4 80 0 7.04 242.57
11.625 2 3.9 1026.95 -14.2 80.5 3.9444e-006 20.5956 243.902
11.6458 2 5.2 1026.88 -14 81 7.88881e-006 34.1512 245.233
11.6667 2 5.5 1026.92 -14.85 80 3.9444e-006 80.6581 217.867
11.6875 2 5.8 1026.96 -15.7 79 0 127.165 190.502
11.7083 2 5.3 1027.15 -16.55 77.5 0 173.658 186.984
11.7292 2 4.8 1027.33 -17.4 76 0 220.152 183.467
11.75 2 5 1027.5 -17.4 75 0 272.807 183.475
11.7708 2 5.2 1027.67 -17.4 74 0 325.463 183.483
11.7917 2 4.55 1027.9 -17.3 74 0 364.916 183.641
11.8125 2 3.9 1028.12 -17.2 74 0 404.369 183.799
11.8333 2 3.95 1028.2 -16.8 74 0 438.534 183.628
11.8542 2 4 1028.27 -16.4 74 0 472.7 183.457
11.875 2 4.4 1028.3 -15.75 74.5 0 492.96 184.363
11.8958 2 4.8 1028.33 -15.1 75 0 513.219 185.269
11.9167 2 4.9 1028.4 -14.55 76 0 516.484 185.946
11.9375 2 5 1028.47 -14 77 0 519.748 186.623
11.9583 2 4.75 1028.45 -13.8 77.5 0 513.177 186.561
11.9792 2 4.5 1028.43 -13.6 78 0 506.605 186.499
12 2 4.35 1028.5 -13.35 78 0 483.567 187.107
12.0208 2 4.2 1028.56 -13.1 78 0 460.528 187.714
12.0417 2 4.3 1028.55 -12.7 79 0 422.703 188.606
12.0625 2 4.4 1028.53 -12.3 80 0 384.878 189.498
12.0833 2 5.85 1028.55 -11.55 81.5 4.04179e-006 343.493 190.276
12.1042 2 7.3 1028.58 -10.8 83 8.08358e-006 302.108 191.054
12.125 2 7.6 1028.67 -10.75 82.5 8.03489e-006 253.684 191.114
12.1458 2 7.9 1028.76 -10.7 82 7.98619e-006 205.26 191.174
12.1667 2 7.95 1028.85 -10.95 82 7.98619e-006 160.24 190.769
12.1875 2 8 1028.95 -11.2 82 7.98619e-006 115.219 190.364
12.2083 2 7.65 1029.02 -11.65 81.5 7.9375e-006 78.8551 189.425
12.2292 2 7.3 1029.09 -12.1 81 7.88881e-006 42.4912 188.486
12.25 2 6.9 1028.94 -12.65 80.5 3.9444e-006 24.8018 187.568
12.2708 2 6.5 1028.78 -13.2 80 0 7.1125 186.649
12.2917 2 5.95 1028.56 -14.2 80 0 3.681 185.402
12.3125 2 5.4 1028.34 -15.2 80 0 0.2495 184.156
12.3333 2 5.35 1028.14 -15.2 80 0 0.12475 198.001
12.3542 2 5.3 1027.93 -15.2 80 0 0 211.846
12.375 2 5.4 1027.93 -14.05 81.5 4.04179e-006 0 228.758
12.3958 2 5.5 1027.93 -12.9 83 8.08358e-006 0 245.671
12.4167 2 5.1 1028.02 -13.25 81.5 4.04179e-006 0 238.174
12.4375 2 4.7 1028.1 -13.6 80 0 0 230.678
12.4583 2 4.6 1028.09 -13.9 80 0 0 230.285
12.4792 2 4.5 1028.08 -14.2 80 0 0 229.891
12.5 2 4.95 1028 -14.45 80 0 0 228.96
12.5208 2 5.4 1027.92 -14.7 80 0 0 228.029
12.5417 2 5.1 1027.91 -14.8 80 0 -0.183916 215.186
12.5625 2 4.8 1027.89 -14.9 80 0 -0.367833 202.343
12.5833 2 4.85 1027.76 -16.05 78 0 4.76208 190.613
12.6042 2 4.9 1027.63 -17.2 76 0 9.892 178.882
12.625 2 5.45 1027.6 -16.15 77.5 0 36.0677 179.07
12.6458 2 6 1027.57 -15.1 79 0 62.2435 179.259
12.6667 2 6.55 1027.72 -14.65 79 0 102.651 179.823
12.6875 2 7.1 1027.88 -14.2 79 0 143.059 180.386
12.7083 2 7.6 1027.96 -13.4 78.5 0 192.124 182.824
12.7292 2 8.1 1028.03 -12.6 78 0 241.188 185.263
12.75 2 8.4 1027.98 -12.1 76.5 0 287.073 185.858
12.7708 2 8.7 1027.94 -11.6 75 0 332.958 186.453
12.7917 2 9.05 1027.72 -11.25 76 0 374.839 187.124
12.8125 2 9.4 1027.5 -10.9 77 0 416.72 187.795
12.8333 2 9.8 1027.2 -10.45 77.5 0 450.942 188.176
12.8542 2 10.2 1026.89 -10 78 0 485.164 188.556
12.875 2 10.15 1026.58 -9.4 78.5 0 504.5 189.853
12.8958 2 10.1 1026.28 -8.8 79 0 523.836 191.149
12.9167 2 10.65 1026.08 -8.5 79 0 528.188 191.598
12.9375 2 11.2 1025.89 -8.2 79 0 532.54 192.046
12.9583 2 11.3 1025.73 -8.55 78 0 523.509 191.193
12.9792 2 11.4 1025.56 -8.9 77 0 514.478 190.339
13 2 11.7 1025.31 -8.95 76.5 0 490.131 191.053
13.0208 2 12 1025.05 -9 76 0 465.784 191.766
13.0417 2 11.75 1024.78 -8.95 75.5 0 427.695 192.829
13.0625 2 11.5 1024.5 -8.9 75 0 389.607 193.893
13.0833 2 11.35 1024.18 -8.9 76 0 345.49 194.69
13.1042 2 11.2 1023.85 -8.9 77 0 301.373 195.487
13.125 2 10.8 1023.57 -9 77.5 0 252.086 195.734
13.1458 2 10.4 1023.3 -9.1 78 0 202.8 195.981
13.1667 2 10.1 1023.07 -9.25 78.5 0 158.528 196.068
13.1875 2 9.8 1022.83 -9.4 79 0 114.256 196.155
13.2083 2 9.7 1022.7 -9.65 78.5 0 79.4003 195.887
13.2292 2 9.6 1022.56 -9.9 78 0 44.5447 195.619
13.25 2 9.45 1022.43 -10.2 78 0 26.5398 195.325
13.2708 2 9.3 1022.3 -10.5 78 0 8.53483 195.031
13.2917 2 9.1 1022.16 -10.8 78 0 4.46283 195.138
13.3125 2 8.9 1022.02 -11.1 78 0 0.390833 195.244
13.3333 2 8.6 1021.84 -11.4 77.5 0 0.195416 195.415
13.3542 2 8.3 1021.66 -11.7 77 0 0 195.585
13.375 2 8.2 1021.49 -11.9 77 0 0 196.297
13.3958 2 8.1 1021.32 -12.1 77 0 0 197.009
13.4167 2 8.05 1021.08 -12.3 76 0 0 198.19
13.4375 2 8 1020.84 -12.5 75 0 0 199.372
13.4583 2 8.15 1020.58 -12.65 75.5 0 0 199.098
13.4792 2 8.3 1020.31 -12.8 76 0 0 198.824
13.5 2 8 1020.1 -13 76.5 0 0 199.443
13.5208 2 7.7 1019.9 -13.2 77 0 0 200.061
13.5417 2 7.3 1019.65 -13.5 77 0 0.410583 200.626
13.5625 2 6.9 1019.4 -13.8 77 0 0.821167 201.191
13.5833 2 6.6 1019.27 -14.15 77 0 4.799 201.452
13.6042 2 6.3 1019.14 -14.5 77 0 8.77683 201.713
13.625 2 6.25 1019.02 -14.85 76.5 0 28.9573 200.293
13.6458 2 6.2 1018.89 -15.2 76 0 49.1377 198.873
13.6667 2 5.7 1018.85 -15.55 76 0 90.4678 198.469
13.6875 2 5.2 1018.81 -15.9 76 0 131.798 198.064
13.7083 2 5 1018.71 -15.9 76 0 170.12 198.11
13.7292 2 4.8 1018.61 -15.9 76 0 208.441 198.156
13.75 2 4.45 1018.49 -15.8 76 0 256.911 200.518
13.7708 2 4.1 1018.37 -15.7 76 0 305.382 202.879
13.7917 2 3.7 1018.3 -15.15 76 0 353.086 202.538
13.8125 2 3.3 1018.24 -14.6 76 0 400.789 202.198
13.8333 2 3.5 1018.07 -13.8 76 0 435.487 204.022
13.8542 2 3.7 1017.89 -13 76 0 470.185 205.846
13.875 2 4.05 1017.8 -12 76 0 483.052 207.33
13.8958 2 4.4 1017.7 -11 76 0 495.919 208.814
13.9167 2 4.8 1017.52 -10.45 76 0 496.117 210.626
13.9375 2 5.2 1017.34 -9.9 76 0 496.315 212.438
13.9583 2 4.9 1017.07 -9.65 76 0 480.96 210.353
13.9792 2 4.6 1016.79 -9.4 76 0 465.604 208.267
14 2 4.3 1016.6 -9.25 77 0 466.268 208.241
14.0208 2 4 1016.41 -9.1 78 0 466.932 208.214
14.0417 2 3.75 1016.19 -9 79 0 429.165 207.031
14.0625 2 3.5 1015.97 -8.9 80 0 391.399 205.848
14.0833 2 3.25 1015.79 -9.25 80.5 3.9444e-006 356.775 205.388
14.1042 2 3 1015.62 -9.6 81 7.88881e-006 322.151 204.927
14.125 2 3.15 1015.34 -9.95 81.5 7.9375e-006 263.35 203.895
14.1458 2 3.3 1015.07 -10.3 82 7.98619e-006 204.549 202.862
14.1667 2 3.65 1014.83 -10.8 82.5 8.03489e-006 154.587 202.048
14.1875 2 4 1014.59 -11.3 83 8.08358e-006 104.625 201.234
14.2083 2 4.05 1014.42 -11.8 83.5 8.13228e-006 72.627 200.674
14.2292 2 4.1 1014.24 -12.3 84 8.18097e-006 40.629 200.115
14.25 2 4.05 1014.18 -12.5 83.5 8.13228e-006 24.9475 199.696
14.2708 2 4 1014.13 -12.7 83 8.08358e-006 9.266 199.277
14.2917 2 3.9 1014.01 -12.9 83 8.08358e-006 4.95742 199.155
14.3125 2 3.8 1013.88 -13.1 83 8.08358e-006 0.648833 199.034
14.3333 2 3.3 1013.8 -13.35 82.5 8.03489e-006 0.324416 198.81
14.3542 2 2.8 1013.71 -13.6 82 7.98619e-006 0 198.586
14.375 2 2.5 1013.58 -13.75 82 7.98619e-006 0 200.21
14.3958 2 2.2 1013.44 -13.9 82 7.98619e-006 0 201.833
14.4167 2 1.8 1013.32 -14.35 79 3.9931e-006 0 205.978
14.4375 2 1.4 1013.19 -14.8 76 0 0 210.124
14.4583 2 0.9 1013.1 -15.3 76.5 0 0 213.986
14.4792 2 0.4 1013.02 -15.8 77 0 0 217.847
14.5 2 0.8 1012.96 -16.3 76 0 0 217.216
14.5208 2 1.2 1012.91 -16.8 75 0 0 216.586
14.5417 2 0.65 1012.88 -17 75.5 0 0.5845 214.38
14.5625 2 0.1 1012.84 -17.2 76 0 1.169 212.173
14.5833 2 0.05 1012.8 -16.65 77 0 7.8204 221.383
14.6042 2 0 1012.76 -16.1 78 0 14.4718 230.592
14.625 2 0 1012.78 -14.9 79.5 3.9444e-006 32.6954 239.447
14.6458 2 0 1012.8 -13.7 81 7.88881e-006 50.919 248.301
14.6667 2 0 1012.76 -12.45 83 8.08358e-006 64.9458 256.492
14.6875 2 0 1012.72 -11.2 85 8.27836e-006 78.9727 264.682
14.7083 2 0 1012.7 -10.45 87 8.47315e-006 101.648 267.741
14.7292 2 0 1012.69 -9.7 89 8.66794e-006 124.323 270.799
14.75 2 0.6 1012.64 -9.75 89.5 8.71664e-006 165.677 271.294
14.7708 2 1.2 1012.59 -9.8 90 8.76533e-006 207.032 271.79
14.7917 2 1.4 1012.63 -9.65 89.5 8.71664e-006 266.595 272.415
14.8125 2 1.6 1012.66 -9.5 89 8.66794e-006 326.158 273.04
14.8333 2 1.7 1012.74 -8.85 88.5 8.61925e-006 318.802 274.168
14.8542 2 1.8 1012.82 -8.2 88 8.57056e-006 311.447 275.296
14.875 2 1.95 1013.02 -7.8 87.5 8.52186e-006 320.927 276.386
14.8958 2 2.1 1013.22 -7.4 87 8.47317e-006 330.407 277.476
14.9167 2 2.55 1013.39 -7.4 87 8.47317e-006 349.693 277.253
14.9375 2 3 1013.55 -7.4 87 8.47317e-006 368.979 277.029
14.9583 2 3.6 1013.71 -7.3 87.5 8.52186e-006 381.086 277.432
14.9792 2 4.2 1013.88 -7.2 88 8.57056e-006 393.192 277.835
15 2 3.95 1013.91 -7.35 88.5 8.61925e-006 354.521 276.305
15.0208 2 3.7 1013.93 -7.5 89 8.66794e-006 315.849 274.775
15.0417 2 3.35 1013.72 -7.5 89 8.66794e-006 302.81 271.574
15.0625 2 3 1013.51 -7.5 89 8.66794e-006 289.77 268.373
15.0833 2 2.5 1013.54 -7.45 89 8.66794e-006 255.399 267.823
15.1042 2 2 1013.56 -7.4 89 8.66794e-006 221.028 267.273
15.125 2 1.8 1013.86 -7.3 88.5 8.61925e-006 191.426 271.119
15.1458 2 1.6 1014.16 -7.2 88 8.57056e-006 161.823 274.965
15.1667 2 1.5 1014.45 -7.25 87.5 8.52186e-006 127.538 275.797
15.1875 2 1.4 1014.75 -7.3 87 8.47317e-006 93.2533 276.628
15.2083 2 0.85 1014.78 -7.4 87.5 8.52186e-006 62.2681 276.8
15.2292 2 0.3 1014.81 -7.5 88 8.57056e-006 31.2828 276.972
15.25 2 0.65 1014.92 -7.7 88.5 8.61925e-006 19.3999 276.742
15.2708 2 1 1015.04 -7.9 89 8.66794e-006 7.517 276.513
15.2917 2 1.4 1015.17 -7.85 90 8.76533e-006 4.14475 276.956
15.3125 2 1.8 1015.3 -7.8 91 8.86272e-006 0.7725 277.398
15.3333 2 2.05 1015.36 -7.8 91 8.86272e-006 0.38625 277.729
15.3542 2 2.3 1015.42 -7.8 91 8.86272e-006 0 278.059
15.375 2 2.3 1015.54 -7.95 91 8.86272e-006 0 277.917
15.3958 2 2.3 1015.66 -8.1 91 8.86272e-006 0 277.775
15.4167 2 2.4 1015.75 -8.25 90 8.76533e-006 0 277.192
15.4375 2 2.5 1015.84 -8.4 89 8.66794e-006 0 276.609
15.4583 2 2.2 1015.91 -8.55 89.5 8.71664e-006 0 276.428
15.4792 2 1.9 1015.97 -8.7 90 8.76533e-006 0 276.248
15.5 2 2.05 1015.98 -8.75 90 8.76533e-006 0 276.016
15.5208 2 2.2 1016 -8.8 90 8.76533e-006 0 275.783
15.5417 2 2.1 1016.03 -8.8 90 8.76533e-006 0.646165 275.633
15.5625 2 2 1016.06 -8.8 90 8.76533e-006 1.29233 275.484
15.5833 2 1.9 1016.12 -8.9 90 8.76533e-006 6.44256 275.292
15.6042 2 1.8 1016.18 -9 90 8.76533e-006 11.5928 275.1
15.625 2 1.85 1016.17 -9.05 90 8.76533e-006 28.0331 274.478
15.6458 2 1.9 1016.16 -9.1 90 8.76533e-006 44.4735 273.855
15.6667 2 1.95 1016.3 -9.1 90 8.76533e-006 67.4837 273.559
15.6875 2 2 1016.45 -9.1 90 8.76533e-006 90.494 273.262
15.7083 2 2.7 1016.58 -9.05 89 8.66794e-006 136.098 272.353
15.7292 2 3.4 1016.72 -9 88 8.57056e-006 181.701 271.444
15.75 2 2.7 1016.73 -8.9 88 8.57056e-006 229.014 269.293
15.7708 2 2 1016.74 -8.8 88 8.57056e-006 276.328 267.142
15.7917 2 1.65 1016.78 -8.75 87.5 8.52186e-006 310.138 264.718
15.8125 2 1.3 1016.81 -8.7 87 8.47317e-006 343.949 262.294
15.8333 2 1.05 1016.8 -8.7 87.5 8.52186e-006 379.995 262.688
15.8542 2 0.8 1016.79 -8.7 88 8.57056e-006 416.041 263.081
15.875 2 1.45 1016.84 -9 88 8.57056e-006 380.169 263.539
15.8958 2 2.1 1016.9 -9.3 88 8.57056e-006 344.297 263.998
15.9167 2 1.45 1016.91 -9.2 88.5 8.61925e-006 365.919 267.592
15.9375 2 0.8 1016.91 -9.1 89 8.66794e-006 387.542 271.186
15.9583 2 1.3 1016.79 -8.95 88.5 8.61925e-006 382.626 272.883
15.9792 2 1.8 1016.68 -8.8 88 8.57056e-006 377.71 274.58
16 2 2.1 1016.65 -8.6 88 8.57056e-006 369.66 274.121
16.0208 2 2.4 1016.61 -8.4 88 8.57056e-006 361.611 273.662
16.0417 2 2.95 1016.6 -8.25 87.5 8.52186e-006 349.607 267.467
16.0625 2 3.5 1016.59 -8.1 87 8.47317e-006 337.603 261.272
16.0833 2 3.55 1016.59 -8 87 8.47317e-006 275.294 269.964
16.1042 2 3.6 1016.59 -7.9 87 8.47317e-006 212.985 278.656
16.125 2 3.6 1016.53 -7.85 87 8.47317e-006 180.668 277.816
16.1458 2 3.6 1016.46 -7.8 87 8.47317e-006 148.351 276.977
16.1667 2 3.65 1016.29 -7.75 87 8.47317e-006 116.264 278.053
16.1875 2 3.7 1016.11 -7.7 87 8.47317e-006 84.1777 279.13
16.2083 2 3.15 1016.11 -7.7 87 8.47317e-006 59.717 278.421
16.2292 2 2.6 1016.12 -7.7 87 8.47317e-006 35.2563 277.711
16.25 2 2.6 1016.05 -7.75 87 8.47317e-006 22.6805 277.232
16.2708 2 2.6 1015.99 -7.8 87 8.47317e-006 10.1047 276.753
16.2917 2 3.25 1015.92 -7.8 87.5 8.52186e-006 5.53085 276.51
16.3125 2 3.9 1015.86 -7.8 88 8.57056e-006 0.957 276.268
16.3333 2 2.75 1015.85 -7.95 89 8.66794e-006 0.4785 276.373
16.3542 2 1.6 1015.85 -8.1 90 8.76533e-006 0 276.478
16.375 2 0.95 1015.94 -8.1 90.5 8.81403e-006 0 276.767
16.3958 2 0.3 1016.03 -8.1 91 8.86272e-006 0 277.056
16.4167 2 1.5 1016 -8.2 90.5 8.81403e-006 0 276.432
16.4375 2 2.7 1015.97 -8.3 90 8.76533e-006 0 275.808
16.4583 2 2.85 1015.83 -8.55 90 8.76533e-006 0 274.831
16.4792 2 3 1015.7 -8.8 90 8.76533e-006 0 273.854
16.5 2 2.55 1015.65 -9.05 89.5 8.71664e-006 0 272.747
16.5208 2 2.1 1015.59 -9.3 89 8.66794e-006 0 271.64
16.5417 2 2.9 1015.45 -9.5 88 8.57056e-006 0.745335 270.679
16.5625 2 3.7 1015.3 -9.7 87 8.47317e-006 1.49067 269.717
16.5833 2 3.15 1015.24 -9.7 87 8.47317e-006 6.73599 269.579
16.6042 2 2.6 1015.19 -9.7 87 8.47317e-006 11.9813 269.442
16.625 2 2.45 1015.15 -9.8 86.5 8.42447e-006 28.0765 270.732
16.6458 2 2.3 1015.1 -9.9 86 8.37578e-006 44.1718 272.021
16.6667 2 2.4 1015.03 -9.9 85.5 8.32707e-006 73.9849 271.065
16.6875 2 2.5 1014.97 -9.9 85 8.27836e-006 103.798 270.108
16.7083 2 2.35 1014.98 -9.8 85.5 8.32707e-006 169.527 268.987
16.7292 2 2.2 1014.99 -9.7 86 8.37578e-006 235.255 267.865
16.75 2 2.25 1014.95 -9.6 87 8.47317e-006 222.646 268.714
16.7708 2 2.3 1014.91 -9.5 88 8.57056e-006 210.038 269.563
16.7917 2 2.15 1014.84 -9.4 89 8.66794e-006 244.919 270.535
16.8125 2 2 1014.78 -9.3 90 8.76533e-006 279.801 271.508
16.8333 2 2 1014.7 -9.1 91 8.86272e-006 293.527 272.477
16.8542 2 2 1014.62 -8.9 92 8.96011e-006 307.253 273.446
16.875 2 2.25 1014.62 -8.65 91.5 8.91142e-006 330.439 273.731
16.8958 2 2.5 1014.62 -8.4 91 8.86272e-006 353.625 274.016
16.9167 2 3.3 1014.51 -8.6 90 8.76533e-006 361.697 273.743
16.9375 2 4.1 1014.4 -8.8 89 8.66794e-006 369.768 273.47
16.9583 2 4.2 1014.41 -8.65 89 8.66794e-006 357.84 273.801
16.9792 2 4.3 1014.42 -8.5 89 8.66794e-006 345.911 274.131
17 2 4.1 1014.42 -8.4 89 8.66794e-006 327.59 274.208
17.0208 2 3.9 1014.42 -8.3 89 8.66794e-006 309.269 274.285
17.0417 2 3.75 1014.39 -8.3 89 8.66794e-006 268.236 273.963
17.0625 2 3.6 1014.36 -8.3 89 8.66794e-006 227.203 273.64
17.0833 2 3.75 1014.4 -8.45 89 8.66794e-006 226.676 273.069
17.1042 2 3.9 1014.43 -8.6 89 8.66794e-006 226.148 272.498
17.125 2 3.65 1014.53 -8.65 88.5 8.61925e-006 179.331 272.378
17.1458 2 3.4 1014.62 -8.7 88 8.57056e-006 132.515 272.257
17.1667 2 3.75 1014.64 -8.7 88 8.57056e-006 106.283 272.25
17.1875 2 4.1 1014.65 -8.7 88 8.57056e-006 80.0502 272.244
17.2083 2 4.2 1014.78 -8.75 88 8.57056e-006 57.1095 272.119
17.2292 2 4.3 1014.91 -8.8 88 8.57056e-006 34.1687 271.994
17.25 2 4.4 1014.97 -8.85 88 8.57056e-006 21.5624 271.548
17.2708 2 4.5 1015.04 -8.9 88 8.57056e-006 8.95617 271.102
17.2917 2 4.3 1015.21 -8.9 88 8.57056e-006 5.00275 271.026
17.3125 2 4.1 1015.39 -8.9 88 8.57056e-006 1.04933 270.951
17.3333 2 3.9 1015.55 -8.9 88 8.57056e-006 0.524665 271.183
17.3542 2 3.7 1015.71 -8.9 88 8.57056e-006 0 271.416
17.375 2 4.4 1015.83 -9.05 87.5 8.52186e-006 0 270.275
17.3958 2 5.1 1015.95 -9.2 87 8.47317e-006 0 269.134
17.4167 2 4.8 1016.05 -9.35 86 8.37576e-006 0 268.648
17.4375 2 4.5 1016.15 -9.5 85 8.27836e-006 0 268.162
17.4583 2 4.25 1016.3 -9.6 84.5 8.22967e-006 0 267.403
17.4792 2 4 1016.44 -9.7 84 8.18097e-006 0 266.644
17.5 2 4.1 1016.6 -9.8 84.5 8.22967e-006 -0.00516665 266.632
17.5208 2 4.2 1016.77 -9.9 85 8.27836e-006 -0.0103333 266.62
17.5417 2 4.2 1016.93 -10 84.5 8.22967e-006 1.056 265.516
17.5625 2 4.2 1017.08 -10.1 84 8.18097e-006 2.12233 264.413
17.5833 2 4.25 1017.26 -10.3 84 8.18097e-006 8.61467 263.936
17.6042 2 4.3 1017.44 -10.5 84 8.18097e-006 15.107 263.459
17.625 2 4.25 1017.68 -10.6 83.5 8.13228e-006 31.9661 262.801
17.6458 2 4.2 1017.92 -10.7 83 8.08358e-006 48.8252 262.143
17.6667 2 4.15 1018.03 -10.6 83.5 8.13228e-006 75.3231 263.173
17.6875 2 4.1 1018.14 -10.5 84 8.18097e-006 101.821 264.203
17.7083 2 4.05 1018.3 -10.4 84.5 8.22967e-006 141.784 264.735
17.7292 2 4 1018.47 -10.3 85 8.27836e-006 181.746 265.267
17.75 2 4.5 1018.59 -10.25 85 8.27836e-006 220.532 264.802
17.7708 2 5 1018.71 -10.2 85 8.27836e-006 259.318 264.338
17.7917 2 5.05 1018.84 -10.15 84.5 8.22967e-006 307.701 259.807
17.8125 2 5.1 1018.97 -10.1 84 8.18097e-006 356.085 255.276
17.8333 2 5 1019.17 -10 84 8.18097e-006 384.068 258.505
17.8542 2 4.9 1019.38 -9.9 84 8.18097e-006 412.05 261.734
17.875 2 4.95 1019.52 -9.8 83.5 8.13228e-006 437.584 257.922
17.8958 2 5 1019.66 -9.7 83 8.08358e-006 463.119 254.11
17.9167 2 4.7 1019.73 -9.6 82.5 8.03489e-006 458.609 257.68
17.9375 2 4.4 1019.81 -9.5 82 7.98619e-006 454.099 261.249
17.9583 2 4.3 1019.92 -9.5 81.5 7.9375e-006 460.106 253.081
17.9792 2 4.2 1020.02 -9.5 81 7.88881e-006 466.113 244.912
18 2 4.15 1020.06 -9.75 81.5 7.9375e-006 462.396 230.238
18.0208 2 4.1 1020.1 -10 82 7.98619e-006 458.679 215.564
18.0417 2 3.8 1020.17 -10.15 82 7.98619e-006 429.277 215.655
18.0625 2 3.5 1020.24 -10.3 82 7.98619e-006 399.876 215.747
18.0833 2 3.2 1020.46 -10.7 81.5 7.9375e-006 364.872 209.504
18.1042 2 2.9 1020.69 -11.1 81 7.88881e-006 329.867 203.262
18.125 2 3.2 1020.79 -11.7 80 3.9444e-006 285.645 196.923
18.1458 2 3.5 1020.88 -12.3 79 0 241.422 190.584
18.1667 2 3.6 1020.93 -12.75 79 0 194.142 189.106
18.1875 2 3.7 1020.98 -13.2 79 0 146.862 187.628
18.2083 2 3.6 1021.04 -13.65 79.5 0 108.191 186.785
18.2292 2 3.5 1021.09 -14.1 80 0 69.521 185.941
18.25 2 3.55 1021.2 -14.35 80 0 44.4512 185.154
18.2708 2 3.6 1021.31 -14.6 80 0 19.3813 184.367
18.2917 2 3.5 1021.45 -15.3 78.5 0 10.7846 183.507
18.3125 2 3.4 1021.58 -16 77 0 2.188 182.647
18.3333 2 3 1021.66 -16.05 77 0 1.10025 182.066
18.3542 2 2.6 1021.74 -16.1 77 0 0.0125 181.485
18.375 2 2.55 1021.81 -16.35 76.5 0 0.00625 181.572
18.3958 2 2.5 1021.88 -16.6 76 0 0 181.658
18.4167 2 3.05 1021.95 -17 74 0 0 181.281
18.4375 2 3.6 1022.01 -17.4 72 0 0 180.903
18.4583 2 3 1022.08 -17.5 72 0 0 181.19
18.4792 2 2.4 1022.15 -17.6 72 0 0 181.478
18.5 2 1.75 1022.14 -17.1 73 0 0.016 182.752
18.5208 2 1.1 1022.13 -16.6 74 0 0.032 184.026
18.5417 2 0.6 1022.07 -17.25 73.5 0 1.81416 184.71
18.5625 2 0.1 1022.01 -17.9 73 0 3.59633 185.394
18.5833 2 0.05 1022.08 -18.05 73 0 13.9137 188.807
18.6042 2 0 1022.14 -18.2 73 0 24.231 192.221
18.625 2 0 1022.12 -18.3 72.5 0 46.3039 189.709
18.6458 2 0 1022.1 -18.4 72 0 68.3767 187.197
18.6667 2 0 1022.21 -18 73 0 94.2533 190.629
18.6875 2 0 1022.33 -17.6 74 0 120.13 194.06
18.7083 2 0.45 1022.39 -17.25 75.5 0 188.378 194.492
18.7292 2 0.9 1022.45 -16.9 77 0 256.626 194.925
18.75 2 1.15 1022.46 -16.75 79 3.9444e-006 313.71 189.303
18.7708 2 1.4 1022.48 -16.6 81 7.88881e-006 370.793 183.681
18.7917 2 1.85 1022.47 -16.15 79.5 3.9444e-006 413.305 183.613
18.8125 2 2.3 1022.47 -15.7 78 0 455.816 183.545
18.8333 2 2.2 1022.52 -15.1 78.5 0 488.341 184.095
18.8542 2 2.1 1022.57 -14.5 79 0 520.865 184.646
18.875 2 2.35 1022.54 -13.85 79.5 0 539.017 185.19
18.8958 2 2.6 1022.5 -13.2 80 0 557.169 185.734
18.9167 2 2.7 1022.42 -12.8 80.5 3.9444e-006 561.574 186.466
18.9375 2 2.8 1022.34 -12.4 81 7.88881e-006 565.98 187.198
18.9583 2 3.15 1022.27 -12.15 81 7.88881e-006 554.149 188.711
18.9792 2 3.5 1022.19 -11.9 81 7.88881e-006 542.318 190.223
19 2 3.5 1022.05 -11.75 81 7.88881e-006 522.284 196.676
19.0208 2 3.5 1021.92 -11.6 81 7.88881e-006 502.249 203.129
19.0417 2 3.65 1021.84 -11.55 80.5 3.9444e-006 472.17 201.49
19.0625 2 3.8 1021.77 -11.5 80 0 442.091 199.85
19.0833 2 3.7 1021.72 -11.7 80 0 390.083 197.138
19.1042 2 3.6 1021.67 -11.9 80 0 338.074 194.425
19.125 2 3.7 1021.57 -12.35 79.5 0 266.771 199.493
19.1458 2 3.8 1021.48 -12.8 79 0 195.467 204.562
19.1667 2 3.8 1021.4 -12.9 79 0 157.212 210.374
19.1875 2 3.8 1021.31 -13 79 0 118.956 216.186
19.2083 2 3.85 1021.27 -13.25 79 0 84.8049 217.839
19.2292 2 3.9 1021.22 -13.5 79 0 50.6537 219.492
19.25 2 4.2 1021.13 -14 79 0 32.6199 208.089
19.2708 2 4.5 1021.04 -14.5 79 0 14.5862 196.686
19.2917 2 4.75 1021.06 -15.1 78.5 0 8.4936 195.77
19.3125 2 5 1021.08 -15.7 78 0 2.401 194.854
19.3333 2 4.9 1021.06 -15.9 77 0 1.23208 193.47
19.3542 2 4.8 1021.04 -16.1 76 0 0.0631667 192.085
19.375 2 4.4 1021.02 -15.65 76 0 0.0315834 208.237
19.3958 2 4 1020.99 -15.2 76 0 0 224.389
19.4167 2 3.35 1020.92 -14.25 76 0 0 232.315
19.4375 2 2.7 1020.84 -13.3 76 0 0 240.24
19.4583 2 3.3 1020.69 -13.6 76 0 0 234.419
19.4792 2 3.9 1020.53 -13.9 76 0 0 228.597
19.5 2 4 1020.45 -14.65 75.5 0 0.267834 224.69
19.5208 2 4.1 1020.37 -15.4 75 0 0.535667 220.783
19.5417 2 4 1020.32 -14.4 76 0 2.874 238.908
19.5625 2 3.9 1020.27 -13.4 77 0 5.21233 257.032
19.5833 2 4.7 1020.27 -13.3 77.5 0 17.2718 253.862
19.6042 2 5.5 1020.26 -13.2 78 0 29.3312 250.692
19.625 2 5.75 1020.25 -12.85 78.5 0 46.3018 252.278
19.6458 2 6 1020.24 -12.5 79 0 63.2723 253.864
19.6667 2 5.4 1020.21 -12.15 79.5 0 88.1017 254.99
19.6875 2 4.8 1020.19 -11.8 80 0 112.931 256.115
19.7083 2 4.4 1020.18 -11.65 80.5 3.9444e-006 157.862 252.121
19.7292 2 4 1020.18 -11.5 81 7.88881e-006 202.793 248.127
19.75 2 4.1 1020.09 -11.4 82.5 8.03489e-006 256.531 248.671
19.7708 2 4.2 1020.01 -11.3 84 8.18097e-006 310.268 249.215
19.7917 2 5 1020.03 -11.4 83.5 8.13228e-006 328.106 252.669
19.8125 2 5.8 1020.04 -11.5 83 8.08358e-006 345.944 256.123
19.8333 2 5.5 1020.1 -11.65 82.5 8.03489e-006 370.156 254.24
19.8542 2 5.2 1020.17 -11.8 82 7.98619e-006 394.367 252.357
19.875 2 5.45 1020.16 -11.8 81.5 7.9375e-006 449.894 243.576
19.8958 2 5.7 1020.14 -11.8 81 7.88881e-006 505.421 234.794
19.9167 2 4.75 1020.05 -11.95 81 7.88881e-006 533.159 213.577
19.9375 2 3.8 1019.95 -12.1 81 7.88881e-006 560.897 192.36
19.9583 2 4 1019.79 -11.9 80.5 3.9444e-006 527.558 203.661
19.9792 2 4.2 1019.62 -11.7 80 0 494.219 214.962
20 2 5.2 1019.49 -11.45 79.5 0 472.618 227.785
20.0208 2 6.2 1019.37 -11.2 79 0 451.018 240.607
20.0417 2 5.85 1019.35 -11.45 79 0 421.264 224.943
20.0625 2 5.5 1019.34 -11.7 79 0 391.51 209.278
20.0833 2 4.7 1019.36 -12.2 79.5 0 363.736 200.042
20.1042 2 3.9 1019.38 -12.7 80 0 335.961 190.806
20.125 2 3.3 1019.27 -13.1 79.5 0 277.565 200.853
20.1458 2 2.7 1019.16 -13.5 79 0 219.168 210.9
20.1667 2 3.05 1019.09 -13.5 79.5 0 182.671 207.06
20.1875 2 3.4 1019.03 -13.5 80 0 146.174 203.221
20.2083 2 3.8 1019 -14 79.5 0 115.586 202.995
20.2292 2 4.2 1018.97 -14.5 79 0 84.9977 202.768
20.25 2 4.55 1018.99 -14.8 78.5 0 55.1847 202.06
20.2708 2 4.9 1019.01 -15.1 78 0 25.3717 201.352
20.2917 2 5 1019.09 -15.4 77.5 0 14.5188 200.27
20.3125 2 5.1 1019.17 -15.7 77 0 3.66583 199.187
20.3333 2 5.05 1019.21 -16.45 76 0 1.833 198.339
20.3542 2 5 1019.26 -17.2 75 0 0.000166667 197.491
20.375 2 4.75 1019.32 -17.3 74.5 0 8.33335e-005 202.843
20.3958 2 4.5 1019.37 -17.4 74 0 0 208.195
20.4167 2 4.5 1019.36 -17.3 73.5 0 0 208.366
20.4375 2 4.5 1019.36 -17.2 73 0 0 208.536
20.4583 2 4.65 1019.34 -17.35 73 0 0 206.613
20.4792 2 4.8 1019.32 -17.5 73 0 0 204.69
20.5 2 4.55 1019.36 -17.65 73 0 0.113 208.888
20.5208 2 4.3 1019.4 -17.8 73 0 0.226 213.085
20.5417 2 4.3 1019.34 -17.9 73 0 2.52808 211.577
20.5625 2 4.3 1019.28 -18 73 0 4.83017 210.068
20.5833 2 4.35 1019.31 -17.95 73 0 17.4052 214.383
20.6042 2 4.4 1019.33 -17.9 73 0 29.9802 218.697
20.625 2 4.8 1019.38 -17.5 74 0 50.7435 221.554
20.6458 2 5.2 1019.42 -17.1 75 0 71.5067 224.411
20.6667 2 4.7 1019.38 -17.05 75 0 98.9718 227.887
20.6875 2 4.2 1019.34 -17 75 0 126.437 231.363
20.7083 2 4.4 1019.4 -16.8 75.5 0 168.174 234.303
20.7292 2 4.6 1019.45 -16.6 76 0 209.911 237.242
20.75 2 4.55 1019.51 -16.65 76 0 242.086 233.374
20.7708 2 4.5 1019.57 -16.7 76 0 274.261 229.505
20.7917 2 4.7 1019.6 -16.65 76 0 296.854 230.708
20.8125 2 4.9 1019.64 -16.6 76 0 319.447 231.91
20.8333 2 5 1019.74 -16.45 75.5 0 382.803 233.992
20.8542 2 5.1 1019.85 -16.3 75 0 446.16 236.074
20.875 2 5.1 1019.85 -16.1 75 0 453.283 236.488
20.8958 2 5.1 1019.86 -15.9 75 0 460.406 236.901
20.9167 2 5.1 1019.85 -15.8 74.5 0 479.286 237.074
20.9375 2 5.1 1019.84 -15.7 74 0 498.167 237.248
20.9583 2 5.1 1019.82 -15.5 74 0 460.219 238.159
20.9792 2 5.1 1019.8 -15.3 74 0 422.27 239.069
21 2 5 1019.83 -15.3 74 0 403.018 239.952
21.0208 2 4.9 1019.87 -15.3 74 0 383.767 240.836
21.0417 2 4.75 1019.83 -15.2 74 0 359.472 241.556
21.0625 2 4.6 1019.78 -15.1 74 0 335.177 242.276
21.0833 2 4.8 1019.78 -15 74.5 0 298.104 242.714
21.1042 2 5 1019.78 -14.9 75 0 261.032 243.152
21.125 2 5 1019.84 -14.95 75 0 219.829 242.685
21.1458 2 5 1019.9 -15 75 0 178.627 242.219
21.1667 2 4.8 1019.96 -14.95 75.5 0 142.297 242.692
21.1875 2 4.6 1020.02 -14.9 76 0 105.966 243.165
21.2083 2 4.5 1020.1 -14.9 76.5 0 78.6921 243.664
21.2292 2 4.4 1020.18 -14.9 77 0 51.4182 244.163
21.25 2 4.4 1020.28 -14.9 77 0 34.1256 244.238
21.2708 2 4.4 1020.38 -14.9 77 0 16.833 244.313
21.2917 2 4.3 1020.46 -14.95 77 0 10.2097 244.012
21.3125 2 4.2 1020.53 -15 77 0 3.58633 243.711
21.3333 2 4.1 1020.65 -15.05 77 0 1.87041 243.374
21.3542 2 4 1020.76 -15.1 77 0 0.1545 243.037
21.375 2 4 1020.83 -15.15 77 0 0.07725 243.061
21.3958 2 4 1020.89 -15.2 77 0 0 243.086
21.4167 2 4.1 1020.94 -15.25 70.75 0 0 242.893
21.4375 2 4.2 1020.99 -15.3 64.5 0 0 242.699
21.4583 2 3.95 1020.99 -15.35 70.25 0 0 242.6
21.4792 2 3.7 1020.99 -15.4 76 0 0 242.5
21.5 2 3.6 1020.96 -15.45 76 0 0.228916 242.676
21.5208 2 3.5 1020.93 -15.5 76 0 0.457833 242.853
21.5417 2 3.45 1020.95 -15.55 76 0 2.87783 243.186
21.5625 2 3.4 1020.96 -15.6 76 0 5.29783 243.519
21.5833 2 3.15 1020.99 -15.55 76 0 12.633 244.618
21.6042 2 2.9 1021.03 -15.5 76 0 19.9682 245.718
21.625 2 2.75 1021.14 -15.4 76.5 0 39.3875 249.338
21.6458 2 2.6 1021.24 -15.3 77 0 58.8067 252.958
21.6667 2 2.55 1021.21 -15.2 77 0 87.9859 255.504
21.6875 2 2.5 1021.19 -15.1 77 0 117.165 258.049
21.7083 2 2.45 1021.16 -14.95 77.5 0 156.609 258.161
21.7292 2 2.4 1021.12 -14.8 78 0 196.052 258.272
21.75 2 2.5 1021.15 -14.7 78 0 236.002 257.562
21.7708 2 2.6 1021.18 -14.6 78 0 275.952 256.851
21.7917 2 2.65 1021.3 -14.5 78 0 300.018 255.257
21.8125 2 2.7 1021.42 -14.4 78 0 324.085 253.663
21.8333 2 2.75 1021.49 -14.3 77.5 0 354.271 254.134
21.8542 2 2.8 1021.56 -14.2 77 0 384.458 254.605
21.875 2 2.9 1021.63 -14.15 77 0 453.445 256.4
21.8958 2 3 1021.69 -14.1 77 0 522.433 258.194
21.9167 2 3.1 1021.73 -14 76.5 0 517.796 244.49
21.9375 2 3.2 1021.77 -13.9 76 0 513.159 230.786
21.9583 2 3.25 1021.81 -13.85 75.5 0 463.917 244.763
21.9792 2 3.3 1021.84 -13.8 75 0 414.674 258.74
22 2 3.3 1021.84 -13.7 75 0 392.604 261.55
22.0208 2 3.3 1021.83 -13.6 75 0 370.534 264.361
22.0417 2 3.35 1021.78 -13.5 75 0 340.523 264.633
22.0625 2 3.4 1021.72 -13.4 75 0 310.513 264.904
22.0833 2 3.5 1021.71 -13.3 75 0 276.639 264.975
22.1042 2 3.6 1021.7 -13.2 75 0 242.765 265.047
22.125 2 3.6 1021.68 -13.15 74.5 0 206.688 265.239
22.1458 2 3.6 1021.65 -13.1 74 0 170.611 265.431
22.1667 2 3.6 1021.63 -13.05 73.5 0 136.583 264.844
22.1875 2 3.6 1021.61 -13 73 0 102.556 264.257
22.2083 2 3.65 1021.62 -12.95 73.5 0 78.1283 264.694
22.2292 2 3.7 1021.63 -12.9 74 0 53.7007 265.131
22.25 2 3.8 1021.65 -12.9 74 0 36.5716 264.846
22.2708 2 3.9 1021.67 -12.9 74 0 19.4425 264.56
22.2917 2 3.75 1021.73 -12.85 74 0 11.6842 264.815
22.3125 2 3.6 1021.79 -12.8 74 0 3.926 265.069
22.3333 2 3.7 1021.8 -12.75 74.5 0 2.12692 265.055
22.3542 2 3.8 1021.82 -12.7 75 0 0.327833 265.04
22.375 2 4.05 1021.76 -12.7 75 0 0.163916 264.814
22.3958 2 4.3 1021.69 -12.7 75 0 0 264.587
22.4167 2 4.45 1021.7 -12.75 74 0 0 264.626
22.4375 2 4.6 1021.7 -12.8 73 0 0 264.666
22.4583 2 4.4 1021.72 -12.85 73 0 0 264.555
22.4792 2 4.2 1021.74 -12.9 73 0 0 264.445
22.5 2 4.2 1021.65 -12.95 73 0 0.290583 264.392
22.5208 2 4.2 1021.56 -13 73 0 0.581167 264.338
22.5417 2 4.35 1021.47 -13 73.5 0 3.22108 264.372
22.5625 2 4.5 1021.39 -13 74 0 5.861 264.407
22.5833 2 4 1021.28 -13.35 75 0 16.2663 248.993
22.6042 2 3.5 1021.17 -13.7 76 0 26.6715 233.579
22.625 2 3.8 1021.18 -13.95 75 0 54.1339 223.581
22.6458 2 4.1 1021.2 -14.2 74 0 81.5962 213.583
22.6667 2 3.65 1021.28 -15.1 75.5 0 82.604 203.357
22.6875 2 3.2 1021.36 -16 77 0 83.6118 193.132
22.7083 2 3.15 1021.29 -15.2 77 0 133.43 214.066
22.7292 2 3.1 1021.22 -14.4 77 0 183.248 235.001
22.75 2 4.3 1021.09 -13 77 0 240.411 249.452
22.7708 2 5.5 1020.97 -11.6 77 0 297.575 263.904
22.7917 2 5.6 1020.9 -11.25 77 0 321.944 265.891
22.8125 2 5.7 1020.83 -10.9 77 0 346.312 267.877
22.8333 2 5.7 1020.81 -10.6 77.5 0 372.354 269.027
22.8542 2 5.7 1020.79 -10.3 78 0 398.397 270.177
22.875 2 5.6 1020.81 -10.1 78 0 403.883 271.117
22.8958 2 5.5 1020.83 -9.9 78 0 409.368 272.057
22.9167 2 5.4 1020.8 -9.75 78 0 410.237 273.045
22.9375 2 5.3 1020.77 -9.6 78 0 411.106 274.033
22.9583 2 5.55 1020.67 -9.4 78 0 421.014 274.037
22.9792 2 5.8 1020.57 -9.2 78 0 430.922 274.042
23 2 5.9 1020.46 -8.95 78.5 0 438.786 269.206
23.0208 2 6 1020.35 -8.7 79 0 446.65 264.369
23.0417 2 6.1 1020.21 -8.55 80 3.9444e-006 451.124 256.939
23.0625 2 6.2 1020.08 -8.4 81 7.88881e-006 455.598 249.51
23.0833 2 6.35 1020.08 -8.6 81 7.88881e-006 362.967 254.568
23.1042 2 6.5 1020.08 -8.8 81 7.88881e-006 270.337 259.626
23.125 2 6.55 1020.11 -8.85 81 7.88881e-006 220.04 266.87
23.1458 2 6.6 1020.14 -8.9 81 7.88881e-006 169.742 274.114
23.1667 2 6.5 1020.12 -9.1 81.5 7.9375e-006 138.86 273.992
23.1875 2 6.4 1020.1 -9.3 82 7.98619e-006 107.978 273.869
23.2083 2 6.5 1020.14 -9.55 81.5 7.9375e-006 79.2236 273.613
23.2292 2 6.6 1020.18 -9.8 81 7.88881e-006 50.4693 273.357
23.25 2 6.8 1020.23 -9.95 80.5 3.9444e-006 35.7318 270.897
23.2708 2 7 1020.28 -10.1 80 0 20.9942 268.438
23.2917 2 6.6 1020.39 -10.15 80.5 3.9444e-006 12.6391 267.598
23.3125 2 6.2 1020.5 -10.2 81 7.88881e-006 4.284 266.758
23.3333 2 6.35 1020.52 -10.4 81 7.88881e-006 2.20675 266.279
23.3542 2 6.5 1020.53 -10.6 81 7.88881e-006 0.1295 265.801
23.375 2 6.25 1020.56 -10.7 82 7.98619e-006 0.06475 265.749
23.3958 2 6 1020.58 -10.8 83 8.08358e-006 0 265.697
23.4167 2 6.15 1020.56 -10.95 81.5 4.04179e-006 0 259.121
23.4375 2 6.3 1020.54 -11.1 80 0 0 252.546
23.4583 2 6.5 1020.58 -11.35 80.5 3.9444e-006 0 248.8
23.4792 2 6.7 1020.62 -11.6 81 7.88881e-006 0 245.054
23.5 2 6.35 1020.67 -11.8 81 7.88881e-006 0.643835 245.74
23.5208 2 6 1020.72 -12 81 7.88881e-006 1.28767 246.426
23.5417 2 6.15 1020.72 -11.75 81.5 7.9375e-006 5.42934 251.583
23.5625 2 6.3 1020.73 -11.5 82 7.98619e-006 9.571 256.74
23.5833 2 5.55 1020.73 -11.2 83 8.08358e-006 22.1535 259.412
23.6042 2 4.8 1020.74 -10.9 84 8.18097e-006 34.736 262.085
23.625 2 4.15 1020.76 -10.7 85 8.27838e-006 51.8367 264.177
23.6458 2 3.5 1020.78 -10.5 86 8.37578e-006 68.9373 266.27
23.6667 2 4 1020.82 -10.2 86.5 8.42447e-006 92.1252 267.164
23.6875 2 4.5 1020.85 -9.9 87 8.47317e-006 115.313 268.057
23.7083 2 4.55 1020.92 -9.7 87 8.47317e-006 146.519 268.178
23.7292 2 4.6 1021 -9.5 87 8.47317e-006 177.725 268.299
23.75 2 4.5 1020.97 -9.45 87 8.47317e-006 216.408 268.942
23.7708 2 4.4 1020.94 -9.4 87 8.47317e-006 255.091 269.585
23.7917 2 4.2 1020.95 -9.3 87 8.47317e-006 293.365 270.318
23.8125 2 4 1020.97 -9.2 87 8.47317e-006 331.639 271.051
23.8333 2 4.1 1020.98 -9.05 87 8.47317e-006 365.007 271.329
23.8542 2 4.2 1021 -8.9 87 8.47317e-006 398.375 271.608
23.875 2 4.15 1020.93 -8.75 86.5 8.42447e-006 444.122 261.763
23.8958 2 4.1 1020.86 -8.6 86 8.37578e-006 489.87 251.918
23.9167 2 4.15 1020.77 -8.6 85 8.27838e-006 503.429 245.864
23.9375 2 4.2 1020.68 -8.6 84 8.18097e-006 516.988 239.81
23.9583 2 4.25 1020.66 -8.5 82.5 8.03489e-006 528.396 232.063
23.9792 2 4.3 1020.64 -8.4 81 7.88881e-006 539.804 224.316
24 2 4.2 1020.65 -8.4 81 3.9444e-006 522.802 217.673
24.0208 2 4.1 1020.66 -8.4 81 0 505.799 211.03
24.0417 2 4.2 1020.6 -8.35 80 0 451.339 226.64
24.0625 2 4.3 1020.55 -8.3 79 0 396.879 242.25
24.0833 2 4.2 1020.59 -8.3 78.5 0 334.747 253.591
24.1042 2 4.1 1020.64 -8.3 78 0 272.615 264.932
24.125 2 3.85 1020.61 -8.35 78 0 236.355 263.63
24.1458 2 3.6 1020.59 -8.4 78 0 200.095 262.327
24.1667 2 3.85 1020.56 -8.4 79 0 160.191 264.658
24.1875 2 4.1 1020.52 -8.4 80 0 120.288 266.989
24.2083 2 3.7 1020.62 -8.6 80 0 91.9942 262.776
24.2292 2 3.3 1020.72 -8.8 80 0 63.7005 258.564
24.25 2 2.75 1020.84 -9.3 81 0 43.9176 248.528
24.2708 2 2.2 1020.97 -9.8 82 0 24.1348 238.492
24.2917 2 2.1 1020.96 -10.1 82 0 15.2363 241.878
24.3125 2 2 1020.95 -10.4 82 0 6.33783 245.263
24.3333 2 2 1020.96 -10.5 83 0 3.54567 240.952
24.3542 2 2 1020.97 -10.6 84 0 0.7535 236.642
24.375 2 1.8 1020.96 -10.55 85 0 0.37675 238.68
24.3958 2 1.6 1020.96 -10.5 86 0 0 240.719
24.4167 2 1.9 1020.98 -10.5 84.5 0 0 248.046
24.4375 2 2.2 1021.01 -10.5 83 0 0 255.374
24.4583 2 2.5 1021.01 -10.55 83 0 0.00316667 256.291
24.4792 2 2.8 1021.01 -10.6 83 0 0.00633333 257.208
24.5 2 2.7 1020.96 -10.5 83.5 0 0.682752 258.875
24.5208 2 2.6 1020.92 -10.4 84 0 1.35917 260.542
24.5417 2 2.4 1020.92 -10.25 84 0 4.84017 262.145
24.5625 2 2.2 1020.92 -10.1 84 0 8.32117 263.748
24.5833 2 2.35 1020.94 -10.05 84 0 19.4755 264.363
24.6042 2 2.5 1020.97 -10 84 0 30.6298 264.978
24.625 2 2.55 1021.04 -9.95 84 0 50.5862 265.145
24.6458 2 2.6 1021.12 -9.9 84 0 70.5425 265.311
24.6667 2 2.65 1021.2 -9.85 84 0 98.2543 265.114
24.6875 2 2.7 1021.28 -9.8 84 0 125.966 264.917
24.7083 2 2.6 1021.23 -9.75 84 0 162.346 264.838
24.7292 2 2.5 1021.19 -9.7 84 0 198.727 264.759
24.75 2 2.45 1021.18 -9.6 84 0 238.29 264.93
24.7708 2 2.4 1021.17 -9.5 84 0 277.853 265.101
24.7917 2 2.45 1021.19 -9.45 84 0 321.432 263.442
24.8125 2 2.5 1021.22 -9.4 84 0 365.011 261.783
24.8333 2 2.55 1021.21 -9.4 83 0 410.069 257.12
24.8542 2 2.6 1021.21 -9.4 82 0 455.127 252.456
24.875 2 2.6 1021.21 -9.4 82 0 511.787 243.822
24.8958 2 2.6 1021.21 -9.4 82 0 568.447 235.187
24.9167 2 2.5 1021.24 -9.5 81.5 0 595.329 227.949
24.9375 2 2.4 1021.28 -9.6 81 0 622.212 220.712
24.9583 2 2.5 1021.23 -9.65 80.5 0 607.635 222.349
24.9792 2 2.6 1021.18 -9.7 80 0 593.059 223.985
25 2 2.35 1021.14 -9.85 80.5 0 563.079 210.353
25.0208 2 2.1 1021.09 -10 81 0 533.1 196.721
25.0417 2 2.3 1021.01 -9.95 82 0 481.389 212.077
25.0625 2 2.5 1020.92 -9.9 83 0 429.678 227.432
25.0833 2 2.8 1020.94 -10 83 0 358.633 239.454
25.1042 2 3.1 1020.96 -10.1 83 0 287.589 251.476
25.125 2 2.5 1020.95 -10.4 82.5 0 256.218 237.814
25.1458 2 1.9 1020.94 -10.7 82 0 224.847 224.152
25.1667 2 1.95 1020.92 -11.25 82.5 0 167.841 209.422
25.1875 2 2 1020.9 -11.8 83 0 110.835 194.692
25.2083 2 1.75 1020.91 -11.8 83.5 0 91.0329 201.938
25.2292 2 1.5 1020.92 -11.8 84 0 71.2307 209.183
25.25 2 1.1 1020.99 -11.7 83.5 0 49.979 219.305
25.2708 2 0.7 1021.07 -11.6 83 0 28.7273 229.428
25.2917 2 0.5 1021.17 -11.55 82.5 0 18.0291 234.197
25.3125 2 0.3 1021.26 -11.5 82 0 7.33083 238.966
25.3333 2 0.3 1021.27 -11.5 82 0 4.22683 241.651
25.3542 2 0.3 1021.28 -11.5 82 0 1.12283 244.335
25.375 2 0.3 1021.19 -11.55 82 0 0.583832 243.461
25.3958 2 0.3 1021.1 -11.6 82 0 0.0448333 242.587
25.4167 2 0.35 1021.02 -11.65 82 0 0.0224166 241.469
25.4375 2 0.4 1020.94 -11.7 82 0 0 240.351
25.4583 2 0.25 1020.84 -11.85 82.5 0 0.00758335 234.705
25.4792 2 0.1 1020.75 -12 83 0 0.0151667 229.059
25.5 2 0.45 1020.63 -12.35 82.5 0 0.760998 228.378
25.5208 2 0.8 1020.51 -12.7 82 0 1.50683 227.697
25.5417 2 1.4 1020.47 -13.05 81 0 6.15027 236.238
25.5625 2 2 1020.44 -13.4 80 0 10.7937 244.779
25.5833 2 1.95 1020.43 -13.25 80 0 24.8498 249.136
25.6042 2 1.9 1020.42 -13.1 80 0 38.906 253.493
25.625 2 1.9 1020.39 -12.8 80.5 0 61.5681 255.727
25.6458 2 1.9 1020.36 -12.5 81 0 84.2303 257.96
25.6667 2 1.9 1020.32 -12.25 81.5 0 113.285 259.277
25.6875 2 1.9 1020.27 -12 82 0 142.339 260.595
25.7083 2 2.1 1020.17 -11.95 82 0 178.684 260.286
25.7292 2 2.3 1020.06 -11.9 82 0 215.029 259.977
25.75 2 2.3 1020.05 -11.75 81.5 0 259.229 258.292
25.7708 2 2.3 1020.03 -11.6 81 0 303.429 256.607
25.7917 2 2.05 1020.03 -10.95 80.5 0 357.52 254.231
25.8125 2 1.8 1020.03 -10.3 80 0 411.611 251.855
25.8333 2 1.7 1019.87 -9.65 78 0 457.03 244.269
25.8542 2 1.6 1019.71 -9 76 0 502.449 236.683
25.875 2 1.5 1019.65 -8.8 76 0 514.055 240.518
25.8958 2 1.4 1019.59 -8.6 76 0 525.66 244.352
25.9167 2 1.25 1019.56 -8.5 77 0 534.396 238.536
25.9375 2 1.1 1019.52 -8.4 78 0 543.132 232.72
25.9583 2 1.15 1019.39 -8.25 76.5 0 570.728 214.113
25.9792 2 1.2 1019.25 -8.1 75 0 598.323 195.505
26 2 1.05 1019.12 -8.65 75.5 0 563.31 197.279
26.0208 2 0.9 1018.99 -9.2 76 0 528.296 199.053
26.0417 2 0.45 1018.86 -9.25 76.5 0 478.87 206.989
26.0625 2 0 1018.73 -9.3 77 0 429.443 214.925
26.0833 2 0.05 1018.64 -8.95 77.5 0 355.771 237.237
26.1042 2 0.1 1018.55 -8.6 78 0 282.099 259.548
26.125 2 0.55 1018.5 -8.85 78.5 0 255.226 246.962
26.1458 2 1 1018.45 -9.1 79 0 228.353 234.375
26.1667 2 0.5 1018.41 -9.3 80.5 0 199.07 219.764
26.1875 2 0 1018.37 -9.5 82 0 169.788 205.153
26.2083 2 0 1018.34 -9.5 82 0 125.337 216.077
26.2292 2 0 1018.31 -9.5 82 0 80.886 227.001
26.25 2 0 1018.23 -9.75 83 0 56.5761 238.964
26.2708 2 0 1018.16 -10 84 0 32.2663 250.927
26.2917 2 0.05 1018.05 -10 84 0 20.0049 255.523
26.3125 2 0.1 1017.94 -10 84 0 7.7435 260.119
26.3333 2 0.1 1017.79 -10.15 84 0 4.35325 262.422
26.3542 2 0.1 1017.63 -10.3 84 0 0.963 264.725
26.375 2 0.15 1017.55 -10.4 83 0 0.47675 265.332
26.3958 2 0.2 1017.46 -10.5 82 0 -0.0095 265.939
26.4167 2 0.8 1017.28 -10.35 82 0 -0.00475 266.203
26.4375 2 1.4 1017.1 -10.2 82 0 0 266.466
26.4583 2 1.45 1016.93 -10.15 82 0 0.0395834 266.516
26.4792 2 1.5 1016.77 -10.1 82 0 0.0791667 266.565
26.5 2 1.55 1016.63 -10.05 82 0 0.972418 266.973
26.5208 2 1.6 1016.48 -10 82 0 1.86567 267.381
26.5417 2 1.75 1016.3 -10 82.5 0 6.03374 267.853
26.5625 2 1.9 1016.13 -10 83 0 10.2018 268.325
26.5833 2 2.1 1016.01 -10.15 83 0 21.992 268.302
26.6042 2 2.3 1015.89 -10.3 83 0 33.7822 268.279
26.625 2 2.65 1015.84 -10.6 83 0 55.2953 267.971
26.6458 2 3 1015.78 -10.9 83 0 76.8085 267.663
26.6667 2 3.2 1015.65 -11.1 82 0 107.841 266.789
26.6875 2 3.4 1015.51 -11.3 81 0 138.873 265.914
26.7083 2 3.3 1015.4 -11.25 80 0 174.543 265.134
26.7292 2 3.2 1015.29 -11.2 79 0 210.212 264.354
26.75 2 3.25 1015.08 -11.1 78.5 0 248.86 263.849
26.7708 2 3.3 1014.88 -11 78 0 287.508 263.344
26.7917 2 3.15 1014.71 -10.95 79 0 326.076 263.182
26.8125 2 3 1014.55 -10.9 80 0 364.644 263.019
26.8333 2 3.1 1014.42 -10.9 80 0 396.385 262.418
26.8542 2 3.2 1014.29 -10.9 80 0 428.126 261.816
26.875 2 4.1 1014.16 -10.95 80 0 455.187 261.053
26.8958 2 5 1014.03 -11 80 0 482.248 260.291
26.9167 2 4.4 1013.9 -11.1 79 0 527.529 247.984
26.9375 2 3.8 1013.77 -11.2 78 0 572.81 235.678
26.9583 2 3.15 1013.53 -11.2 78.5 0 568.642 221.832
26.9792 2 2.5 1013.28 -11.2 79 0 564.475 207.986
27 2 2.4 1013.1 -11.3 79.5 0 556.012 199.445
27.0208 2 2.3 1012.93 -11.4 80 0 547.549 190.904
27.0417 2 2.8 1012.78 -11.6 80.5 0 513.832 189.863
27.0625 2 3.3 1012.62 -11.8 81 0 480.114 188.822
27.0833 2 3.6 1012.4 -11.4 80.5 0 395.26 218.384
27.1042 2 3.9 1012.17 -11 80 0 310.405 247.946
27.125 2 4.5 1011.96 -10.55 80 0 255.97 256.591
27.1458 2 5.1 1011.76 -10.1 80 0 201.536 265.237
27.1667 2 5.35 1011.59 -9.8 81 0 164.551 266.203
27.1875 2 5.6 1011.43 -9.5 82 0 127.567 267.17
27.2083 2 5.3 1011.32 -9.3 82.5 0 97.1101 267.758
27.2292 2 5 1011.22 -9.1 83 0 66.6532 268.346
27.25 2 4.6 1011.16 -8.95 83.5 0 47.5992 268.905
27.2708 2 4.2 1011.1 -8.8 84 0 28.5452 269.463
27.2917 2 4.5 1011.05 -8.8 84 0 18.3869 269.364
27.3125 2 4.8 1011 -8.8 84 0 8.22867 269.264
27.3333 2 5.1 1010.87 -8.9 84 0 4.67458 268.99
27.3542 2 5.4 1010.74 -9 84 0 1.1205 268.715
27.375 2 5.55 1010.66 -9.15 84 0 0.559417 268.408
27.3958 2 5.7 1010.57 -9.3 84 0 -0.00166667 268.101
27.4167 2 5.65 1010.44 -9.35 83 0 -0.000833335 267.714
27.4375 2 5.6 1010.31 -9.4 82 0 0 267.326
27.4583 2 5.4 1010.22 -9.55 82 0 0.06225 266.433
27.4792 2 5.2 1010.13 -9.7 82 0 0.1245 265.541
27.5 2 5.05 1010.08 -9.8 82 0 1.32441 264.67
27.5208 2 4.9 1010.03 -9.9 82 0 2.52433 263.799
27.5417 2 5.15 1009.97 -10.25 82 0 7.61592 255.353
27.5625 2 5.4 1009.92 -10.6 82 0 12.7075 246.907
27.5833 2 5.3 1009.83 -11.9 82 0 26.8591 244.458
27.6042 2 5.2 1009.75 -13.2 82 0 41.0108 242.01
27.625 2 5.25 1009.64 -12.8 82 0 61.2481 252.775
27.6458 2 5.3 1009.52 -12.4 82 0 81.4855 263.539
27.6667 2 5.2 1009.41 -11.85 82.5 0 119.717 264.369
27.6875 2 5.1 1009.29 -11.3 83 0 157.948 265.199
27.7083 2 5 1009.25 -10.9 83 0 181.049 266.166
27.7292 2 4.9 1009.21 -10.5 83 0 204.151 267.133
27.75 2 4.9 1008.98 -10.1 84 0 237.764 267.719
27.7708 2 4.9 1008.75 -9.7 85 0 271.378 268.304
27.7917 2 5.25 1008.63 -9.3 85.5 0 291.675 269.122
27.8125 2 5.6 1008.5 -8.9 86 0 311.973 269.94
27.8333 2 5.95 1008.37 -8.9 85.5 0 348.028 270.21
27.8542 2 6.3 1008.24 -8.9 85 0 384.083 270.479
27.875 2 6.1 1008.22 -9.05 83.5 0 427.716 268.811
27.8958 2 5.9 1008.2 -9.2 82 0 471.349 267.143
27.9167 2 6.1 1008.21 -9.4 80.5 0 478.979 265.352
27.9375 2 6.3 1008.22 -9.6 79 0 486.61 263.56
27.9583 2 6.15 1008.17 -9.7 78.5 0 480.011 262.559
27.9792 2 6 1008.12 -9.8 78 0 473.412 261.557
28 2 5.95 1008.07 -9.85 78.5 0 433.013 262.305
28.0208 2 5.9 1008.02 -9.9 79 0 392.614 263.052
28.0417 2 5.8 1007.94 -9.9 78.5 0 356.472 262.797
28.0625 2 5.7 1007.86 -9.9 78 0 320.33 262.543
28.0833 2 5.65 1007.91 -10.25 77.5 0 294.896 253.208
28.1042 2 5.6 1007.96 -10.6 77 0 269.463 243.873
28.125 2 5.2 1007.97 -10.65 77.5 0 231.447 249.51
28.1458 2 4.8 1007.99 -10.7 78 0 193.43 255.148
28.1667 2 4.85 1007.96 -11.05 78 0 159.893 250.987
28.1875 2 4.9 1007.93 -11.4 78 0 126.357 246.827
28.2083 2 4.6 1007.95 -11.7 77.5 0 102.161 240.13
28.2292 2 4.3 1007.96 -12 77 0 77.9649 233.434
28.25 2 4.3 1007.98 -11.95 77.5 0 56.746 245.079
28.2708 2 4.3 1008 -11.9 78 0 35.5272 256.725
28.2917 2 4.1 1008.01 -11.8 79 0 22.6451 256.164
28.3125 2 3.9 1008.02 -11.7 80 0 9.763 255.603
28.3333 2 3.65 1008.03 -11.8 80.5 0 5.90208 252.725
28.3542 2 3.4 1008.04 -11.9 81 0 2.04117 249.848
28.375 2 3.45 1008.12 -12.25 80.5 0 0.976002 244.3
28.3958 2 3.5 1008.2 -12.6 80 0 -0.0891667 238.752
28.4167 2 3.45 1008.28 -12.5 79.5 0 -0.0285 241.012
28.4375 2 3.4 1008.36 -12.4 79 0 0.0321667 243.272
28.4583 2 3.15 1008.38 -12.65 79.5 0 0.145167 241.52
28.4792 2 2.9 1008.39 -12.9 80 0 0.258167 239.768
28.5 2 2.6 1008.49 -12.9 80 0 1.58217 242.383
28.5208 2 2.3 1008.59 -12.9 80 0 2.90617 244.999
28.5417 2 2.25 1008.59 -12.85 80.5 0 7.44869 240.542
28.5625 2 2.2 1008.58 -12.8 81 0 11.9912 236.086
28.5833 2 2.3 1008.61 -13.1 81 0 23.198 235.895
28.6042 2 2.4 1008.64 -13.4 81 0 34.4048 235.703
28.625 2 2 1008.81 -13.15 80.5 0 62.3493 246.743
28.6458 2 1.6 1008.98 -12.9 80 0 90.2937 257.784
28.6667 2 1.2 1009.07 -12.55 79.5 0 118.234 259.279
28.6875 2 0.8 1009.17 -12.2 79 0 146.175 260.774
28.7083 2 0.9 1009.26 -11.55 78.5 0 166.927 261.163
28.7292 2 1 1009.35 -10.9 78 0 187.679 261.552
28.75 2 1.4 1009.43 -10.5 77.5 0 253.111 243.319
28.7708 2 1.8 1009.51 -10.1 77 0 318.542 225.085
28.7917 2 2.65 1009.58 -9.7 77 0 381.492 231.386
28.8125 2 3.5 1009.65 -9.3 77 0 444.441 237.687
28.8333 2 3.95 1009.8 -9.25 77 0 517.74 213.832
28.8542 2 4.4 1009.94 -9.2 77 0 591.039 189.977
28.875 2 4.6 1010.04 -9 76.5 0 560.257 223.08
28.8958 2 4.8 1010.14 -8.8 76 0 529.475 256.183
28.9167 2 4.65 1010.22 -8.8 75 0 503.201 259.093
28.9375 2 4.5 1010.31 -8.8 74 0 476.928 262.002
28.9583 2 4.15 1010.46 -8.85 73.5 0 459.042 263.942
28.9792 2 3.8 1010.61 -8.9 73 0 441.156 265.882
29 2 4.15 1010.75 -9 75.5 0 438.433 263.573
29.0208 2 4.5 1010.89 -9.1 78 0 435.71 261.263
29.0417 2 4.55 1010.94 -9.15 77.5 0 406.59 260.224
29.0625 2 4.6 1010.99 -9.2 77 0 377.47 259.186
29.0833 2 4.6 1011.04 -9.25 77 0 333.568 259.466
29.1042 2 4.6 1011.1 -9.3 77 0 289.666 259.746
29.125 2 4.7 1011.2 -9.4 76.5 0 245.717 260.43
29.1458 2 4.8 1011.3 -9.5 76 0 201.769 261.115
29.1667 2 4.45 1011.35 -9.65 75.5 0 166.033 260.492
29.1875 2 4.1 1011.41 -9.8 75 0 130.297 259.868
29.2083 2 4.2 1011.47 -10 74 0 102.578 259.094
29.2292 2 4.3 1011.53 -10.2 73 0 74.8593 258.32
29.25 2 4.45 1011.63 -10.45 74 0 53.5281 257.73
29.2708 2 4.6 1011.73 -10.7 75 0 32.197 257.141
29.2917 2 4.6 1011.76 -11 76 0 21.5472 256.503
29.3125 2 4.6 1011.79 -11.3 77 0 10.8975 255.865
29.3333 2 4.55 1011.89 -11.45 76.5 0 6.6185 255.356
29.3542 2 4.5 1011.99 -11.6 76 0 2.3395 254.847
29.375 2 4.6 1012.08 -12.05 76.5 0 1.26942 253.715
29.3958 2 4.7 1012.17 -12.5 77 0 0.199333 252.582
29.4167 2 4.2 1012.26 -12.8 75.5 0 0.213666 251.539
29.4375 2 3.7 1012.35 -13.1 74 0 0.228 250.496
29.4583 2 3.4 1012.33 -13.05 74.5 0 0.616585 250.523
29.4792 2 3.1 1012.31 -13 75 0 1.00517 250.55
29.5 2 3.65 1012.34 -13.05 75.5 0 2.30959 250.538
29.5208 2 4.2 1012.38 -13.1 76 0 3.614 250.527
29.5417 2 3.6 1012.42 -13.1 76.5 0 9.2814 250.637
29.5625 2 3 1012.46 -13.1 77 0 14.9488 250.747
29.5833 2 3.85 1012.38 -13.1 75.5 0 27.8134 250.309
29.6042 2 4.7 1012.3 -13.1 74 0 40.678 249.871
29.625 2 4.55 1012.38 -13.2 73.5 0 62.4823 249.176
29.6458 2 4.4 1012.45 -13.3 73 0 84.2867 248.48
29.6667 2 4.15 1012.47 -13.35 72.5 0 119.359 248.074
29.6875 2 3.9 1012.5 -13.4 72 0 154.431 247.669
29.7083 2 4.1 1012.51 -13.4 70.5 0 195.185 247.047
29.7292 2 4.3 1012.52 -13.4 69 0 235.938 246.424
29.75 2 4 1012.47 -13.2 68 0 274.611 246.029
29.7708 2 3.7 1012.43 -13 67 0 313.283 245.634
29.7917 2 3.75 1012.4 -12.8 66.5 0 348.946 246.667
29.8125 2 3.8 1012.36 -12.6 66 0 384.61 247.7
29.8333 2 3.35 1012.36 -12.45 67 0 427.891 245.931
29.8542 2 2.9 1012.36 -12.3 68 0 471.173 244.162
29.875 2 2.9 1012.34 -12.25 69.5 0 478.04 247.516
29.8958 2 2.9 1012.33 -12.2 71 0 484.907 250.869
29.9167 2 2.8 1012.33 -12.2 71 0 489.733 250.422
29.9375 2 2.7 1012.33 -12.2 71 0 494.558 249.974
29.9583 2 2.8 1012.35 -11.95 71 0 475.211 252.202
29.9792 2 2.9 1012.38 -11.7 71 0 455.863 254.431
