0 2 1.25 1008.88 7.65 81.3125 8.7318e-006 337.534 320.979
0.0208333 2 1.1 1008.85 7.8 81.75 1.74636e-005 239.614 329.615
0.0416667 2 2.05 1008.87 7.65 82.5625 1.76372e-005 310.934 318.578
0.0625 2 3 1008.89 7.5 83.375 1.78107e-005 382.254 307.542
0.0833333 2 3.75 1008.84 7.65 83.625 1.78642e-005 356.986 289.527
0.104167 2 4.5 1008.8 7.8 83.875 1.79176e-005 331.717 271.513
0.125 2 4.85 1008.68 8.2 83.5625 1.78508e-005 341.83 266.878
0.145833 2 5.2 1008.57 8.6 83.25 1.7784e-005 351.943 262.244
0.166667 2 5.25 1008.49 8.45 83.4375 1.78241e-005 246.211 268.266
0.1875 2 5.3 1008.42 8.3 83.625 1.78641e-005 140.48 274.288
0.208333 2 5.2 1008.4 8.65 84.3125 1.8011e-005 144.168 291.119
0.229167 2 5.1 1008.38 9 85 1.81579e-005 147.856 307.95
0.25 2 5.15 1008.44 8.6 85.0625 1.81712e-005 101.07 314.649
0.270833 2 5.2 1008.5 8.2 85.125 1.81846e-005 54.2832 321.348
0.291667 2 5.2 1008.57 8.2 85.3125 1.82246e-005 36.8312 324.322
0.3125 2 5.2 1008.64 8.2 85.5 1.82647e-005 19.3793 327.295
0.333333 2 5.25 1008.7 8.05 85.5625 1.8278e-005 13.7861 326.859
0.354167 2 5.3 1008.75 7.9 85.625 1.82914e-005 8.19283 326.424
0.375 2 5.45 1008.8 7.8 85.4375 1.82513e-005 6.15158 325.553
0.395833 2 5.6 1008.85 7.7 85.25 1.82113e-005 4.11033 324.682
0.416667 2 5.45 1008.82 7.6 85.125 1.81846e-005 3.63133 323.998
0.4375 2 5.3 1008.78 7.5 85 1.81579e-005 3.15233 323.314
0.458333 2 5.25 1008.76 7.65 85.125 1.81846e-005 3.72475 323.771
0.479167 2 5.2 1008.73 7.8 85.25 1.82113e-005 4.29717 324.229
0.5 2 5 1008.58 7.9 85.625 1.82914e-005 6.8685 330.109
0.520833 2 4.8 1008.43 8 86 1.83715e-005 9.43983 335.99
0.541667 2 5.15 1008.46 8.1 86.1875 1.84116e-005 15.9088 341.011
0.5625 2 5.5 1008.49 8.2 86.375 1.84516e-005 22.3777 346.033
0.583333 2 5.45 1008.43 8.6 86 1.83715e-005 38.7407 348.467
0.604167 2 5.4 1008.38 9 85.625 1.82914e-005 55.1037 350.902
0.625 2 5.3 1008.35 9.15 85.75 1.83181e-005 69.9275 345.004
0.645833 2 5.2 1008.33 9.3 85.875 1.83448e-005 84.7513 339.105
0.666667 2 5.5 1008.32 9.3 85.0625 1.81712e-005 155.234 315.342
0.6875 2 5.8 1008.3 9.3 84.25 1.79977e-005 225.716 291.58
0.708333 2 5.75 1008.26 9.25 84 1.79443e-005 206.887 301.505
0.729167 2 5.7 1008.22 9.2 83.75 1.78909e-005 188.057 311.431
0.75 2 6.25 1008.2 9.55 83.1875 1.77707e-005 259.635 311.464
0.770833 2 6.8 1008.19 9.9 82.625 1.76505e-005 331.213 311.496
0.791667 2 7.3 1008.18 9.85 82.875 1.77039e-005 381.724 304.729
0.8125 2 7.8 1008.18 9.8 83.125 1.77573e-005 432.234 297.962
0.833333 2 7.95 1008.17 9.5 82.5625 1.76372e-005 428.526 299.978
0.854167 2 8.1 1008.15 9.2 82 1.7517e-005 424.819 301.994
0.875 2 8.3 1008.02 9.4 81.625 1.74369e-005 506.554 296.571
0.895833 2 8.5 1007.88 9.6 81.25 1.73568e-005 588.288 291.148
0.916667 2 8.35 1007.77 9.3 81.1875 1.73434e-005 542.1 290.782
0.9375 2 8.2 1007.66 9 81.125 1.73301e-005 495.912 290.416
0.958333 2 8.4 1007.59 8.85 81.3125 1.73701e-005 478.222 292.119
0.979167 2 8.6 1007.52 8.7 81.5 1.74102e-005 460.533 293.822
1 2 8.55 1007.4 8.3 81.4375 1.73968e-005 397.536 299.652
1.02083 2 8.5 1007.28 7.9 81.375 1.73835e-005 334.539 305.483
1.04167 2 8.15 1007.16 7.5 81.6875 1.74502e-005 327.305 303.825
1.0625 2 7.8 1007.03 7.1 82 1.7517e-005 320.07 302.167
1.08333 2 7.75 1006.9 6.7 82.1875 1.75571e-005 290.144 314.292
1.10417 2 7.7 1006.77 6.3 82.375 1.75971e-005 260.218 326.416
1.125 2 8.15 1006.6 5.85 82.75 1.76772e-005 175.812 331.79
1.14583 2 8.6 1006.44 5.4 83.125 1.77573e-005 91.4055 337.164
1.16667 2 8.85 1006.17 5.2 83.9375 1.79309e-005 80.4531 337.244
1.1875 2 9.1 1005.91 5 84.75 1.81045e-005 69.5007 337.324
1.20833 2 9.25 1005.68 5.05 85.5625 1.8278e-005 59.0843 337.128
1.22917 2 9.4 1005.46 5.1 86.375 1.84516e-005 48.6678 336.932
1.25 2 9.65 1005.28 5.2 87 1.85851e-005 36.1318 337.956
1.27083 2 9.9 1005.1 5.3 87.625 1.87186e-005 23.5958 338.981
1.29167 2 10.05 1004.94 5.3 87.3125 1.86519e-005 17.111 338.76
1.3125 2 10.2 1004.78 5.3 87 1.85851e-005 10.6263 338.539
1.33333 2 10.3 1004.59 5.1 87.125 1.86118e-005 9.21848 337.303
1.35417 2 10.4 1004.39 4.9 87.25 1.86385e-005 7.81067 336.067
1.375 2 10.3 1004.18 4.8 87.25 1.86385e-005 4.52342 335.639
1.39583 2 10.2 1003.96 4.7 87.25 1.86385e-005 1.23617 335.212
1.41667 2 10 1003.85 4.65 87.8125 1.87587e-005 0.913252 335.193
1.4375 2 9.8 1003.75 4.6 88.375 1.88789e-005 0.590333 335.175
1.45833 2 9.8 1003.57 4.6 88.125 1.88254e-005 0.880332 335.099
1.47917 2 9.8 1003.39 4.6 87.875 1.8772e-005 1.17033 335.022
1.5 2 9.85 1003.2 4.55 87.3125 1.86519e-005 2.70358 335.021
1.52083 2 9.9 1003 4.5 86.75 1.85317e-005 4.23683 335.02
1.54167 2 10.25 1002.77 4.6 87.0625 1.85985e-005 10.0574 335.313
1.5625 2 10.6 1002.54 4.7 87.375 1.86652e-005 15.878 335.607
1.58333 2 10.55 1002.45 4.6 87.625 1.87186e-005 29.6526 335.026
1.60417 2 10.5 1002.37 4.5 87.875 1.8772e-005 43.4273 334.445
1.625 2 10.3 1002.33 4.4 87.4375 1.86786e-005 41.836 334.114
1.64583 2 10.1 1002.28 4.3 87 1.85851e-005 40.2447 333.783
1.66667 2 10 1002.24 4.3 87 1.85851e-005 41.0681 333.845
1.6875 2 9.9 1002.2 4.3 87 1.85851e-005 41.8915 333.908
1.70833 2 9.85 1002.16 4.3 86.5 1.84783e-005 56.9625 333.827
1.72917 2 9.8 1002.12 4.3 86 1.83715e-005 72.0335 333.746
1.75 2 9.3 1002.09 4.3 85.375 1.8238e-005 75.4948 334.208
1.77083 2 8.8 1002.06 4.3 84.75 1.81045e-005 78.956 334.669
1.79167 2 8.45 1002.04 4.4 81.9464 9.05224e-006 82.3005 335.312
1.8125 2 8.1 1002.02 4.5 79.1429 0 85.645 335.955
1.83333 2 7.8 1002.09 4.45 79.6339 0 86.6375 335.963
1.85417 2 7.5 1002.15 4.4 80.125 0 87.6301 335.971
1.875 2 7.4 1002.09 4.4 80.7768 8.69747e-006 105.321 336.347
1.89583 2 7.3 1002.03 4.4 81.4286 1.73949e-005 123.011 336.723
1.91667 2 7.5 1001.97 4.7 80.5 8.69747e-006 182.751 337.018
1.9375 2 7.7 1001.92 5 79.5714 0 242.49 337.314
1.95833 2 7.5 1001.92 4.95 78.8482 0 245.378 333.138
1.97917 2 7.3 1001.93 4.9 78.125 0 248.266 328.962
2 2 7.3 1001.92 4.7 76.3482 0 237.908 329.018
2.02083 2 7.3 1001.92 4.5 74.5714 0 227.55 329.073
2.04167 2 7 1001.9 4.35 74.4286 0 184.797 331.845
2.0625 2 6.7 1001.87 4.2 74.2857 0 142.044 334.617
2.08333 2 6.6 1001.88 4.15 74.4286 0 130.545 332.049
2.10417 2 6.5 1001.88 4.1 74.5714 0 119.046 329.48
2.125 2 6.5 1001.85 4 74.8571 0 107.439 329.469
2.14583 2 6.5 1001.83 3.9 75.1429 0 95.832 329.457
2.16667 2 6.25 1001.89 3.75 75.5714 0 81.9398 329.445
2.1875 2 6 1001.94 3.6 76 0 68.0475 329.434
2.20833 2 5.55 1001.96 3.6 76.2857 0 58.4502 329.044
2.22917 2 5.1 1001.99 3.6 76.5714 0 48.853 328.654
2.25 2 4.6 1002.15 3.55 77.2857 0 43.0099 329.182
2.27083 2 4.1 1002.3 3.5 78 0 37.1668 329.71
2.29167 2 4.05 1002.4 3.4 78.4286 0 23.2425 329.611
2.3125 2 4 1002.5 3.3 78.8571 0 9.31816 329.512
2.33333 2 4.1 1002.57 3.2 79.9286 8.65169e-006 7.03174 328.583
2.35417 2 4.2 1002.64 3.1 81 1.73034e-005 4.74533 327.654
2.375 2 4.05 1002.75 3.15 81.6429 1.74407e-005 3.18025 326.164
2.39583 2 3.9 1002.86 3.2 82.2857 1.75781e-005 1.61517 324.674
2.41667 2 3.35 1002.98 3.35 82.6429 1.76543e-005 1.04808 326.913
2.4375 2 2.8 1003.1 3.5 83 1.77306e-005 0.481 329.152
2.45833 2 2.8 1003.22 3.4 83.2143 1.77764e-005 0.844665 327.457
2.47917 2 2.8 1003.35 3.3 83.4286 1.78222e-005 1.20833 325.762
2.5 2 2.55 1003.44 3.3 83.7143 1.78832e-005 2.99783 325.206
2.52083 2 2.3 1003.53 3.3 84 1.79442e-005 4.78733 324.65
2.54167 2 2.4 1003.61 3.45 84.3571 1.80205e-005 8.40417 325.592
2.5625 2 2.5 1003.7 3.6 84.7143 1.80968e-005 12.021 326.534
2.58333 2 2.5 1003.76 3.9 84.1905 1.79849e-005 26.8967 327.005
2.60417 2 2.5 1003.82 4.2 83.6667 1.78731e-005 41.7725 327.475
2.625 2 2.7 1003.83 4.3 82.9167 1.77128e-005 41.1056 327.364
2.64583 2 2.9 1003.84 4.4 82.1667 1.75526e-005 40.4387 327.252
2.66667 2 2.75 1003.96 4.55 81.4167 8.77631e-006 46.3111 328.398
2.6875 2 2.6 1004.08 4.7 80.6667 0 52.1835 329.543
2.70833 2 2.4 1004.17 5.15 80.4167 0 69.7272 331.663
2.72917 2 2.2 1004.25 5.6 80.1667 0 87.271 333.783
2.75 2 2.6 1004.29 6.4 78.8334 0 95.7325 338.872
2.77083 2 3 1004.33 7.2 77.5 0 104.194 343.962
2.79167 2 3.25 1004.39 7.65 77 0 97.4316 347.552
2.8125 2 3.5 1004.44 8.1 76.5 0 90.6693 351.143
2.83333 2 4.05 1004.57 8.55 75.5 0 109.608 352.913
2.85417 2 4.6 1004.69 9 74.5 0 128.547 354.682
2.875 2 5.2 1004.73 9.25 75.3334 0 142.632 354.812
2.89583 2 5.8 1004.77 9.5 76.1667 0 156.717 354.942
2.91667 2 5.6 1004.8 9.4 76.0119 0 165.757 353.28
2.9375 2 5.4 1004.83 9.3 75.8571 0 174.797 351.619
2.95833 2 6.35 1004.91 9.7 76.1786 0 286.264 345.516
2.97917 2 7.3 1004.98 10.1 76.5 0 397.731 339.412
3 2 6.95 1005.06 9.65 75.8929 0 356.775 336.399
3.02083 2 6.6 1005.14 9.2 75.2857 0 315.819 333.387
3.04167 2 7.2 1005.22 8.85 76.6429 0 276.833 340.296
3.0625 2 7.8 1005.31 8.5 78 0 237.848 347.204
3.08333 2 7.9 1005.36 8.15 78.3334 0 189.668 346.933
3.10417 2 8 1005.42 7.8 78.6667 0 141.488 346.662
3.125 2 8.1 1005.48 7.55 78.6667 0 109.833 347.108
3.14583 2 8.2 1005.55 7.3 78.6667 0 78.1782 347.555
3.16667 2 8 1005.6 7.15 79.1667 0 75.9879 346.826
3.1875 2 7.8 1005.66 7 79.6667 0 73.7977 346.097
3.20833 2 7.45 1005.79 6.7 80.4167 8.6695e-006 67.0082 344.591
3.22917 2 7.1 1005.93 6.4 81.1667 1.7339e-005 60.2188 343.086
3.25 2 6.65 1006.12 6 82.25 1.75704e-005 58.2617 336.836
3.27083 2 6.2 1006.31 5.6 83.3333 1.78018e-005 56.3047 330.586
3.29167 2 5.6 1006.57 5.35 83.5 1.78374e-005 41.938 333.352
3.3125 2 5 1006.83 5.1 83.6667 1.78731e-005 27.5713 336.118
3.33333 2 5 1006.88 4.9 83.6667 1.78731e-005 16.2456 330.591
3.35417 2 5 1006.92 4.7 83.6667 1.78731e-005 4.91983 325.063
3.375 2 4.6 1006.92 4.85 83 1.77306e-005 3.07008 321.313
3.39583 2 4.2 1006.92 5 82.3333 1.75882e-005 1.22033 317.562
3.41667 2 4.05 1006.96 5.3 82.8333 1.7695e-005 1.2185 318.362
3.4375 2 3.9 1007.01 5.6 83.3333 1.78018e-005 1.21667 319.161
3.45833 2 3.95 1006.99 5.95 83.6666 1.7873e-005 1.396 319.135
3.47917 2 4 1006.98 6.3 84 1.79442e-005 1.57533 319.108
3.5 2 3.95 1007.04 6.5 84.6666 1.80867e-005 3.85758 319.6
3.52083 2 3.9 1007.11 6.7 85.3333 1.82291e-005 6.13983 320.092
3.54167 2 4.6 1007.14 6.95 85.881 1.83461e-005 12.3481 319.208
3.5625 2 5.3 1007.16 7.2 86.4286 1.84631e-005 18.5563 318.325
3.58333 2 5.3 1007.21 7.35 85.9286 1.83562e-005 21.8746 326.93
3.60417 2 5.3 1007.27 7.5 85.4286 1.82494e-005 25.193 335.534
3.625 2 5.3 1007.31 7.7 84.7858 1.81121e-005 45.9115 331.695
3.64583 2 5.3 1007.34 7.9 84.1429 1.79748e-005 66.63 327.855
3.66667 2 5.5 1007.35 8.15 83.2858 1.77917e-005 82.1599 331.051
3.6875 2 5.7 1007.37 8.4 82.4286 1.76086e-005 97.6898 334.246
3.70833 2 5.85 1007.4 8.6 81.9286 1.75018e-005 127.957 324.612
3.72917 2 6 1007.43 8.8 81.4286 1.73949e-005 158.224 314.977
3.75 2 6.35 1007.57 9 80.7858 8.69747e-006 196.52 312.203
3.77083 2 6.7 1007.72 9.2 80.1429 0 234.815 309.429
3.79167 2 6.65 1007.86 9.15 79.0714 0 245.133 316.122
3.8125 2 6.6 1008 9.1 78 0 255.45 322.816
3.83333 2 5.8 1008.14 8.8 78.5 0 333.421 320.252
3.85417 2 5 1008.27 8.5 79 0 411.392 317.688
3.875 2 4.45 1008.39 8.2 80.25 8.7051e-006 397.547 325.466
3.89583 2 3.9 1008.5 7.9 81.5 1.74102e-005 383.702 333.244
3.91667 2 3.75 1008.39 8.05 80.875 8.7051e-006 311.115 339.518
3.9375 2 3.6 1008.28 8.2 80.25 0 238.527 345.792
3.95833 2 4.1 1008.24 8.35 80.8125 8.69175e-006 276.978 344.068
3.97917 2 4.6 1008.2 8.5 81.375 1.73835e-005 315.43 342.343
4 2 4.35 1008.21 8.65 81.1875 1.73434e-005 315.101 338.621
4.02083 2 4.1 1008.22 8.8 81 1.73034e-005 314.772 334.9
4.04167 2 3.3 1008.22 9.2 81.25 1.73568e-005 285.115 336.865
4.0625 2 2.5 1008.22 9.6 81.5 1.74102e-005 255.458 338.831
4.08333 2 1.6 1008.14 9.85 80.6875 8.7051e-006 237.525 331.644
4.10417 2 0.7 1008.06 10.1 79.875 0 219.592 324.457
4.125 2 2.05 1007.96 9.65 79.8125 0 152.16 337.055
4.14583 2 3.4 1007.87 9.2 79.75 0 84.729 349.653
4.16667 2 3.85 1007.79 8.8 80 0 65.3516 350.885
4.1875 2 4.3 1007.7 8.4 80.25 0 45.9743 352.117
4.20833 2 2.75 1007.57 8.6 80.5625 0 47.5615 350.729
4.22917 2 1.2 1007.44 8.8 80.875 0 49.1487 349.341
4.25 2 1.1 1007.33 8.65 81.125 8.69175e-006 47.1194 341.318
4.27083 2 1 1007.23 8.5 81.375 1.73835e-005 45.09 333.294
4.29167 2 1.5 1007.1 8.65 81.25 1.73568e-005 29.7955 337.992
4.3125 2 2 1006.97 8.8 81.125 1.73301e-005 14.501 342.689
4.33333 2 2.55 1006.78 9.1 81.625 1.74369e-005 9.59017 343.935
4.35417 2 3.1 1006.6 9.4 82.125 1.75437e-005 4.67933 345.182
4.375 2 3.7 1006.47 9.55 82.375 1.75971e-005 2.92783 341.482
4.39583 2 4.3 1006.34 9.7 82.625 1.76505e-005 1.17633 337.782
4.41667 2 4.8 1005.99 10 82.375 1.75971e-005 0.836498 336.276
4.4375 2 5.3 1005.65 10.3 82.125 1.75437e-005 0.496667 334.77
4.45833 2 5.6 1005.3 10.4 81.25 8.77186e-006 0.7025 330.06
4.47917 2 5.9 1004.94 10.5 80.375 0 0.908333 325.351
4.5 2 5.55 1004.79 10.15 81.0625 8.7318e-006 2.416 317.681
4.52083 2 5.2 1004.64 9.8 81.75 1.74636e-005 3.92367 310.011
4.54167 2 5.25 1004.47 9.7 83.1607 1.7765e-005 9.08459 316.489
4.5625 2 5.3 1004.3 9.6 84.5714 1.80663e-005 14.2455 322.967
4.58333 2 5.4 1004.04 9.55 84.8571 1.81274e-005 28.0912 320.301
4.60417 2 5.5 1003.78 9.5 85.1429 1.81884e-005 41.937 317.634
4.625 2 5.9 1003.59 9.7 85.4286 1.82494e-005 63.3775 312.61
4.64583 2 6.3 1003.41 9.9 85.7143 1.83105e-005 84.818 307.586
4.66667 2 6.55 1003.3 10.35 84.9286 1.81426e-005 122.098 303.859
4.6875 2 6.8 1003.19 10.8 84.1429 1.79748e-005 159.377 300.131
4.70833 2 7.4 1002.85 11.25 84.5 1.80511e-005 190.868 307.546
4.72917 2 8 1002.52 11.7 84.8571 1.81274e-005 222.359 314.96
4.75 2 8.65 1002.1 12.05 84.7857 1.81121e-005 202.719 313.374
4.77083 2 9.3 1001.69 12.4 84.7143 1.80968e-005 183.079 311.788
4.79167 2 9.9 1001.33 12.9 85.2143 1.82037e-005 269.863 318.223
4.8125 2 10.5 1000.97 13.4 85.7143 1.83105e-005 356.648 324.658
4.83333 2 11.15 1000.89 14 84.9196 1.81407e-005 380.566 317.55
4.85417 2 11.8 1000.81 14.6 84.125 1.79709e-005 404.484 310.443
4.875 2 12.35 1000.73 15 85.1339 1.81865e-005 368.929 327.424
4.89583 2 12.9 1000.65 15.4 86.1429 1.8402e-005 333.374 344.405
4.91667 2 12.05 1000.68 14.6 84.6339 1.80797e-005 247.822 352.878
4.9375 2 11.2 1000.72 13.8 83.125 1.77573e-005 162.27 361.35
4.95833 2 11 1000.79 13.25 82.625 1.76505e-005 121.614 359.948
4.97917 2 10.8 1000.86 12.7 82.125 1.75437e-005 80.9575 358.547
5 2 10.15 1001 12.05 80.9375 8.77186e-006 71.4092 357.523
5.02083 2 9.5 1001.14 11.4 79.75 0 61.861 356.5
5.04167 2 10.45 1001.21 10.9 80.5625 8.69175e-006 60.8121 356.518
5.0625 2 11.4 1001.28 10.4 81.375 1.73835e-005 59.7633 356.537
5.08333 2 11 1001.39 10.05 81.6875 1.74502e-005 51.0032 357.193
5.10417 2 10.6 1001.5 9.7 82 1.7517e-005 42.243 357.849
5.125 2 11.4 1001.56 9.4 82.5714 1.76391e-005 39.3036 355.583
5.14583 2 12.2 1001.62 9.1 83.1429 1.77611e-005 36.3643 353.317
5.16667 2 10.6 1002.04 7.6 81.5714 8.88057e-006 24.7892 346.529
5.1875 2 9 1002.45 6.1 80 0 13.2142 339.741
5.20833 2 8.45 1003.07 4.35 80.0714 0 9.51077 332.146
5.22917 2 7.9 1003.69 2.6 80.1429 0 5.80733 324.551
5.25 2 7.8 1004.23 2.3 80.4286 0 5.016 323.27
5.27083 2 7.7 1004.78 2 80.7143 0 4.22467 321.989
5.29167 2 7.8 1005.13 1.95 81.5 8.78903e-006 6.65042 320.636
5.3125 2 7.9 1005.48 1.9 82.2857 1.75781e-005 9.07617 319.283
5.33333 2 7.5 1005.77 1.65 82.4286 1.76086e-005 7.49308 313.005
5.35417 2 7.1 1006.05 1.4 82.5714 1.76391e-005 5.91 306.727
5.375 2 6.65 1006.46 1 83.4732 1.78317e-005 4.623 299.665
5.39583 2 6.2 1006.87 0.6 84.375 1.80244e-005 3.336 292.604
5.41667 2 5.65 1007.17 0.55 84 1.79443e-005 3.38733 295.335
5.4375 2 5.1 1007.47 0.5 83.625 1.78641e-005 3.43867 298.066
5.45833 2 5.3 1007.58 0.45 83.875 1.79175e-005 3.39792 299.538
5.47917 2 5.5 1007.7 0.4 84.125 1.79709e-005 3.35717 301.009
5.5 2 5.85 1007.87 0.45 84.0625 1.79576e-005 4.27625 300.993
5.52083 2 6.2 1008.04 0.5 84 1.79442e-005 5.19533 300.978
5.54167 2 6.75 1008.09 1 83.8125 1.79042e-005 6.74808 303.691
5.5625 2 7.3 1008.15 1.5 83.625 1.78641e-005 8.30083 306.404
5.58333 2 7.45 1008.1 2 83.625 1.78641e-005 15.7902 306.534
5.60417 2 7.6 1008.05 2.5 83.625 1.78641e-005 23.2795 306.665
5.625 2 7.1 1007.95 2.95 83.3125 1.77974e-005 35.8098 304.596
5.64583 2 6.6 1007.85 3.4 83 1.77306e-005 48.3402 302.527
5.66667 2 6.7 1007.82 3.9 82.3125 1.75838e-005 109.367 292.741
5.6875 2 6.8 1007.79 4.4 81.625 1.74369e-005 170.394 282.954
5.70833 2 7 1007.78 4.65 80.6875 8.71845e-006 209.994 281.873
5.72917 2 7.2 1007.76 4.9 79.75 0 249.594 280.792
5.75 2 6.8 1007.78 4.85 78.375 0 232.438 297.012
5.77083 2 6.4 1007.8 4.8 77 0 215.282 313.232
5.79167 2 7 1007.88 5.1 76.0625 0 245.495 311.138
5.8125 2 7.6 1007.96 5.4 75.125 0 275.707 309.045
5.83333 2 7.75 1008.05 5.6 75.5 0 337.084 310.513
5.85417 2 7.9 1008.13 5.8 75.875 0 398.461 311.98
5.875 2 8.25 1008.02 6.2 76.5625 0 467.763 286.946
5.89583 2 8.6 1007.9 6.6 77.25 0 537.064 261.912
5.91667 2 9.1 1007.77 7.1 76.8125 0 533.497 274.493
5.9375 2 9.6 1007.64 7.6 76.375 0 529.929 287.075
5.95833 2 10.1 1007.58 7.8 76.625 0 462.354 296.44
5.97917 2 10.6 1007.52 8 76.875 0 394.78 305.805
6 2 10.95 1007.37 8.2 77.875 0 388.427 305.183
6.02083 2 11.3 1007.22 8.4 78.875 0 382.074 304.561
6.04167 2 11.25 1007.12 8.5 79.4375 0 355.94 307.634
6.0625 2 11.2 1007.02 8.6 80 0 329.805 310.707
6.08333 2 11.2 1006.97 8.25 80.5 8.65169e-006 236.607 320.822
6.10417 2 11.2 1006.92 7.9 81 1.73034e-005 143.409 330.936
6.125 2 10.65 1006.87 7.5 80.9375 8.65169e-006 125.643 329.908
6.14583 2 10.1 1006.82 7.1 80.875 0 107.878 328.879
6.16667 2 10.05 1006.81 6.65 80.4375 0 99.0016 328.245
6.1875 2 10 1006.8 6.2 80 0 90.1252 327.61
6.20833 2 8.8 1006.88 5.2 80.3125 0 72.7842 325.427
6.22917 2 7.6 1006.96 4.2 80.625 0 55.4432 323.244
6.25 2 7.9 1007.09 3.95 80.7411 0 56.3135 307.477
6.27083 2 8.2 1007.21 3.7 80.8571 0 57.1838 291.711
6.29167 2 8.95 1007.38 3.35 80.9286 8.65169e-006 35.9486 295.673
6.3125 2 9.7 1007.55 3 81 1.73034e-005 14.7133 299.635
6.33333 2 9.65 1007.63 3.05 80.9375 8.65169e-006 8.9719 306.864
6.35417 2 9.6 1007.71 3.1 80.875 0 3.2305 314.092
6.375 2 9.45 1007.71 3.15 81.4375 8.7585e-006 2.15475 315.112
6.39583 2 9.3 1007.72 3.2 82 1.7517e-005 1.079 316.132
6.41667 2 9.05 1007.69 3.05 82.4375 1.76105e-005 0.801417 316.181
6.4375 2 8.8 1007.66 2.9 82.875 1.77039e-005 0.523833 316.231
6.45833 2 9.2 1007.58 3 83 1.77306e-005 0.851416 316.229
6.47917 2 9.6 1007.5 3.1 83.125 1.77573e-005 1.179 316.228
6.5 2 9.05 1007.47 3.15 82.8125 1.76906e-005 1.97258 316.302
6.52083 2 8.5 1007.45 3.2 82.5 1.76238e-005 2.76617 316.377
6.54167 2 8.35 1007.43 3.2 82.0625 1.75304e-005 4.02092 317.709
6.5625 2 8.2 1007.41 3.2 81.625 1.74369e-005 5.27567 319.041
6.58333 2 8.25 1007.36 3.2 81.625 1.74369e-005 11.0886 319.417
6.60417 2 8.3 1007.31 3.2 81.625 1.74369e-005 16.9015 319.792
6.625 2 8.2 1007.3 3.2 81.625 1.74369e-005 27.236 319.044
6.64583 2 8.1 1007.28 3.2 81.625 1.74369e-005 37.5705 318.297
6.66667 2 8 1007.41 3.05 81.625 1.74369e-005 52.2611 317.961
6.6875 2 7.9 1007.53 2.9 81.625 1.74369e-005 66.9518 317.624
6.70833 2 7.8 1007.65 2.85 79.5268 8.71845e-006 107.711 316.3
6.72917 2 7.7 1007.76 2.8 77.4286 0 148.47 314.976
6.75 2 7.95 1007.85 2.75 76.7143 0 181.244 310.685
6.77083 2 8.2 1007.94 2.7 76 0 214.018 306.394
6.79167 2 8.15 1008.03 2.65 74.8125 0 298.144 297.444
6.8125 2 8.1 1008.11 2.6 73.625 0 382.27 288.494
6.83333 2 8.2 1008.26 2.45 73.625 0 396.8 287.046
6.85417 2 8.3 1008.41 2.3 73.625 0 411.331 285.598
6.875 2 8.3 1008.52 2.25 73.0982 0 390.61 293.537
6.89583 2 8.3 1008.62 2.2 72.5714 0 369.889 301.476
6.91667 2 8.65 1008.7 2.45 72.3482 0 397.846 300.461
6.9375 2 9 1008.78 2.7 72.125 0 425.803 299.447
6.95833 2 9.05 1008.92 2.55 71.25 0 400.849 302.637
6.97917 2 9.1 1009.05 2.4 70.375 0 375.896 305.827
7 2 9.55 1009.08 2.5 72.875 0 382.864 292.246
7.02083 2 10 1009.11 2.6 75.375 0 389.832 278.665
7.04167 2 9.8 1009.12 2.55 75.875 0 372.39 284.091
7.0625 2 9.6 1009.13 2.5 76.375 0 354.948 289.517
7.08333 2 9.8 1009.13 2.5 76.9018 0 294.149 298.577
7.10417 2 10 1009.13 2.5 77.4286 0 233.35 307.637
7.125 2 9.65 1009.02 2.55 77.1518 0 197.336 311.375
7.14583 2 9.3 1008.91 2.6 76.875 0 161.322 315.112
7.16667 2 9.15 1008.88 2.75 77 0 132.393 316.45
7.1875 2 9 1008.85 2.9 77.125 0 103.464 317.788
7.20833 2 9.15 1008.77 3 78.125 0 79.4121 319.719
7.22917 2 9.3 1008.68 3.1 79.125 0 55.3603 321.65
7.25 2 9.7 1008.67 3.2 79.875 0 39.0061 322.383
7.27083 2 10.1 1008.65 3.3 80.625 0 22.6518 323.115
7.29167 2 9.95 1008.59 3.45 80.9375 8.6784e-006 17.0181 319.513
7.3125 2 9.8 1008.53 3.6 81.25 1.73568e-005 11.3843 315.911
7.33333 2 9.7 1008.47 3.35 81.625 1.74369e-005 7.2554 317.692
7.35417 2 9.6 1008.4 3.1 82 1.7517e-005 3.1265 319.473
7.375 2 9.4 1008.38 3.1 81.5 1.74102e-005 1.66617 321.085
7.39583 2 9.2 1008.35 3.1 81 1.73034e-005 0.205833 322.697
7.41667 2 8.95 1008.32 2.95 80.625 8.65169e-006 0.172583 322.607
7.4375 2 8.7 1008.3 2.8 80.25 0 0.139333 322.518
7.45833 2 8.35 1008.23 2.8 81.4375 8.82526e-006 1.07717 321.553
7.47917 2 8 1008.16 2.8 82.625 1.76505e-005 2.015 320.589
7.5 2 8.35 1008.12 3.05 83.1875 1.77707e-005 2.52659 322.409
7.52083 2 8.7 1008.08 3.3 83.75 1.78909e-005 3.03817 324.23
7.54167 2 9.15 1007.99 3.35 83.8125 1.79042e-005 5.27909 324.185
7.5625 2 9.6 1007.91 3.4 83.875 1.79176e-005 7.52 324.139
7.58333 2 9.45 1007.88 3.2 83.9375 1.79309e-005 15.1967 323.312
7.60417 2 9.3 1007.84 3 84 1.79442e-005 22.8733 322.485
7.625 2 9.2 1008.02 2.95 83.5625 1.78508e-005 32.0611 322.737
7.64583 2 9.1 1008.2 2.9 83.125 1.77573e-005 41.2488 322.99
7.66667 2 9.25 1008.22 3.1 82.3125 1.75838e-005 53.5215 323.419
7.6875 2 9.4 1008.24 3.3 81.5 1.74102e-005 65.7942 323.848
7.70833 2 9.35 1008.2 3.4 81.0625 8.7051e-006 93.5266 323.625
7.72917 2 9.3 1008.15 3.5 80.625 0 121.259 323.401
7.75 2 9.2 1008.31 3.55 80.25 0 147.092 322.945
7.77083 2 9.1 1008.47 3.6 79.875 0 172.925 322.489
7.79167 2 9.3 1008.67 3.2 78.8125 0 188.447 321.282
7.8125 2 9.5 1008.88 2.8 77.75 0 203.968 320.075
7.83333 2 9.35 1008.91 2.8 76.2321 0 228.251 319.826
7.85417 2 9.2 1008.94 2.8 74.7143 0 252.533 319.576
7.875 2 9.4 1009.08 3.15 74.8571 0 243.138 320.862
7.89583 2 9.6 1009.23 3.5 75 0 233.742 322.147
7.91667 2 9.6 1009.29 4 75.2857 0 257.028 320.777
7.9375 2 9.6 1009.36 4.5 75.5714 0 280.314 319.407
7.95833 2 9.95 1009.34 5 75.6429 0 254.805 320.331
7.97917 2 10.3 1009.33 5.5 75.7143 0 229.296 321.254
8 2 10.05 1009.31 5.65 76.3571 0 199.001 319.89
8.02083 2 9.8 1009.28 5.8 77 0 168.707 318.526
8.04167 2 9.55 1009.27 5.85 77.6429 0 151.706 317.384
8.0625 2 9.3 1009.25 5.9 78.2857 0 134.704 316.242
8.08333 2 9.1 1009.24 5.85 78.7143 0 122.264 315.891
8.10417 2 8.9 1009.23 5.8 79.1429 0 109.824 315.54
8.125 2 8.75 1009.23 5.95 78.7858 0 92.5859 316.413
8.14583 2 8.6 1009.23 6.1 78.4286 0 75.3478 317.286
8.16667 2 8.35 1009.16 6.3 79.1429 0 57.9366 317.565
8.1875 2 8.1 1009.08 6.5 79.8571 0 40.5253 317.845
8.20833 2 7.95 1008.91 6.8 79.7857 0 55.9954 312.644
8.22917 2 7.8 1008.74 7.1 79.7143 0 71.4655 307.443
8.25 2 7.2 1008.59 7.45 80.4286 8.66696e-006 53.2765 305.771
8.27083 2 6.6 1008.45 7.8 81.1429 1.73339e-005 35.0875 304.098
8.29167 2 6.35 1008.23 8.1 81.1429 1.73339e-005 22.2299 317.906
8.3125 2 6.1 1008.02 8.4 81.1429 1.73339e-005 9.37233 331.714
8.33333 2 6.1 1007.92 8.4 81.3571 1.73797e-005 5.94633 329.99
8.35417 2 6.1 1007.81 8.4 81.5714 1.74254e-005 2.52033 328.266
8.375 2 6.95 1007.67 8.85 81.9286 1.75018e-005 1.41858 334.038
8.39583 2 7.8 1007.53 9.3 82.2857 1.75781e-005 0.316833 339.81
8.41667 2 8.35 1007.4 8.95 82.6429 1.76543e-005 -0.198583 342.44
8.4375 2 8.9 1007.27 8.6 83 1.77306e-005 -0.714 345.069
8.45833 2 9 1007.24 8 82.7143 1.76696e-005 -0.824667 345.272
8.47917 2 9.1 1007.22 7.4 82.4286 1.76086e-005 -0.935333 345.475
8.5 2 9.15 1007.26 6.9 82.7143 1.76696e-005 -0.226 343.724
8.52083 2 9.2 1007.29 6.4 83 1.77306e-005 0.483333 341.974
8.54167 2 8.95 1007.27 6.3 83 1.77306e-005 3.82675 340.968
8.5625 2 8.7 1007.24 6.2 83 1.77306e-005 7.17017 339.962
8.58333 2 8.4 1007.29 6.1 83.4286 1.78222e-005 9.83994 338.303
8.60417 2 8.1 1007.35 6 83.8571 1.79137e-005 12.5097 336.645
8.625 2 7.65 1007.35 5.95 84 1.79443e-005 13.2456 336.886
8.64583 2 7.2 1007.36 5.9 84.1429 1.79748e-005 13.9815 337.128
8.66667 2 6.9 1007.42 6.05 83.9881 1.79417e-005 18.6964 338.971
8.6875 2 6.6 1007.49 6.2 83.8333 1.79086e-005 23.4113 340.814
8.70833 2 6.75 1007.48 6.5 83.5 1.78374e-005 29.4766 342.604
8.72917 2 6.9 1007.48 6.8 83.1667 1.77662e-005 35.5418 344.394
8.75 2 6.75 1007.39 7.15 83 1.77306e-005 34.2206 343.734
8.77083 2 6.6 1007.3 7.5 82.8333 1.7695e-005 32.8993 343.073
8.79167 2 7.15 1007.27 7.9 81.8333 8.84751e-006 30.7839 344.366
8.8125 2 7.7 1007.23 8.3 80.8333 0 28.6685 345.659
8.83333 2 8.05 1007.21 8.25 80.3333 0 38.8635 346.319
8.85417 2 8.4 1007.2 8.2 79.8333 0 49.0585 346.979
8.875 2 8.05 1007.25 8 79.75 0 42.8509 346.958
8.89583 2 7.7 1007.3 7.8 79.6667 0 36.6433 346.937
8.91667 2 8.25 1007.32 7.85 77.5477 0 36.7018 348.197
8.9375 2 8.8 1007.33 7.9 75.4286 0 36.7603 349.456
8.95833 2 8.8 1007.37 7.75 75.2143 0 43.958 348.416
8.97917 2 8.8 1007.41 7.6 75 0 51.1557 347.376
9 2 8.2 1007.47 7.2 75.0714 0 48.9748 345.902
9.02083 2 7.6 1007.54 6.8 75.1429 0 46.7938 344.429
9.04167 2 7 1007.79 6.05 75.6429 0 36.2671 341.398
9.0625 2 6.4 1008.03 5.3 76.1429 0 25.7403 338.368
9.08333 2 5.9 1008.22 4.5 76.5 0 24.469 334.983
9.10417 2 5.4 1008.41 3.7 76.8571 0 23.1978 331.598
9.125 2 4.75 1008.61 3.3 77.2857 0 42.7584 329.194
9.14583 2 4.1 1008.81 2.9 77.7143 0 62.319 326.791
9.16667 2 4.05 1009.08 2.65 77.8571 0 68.0716 325.272
9.1875 2 4 1009.34 2.4 78 0 73.8242 323.754
9.20833 2 3.9 1009.64 2.05 78.6429 0 57.0595 322.004
9.22917 2 3.8 1009.94 1.7 79.2857 0 40.2948 320.254
9.25 2 3.95 1010.27 1.4 79.2857 0 31.5429 318.196
9.27083 2 4.1 1010.59 1.1 79.2857 0 22.791 316.138
9.29167 2 3.85 1010.86 0.75 79.5 0 19.9791 314.594
9.3125 2 3.6 1011.14 0.4 79.7143 0 17.1672 313.05
9.33333 2 3.4 1011.34 0.1 80.0714 0 12.5611 311.388
9.35417 2 3.2 1011.54 -0.2 80.4286 0 7.955 309.726
9.375 2 2.9 1011.79 -0.4 80.8571 8.68221e-006 5.79183 307.773
9.39583 2 2.6 1012.04 -0.6 81.2857 1.73644e-005 3.62867 305.819
9.41667 2 2.45 1012.2 -0.7 81.3571 1.73797e-005 2.74233 304.87
9.4375 2 2.3 1012.36 -0.8 81.4286 1.73949e-005 1.856 303.921
9.45833 2 1.95 1012.54 -0.85 81 8.69747e-006 2.59558 303.08
9.47917 2 1.6 1012.73 -0.9 80.5714 0 3.33517 302.239
9.5 2 1.7 1012.85 -0.8 80.9286 8.68221e-006 5.86025 301.205
9.52083 2 1.8 1012.98 -0.7 81.2857 1.73644e-005 8.38533 300.171
9.54167 2 2.05 1013.05 -0.8 81.3571 1.73797e-005 12.5578 298.81
9.5625 2 2.3 1013.13 -0.9 81.4286 1.73949e-005 16.7303 297.45
9.58333 2 1.95 1013.19 -0.95 81.2858 1.73644e-005 28.5878 294.143
9.60417 2 1.6 1013.25 -1 81.1429 1.73339e-005 40.4452 290.835
9.625 2 1.4 1013.44 -0.9 80.7143 8.66696e-006 56.7988 294.108
9.64583 2 1.2 1013.63 -0.8 80.2857 0 73.1523 297.381
9.66667 2 1.55 1013.75 -0.75 79.6429 0 93.6781 297.362
9.6875 2 1.9 1013.87 -0.7 79 0 114.204 297.342
9.70833 2 2.1 1014.01 -0.7 80.5 8.7585e-006 132.818 298.551
9.72917 2 2.3 1014.15 -0.7 82 1.7517e-005 151.432 299.76
9.75 2 2.45 1014.34 -0.65 82.25 1.75704e-005 211.747 291.004
9.77083 2 2.6 1014.54 -0.6 82.5 1.76238e-005 272.061 282.247
9.79167 2 2.8 1014.62 -0.5 81.9166 1.74992e-005 324.252 278.928
9.8125 2 3 1014.7 -0.4 81.3333 1.73746e-005 376.443 275.609
9.83333 2 3.1 1014.84 -0.35 80 8.68729e-006 389.798 278.996
9.85417 2 3.2 1014.98 -0.3 78.6667 0 403.154 282.383
9.875 2 3.15 1015.13 -0.15 77.6667 0 455.449 274.305
9.89583 2 3.1 1015.27 0 76.6667 0 507.744 266.228
9.91667 2 3.5 1015.47 -0.1 77.3334 0 480.338 275.392
9.9375 2 3.9 1015.68 -0.2 78 0 452.932 284.556
9.95833 2 3.8 1015.84 -0.25 77.9166 0 457.348 284.886
9.97917 2 3.7 1016 -0.3 77.8333 0 461.763 285.216
10 2 3.55 1016.2 -0.25 78.4166 0 444.693 289.974
10.0208 2 3.4 1016.4 -0.2 79 0 427.622 294.732
10.0417 2 3.6 1016.61 -0.3 80.6666 8.79411e-006 372.124 293.128
10.0625 2 3.8 1016.83 -0.4 82.3333 1.75882e-005 316.626 291.524
10.0833 2 3.7 1016.96 -0.35 83.4166 1.78196e-005 282.328 291.255
10.1042 2 3.6 1017.08 -0.3 84.5 1.80511e-005 248.031 290.987
10.125 2 3.75 1017.19 -0.35 85.3334 1.82291e-005 207.472 295.336
10.1458 2 3.9 1017.3 -0.4 86.1667 1.84071e-005 166.913 299.686
10.1667 2 3.7 1017.46 -0.55 86.5 1.84783e-005 136.746 299.693
10.1875 2 3.5 1017.63 -0.7 86.8333 1.85495e-005 106.58 299.701
10.2083 2 3.55 1017.79 -0.75 87.9166 1.87809e-005 92.0474 294.566
10.2292 2 3.6 1017.95 -0.8 89 1.90124e-005 77.5148 289.431
10.25 2 3.3 1018.17 -0.75 89.3334 1.90836e-005 57.2314 293.783
10.2708 2 3 1018.38 -0.7 89.6667 1.91548e-005 36.948 298.135
10.2917 2 3 1018.55 -0.75 90.0834 1.92438e-005 25.8673 298.724
10.3125 2 3 1018.71 -0.8 90.5 1.93328e-005 14.7865 299.312
10.3333 2 2.85 1018.91 -0.85 90.6666 1.93684e-005 9.85242 298.986
10.3542 2 2.7 1019.11 -0.9 90.8333 1.9404e-005 4.91833 298.659
10.375 2 2.1 1019.32 -0.85 90.3333 1.92972e-005 3.56333 297.625
10.3958 2 1.5 1019.53 -0.8 89.8333 1.91904e-005 2.20833 296.592
10.4167 2 1.6 1019.66 -0.75 90.5 1.93328e-005 1.76225 301.304
10.4375 2 1.7 1019.79 -0.7 91.1667 1.94752e-005 1.31617 306.015
10.4583 2 1.9 1019.93 -0.75 90.75 1.93862e-005 1.37458 306.076
10.4792 2 2.1 1020.07 -0.8 90.3333 1.92972e-005 1.433 306.136
10.5 2 2.2 1020.22 -0.8 90.0833 1.92438e-005 2.42317 306.522
10.5208 2 2.3 1020.38 -0.8 89.8333 1.91904e-005 3.41333 306.908
10.5417 2 2.1 1020.43 -0.6 87.8452 1.87657e-005 7.60027 306.211
10.5625 2 1.9 1020.49 -0.4 85.8571 1.8341e-005 11.7872 305.513
10.5833 2 1.6 1020.6 -0.2 85.8571 1.8341e-005 16.524 306.341
10.6042 2 1.3 1020.72 0 85.8571 1.8341e-005 21.2607 307.17
10.625 2 1.2 1020.92 0.15 85.4286 1.82494e-005 26.5375 308.499
10.6458 2 1.1 1021.13 0.3 85 1.81579e-005 31.8143 309.828
10.6667 2 0.7 1021.21 0.45 84.2857 1.80053e-005 43.427 312.689
10.6875 2 0.3 1021.3 0.6 83.5714 1.78527e-005 55.0398 315.55
10.7083 2 0.35 1021.42 0.85 82.5714 1.76391e-005 72.1917 316.117
10.7292 2 0.4 1021.54 1.1 81.5714 1.74254e-005 89.3437 316.684
10.75 2 0.35 1021.63 1.35 81.2857 1.73644e-005 102.52 315.27
10.7708 2 0.3 1021.71 1.6 81 1.73034e-005 115.696 313.855
10.7917 2 0.6 1021.75 1.95 81.4286 1.73949e-005 144.446 313.575
10.8125 2 0.9 1021.79 2.3 81.8571 1.74865e-005 173.196 313.294
10.8333 2 0.95 1021.92 2.65 80.2142 8.74325e-006 192.501 311.01
10.8542 2 1 1022.06 3 78.5714 0 211.806 308.727
10.875 2 0.7 1022.16 3.3 78.5 0 235.314 309.305
10.8958 2 0.4 1022.25 3.6 78.4286 0 258.822 309.883
10.9167 2 1.05 1022.32 3.5 77.5714 0 251.697 309.341
10.9375 2 1.7 1022.38 3.4 76.7143 0 244.571 308.8
10.9583 2 2.05 1022.46 3.35 76.2857 0 301.115 299.797
10.9792 2 2.4 1022.54 3.3 75.8571 0 357.659 290.795
11 2 2.4 1022.63 3.5 73.7857 0 392.238 285.437
11.0208 2 2.4 1022.71 3.7 71.7143 0 426.818 280.078
11.0417 2 2.05 1022.61 3.7 72.8571 0 342.388 288.882
11.0625 2 1.7 1022.52 3.7 74 0 257.959 297.685
11.0833 2 1.9 1022.59 3.7 74.3334 0 184.171 310.751
11.1042 2 2.1 1022.67 3.7 74.6667 0 110.383 323.818
11.125 2 1.85 1022.61 3.6 75.25 0 114.741 316.992
11.1458 2 1.6 1022.55 3.5 75.8333 0 119.098 310.167
11.1667 2 1.2 1022.59 3.5 77.25 0 101.283 306.99
11.1875 2 0.8 1022.63 3.5 78.6667 0 83.467 303.813
11.2083 2 0.4 1022.6 3.65 79.5 0 98.342 289.742
11.2292 2 0 1022.57 3.8 80.3333 0 113.217 275.672
11.25 2 0.2 1022.58 3.65 80.4166 0 79.5445 265.358
11.2708 2 0.4 1022.6 3.5 80.5 0 45.872 255.045
11.2917 2 0.45 1022.67 3.45 81.0834 8.7229e-006 32.1194 254.676
11.3125 2 0.5 1022.74 3.4 81.6667 1.74458e-005 18.3668 254.307
11.3333 2 0.3 1022.76 3.4 81.9167 1.74992e-005 10.8924 253.991
11.3542 2 0.1 1022.78 3.4 82.1667 1.75526e-005 3.418 253.674
11.375 2 0.2 1022.81 3.25 81.8334 1.74814e-005 1.67642 253.729
11.3958 2 0.3 1022.84 3.1 81.5 1.74102e-005 -0.0651667 253.785
11.4167 2 0.15 1022.84 3.15 82.25 1.75704e-005 -0.0816667 253.967
11.4375 2 0 1022.83 3.2 83 1.77306e-005 -0.0981667 254.15
11.4583 2 0.1 1022.7 3.2 83.4166 1.78196e-005 -0.085 254.007
11.4792 2 0.2 1022.56 3.2 83.8333 1.79086e-005 -0.0718333 253.863
11.5 2 0.55 1022.43 3 83.0595 1.77433e-005 0.798333 253.854
11.5208 2 0.9 1022.31 2.8 82.2857 1.75781e-005 1.6685 253.844
11.5417 2 1.2 1022.28 2.3 82.8571 1.77001e-005 7.84185 253.419
11.5625 2 1.5 1022.25 1.8 83.4286 1.78222e-005 14.0152 252.994
11.5833 2 2.1 1022.09 1.1 83.5714 1.78527e-005 29.9221 253.053
11.6042 2 2.7 1021.93 0.4 83.7143 1.78832e-005 45.8291 253.112
11.625 2 2.05 1021.81 1.25 83.2143 1.77764e-005 85.2801 253.847
11.6458 2 1.4 1021.69 2.1 82.7143 1.76696e-005 124.731 254.582
11.6667 2 1.35 1021.57 3.45 81.4286 8.83479e-006 157.715 255.785
11.6875 2 1.3 1021.45 4.8 80.1429 0 190.7 256.987
11.7083 2 1.6 1021.35 5.9 79.2143 0 231.983 259.039
11.7292 2 1.9 1021.26 7 78.2857 0 273.265 261.092
11.75 2 1.8 1021.23 8 76.6429 0 316.56 262.875
11.7708 2 1.7 1021.21 9 75 0 359.856 264.657
11.7917 2 1.85 1021.17 8.85 73.5 0 397.97 264.862
11.8125 2 2 1021.12 8.7 72 0 436.085 265.066
11.8333 2 2.6 1021.09 8.45 71.8571 0 467.857 263.835
11.8542 2 3.2 1021.06 8.2 71.7143 0 499.628 262.604
11.875 2 3.05 1020.96 8.45 71.9821 0 515.32 263.052
11.8958 2 2.9 1020.87 8.7 72.25 0 531.013 263.5
11.9167 2 3.6 1020.72 8.3 71.5625 0 533.875 263.004
11.9375 2 4.3 1020.57 7.9 70.875 0 536.737 262.508
11.9583 2 4.55 1020.43 7.95 72.4375 0 523.393 263.633
11.9792 2 4.8 1020.28 8 74 0 510.048 264.757
12 2 4.8 1020.03 8.25 75.7857 0 483.66 266.274
12.0208 2 4.8 1019.78 8.5 77.5714 0 457.272 267.792
12.0417 2 4.65 1019.57 8.5 77.7142 0 366.804 268.963
12.0625 2 4.5 1019.35 8.5 77.8571 0 276.336 270.134
12.0833 2 4.75 1019.22 8.5 78.3571 0 287.902 272.164
12.1042 2 5 1019.09 8.5 78.8571 0 299.469 274.193
12.125 2 5.1 1018.91 8.55 78.0714 0 272.062 274.467
12.1458 2 5.2 1018.72 8.6 77.2857 0 244.655 274.741
12.1667 2 5.2 1018.53 8.6 77.4286 0 211.809 275.243
12.1875 2 5.2 1018.34 8.6 77.5714 0 178.962 275.746
12.2083 2 4.95 1018.24 8.5 78.7857 0 145.05 276.372
12.2292 2 4.7 1018.15 8.4 80 0 111.138 276.997
12.25 2 4.45 1018.17 8.1 81.0714 8.77376e-006 79.7415 277.226
12.2708 2 4.2 1018.18 7.8 82.1429 1.75475e-005 48.345 277.454
12.2917 2 4.2 1018.09 7.5 83 1.77306e-005 30.8114 277.538
12.3125 2 4.2 1018 7.2 83.8571 1.79137e-005 13.2777 277.621
12.3333 2 4.25 1017.98 7.05 83.6786 1.78756e-005 7.56968 277.611
12.3542 2 4.3 1017.97 6.9 83.5 1.78374e-005 1.86167 277.6
12.375 2 4.4 1017.83 6.8 83.75 1.78908e-005 0.648419 280.973
12.3958 2 4.5 1017.7 6.7 84 1.79442e-005 -0.564833 284.345
12.4167 2 4 1017.65 6.65 84 1.79442e-005 -0.282416 307.45
12.4375 2 3.5 1017.6 6.6 84 1.79442e-005 0 330.555
12.4583 2 3.4 1017.54 6.9 84.0834 1.79621e-005 0.15075 337.513
12.4792 2 3.3 1017.48 7.2 84.1667 1.79799e-005 0.3015 344.471
12.5 2 3.45 1017.4 7.55 84.25 1.79977e-005 0.885665 342.512
12.5208 2 3.6 1017.31 7.9 84.3333 1.80155e-005 1.46983 340.552
12.5417 2 3.75 1017.16 7.3 84.1666 1.79799e-005 5.68983 312.458
12.5625 2 3.9 1017.01 6.7 84 1.79442e-005 9.90983 284.363
12.5833 2 4.3 1016.73 6.6 83.75 1.78908e-005 23.2473 280.928
12.6042 2 4.7 1016.45 6.5 83.5 1.78374e-005 36.5848 277.494
12.625 2 4.1 1016.35 7.2 82.8334 1.7695e-005 80.1069 277.977
12.6458 2 3.5 1016.26 7.9 82.1667 1.75526e-005 123.629 278.46
12.6667 2 3.55 1016.22 8.6 82.4405 1.76111e-005 159.304 279.301
12.6875 2 3.6 1016.18 9.3 82.7143 1.76696e-005 194.979 280.142
12.7083 2 3.65 1016.14 9.65 81.5 8.83479e-006 236.727 280.838
12.7292 2 3.7 1016.1 10 80.2857 0 278.475 281.534
12.75 2 4.05 1016.08 10.25 79.1429 0 320.048 282.266
12.7708 2 4.4 1016.06 10.5 78 0 361.621 282.999
12.7917 2 4.25 1015.92 11.3 78.125 0 400.788 284.766
12.8125 2 4.1 1015.78 12.1 78.25 0 439.954 286.533
12.8333 2 4.3 1015.67 12.6 76.3125 0 467.802 288.221
12.8542 2 4.5 1015.55 13.1 74.375 0 495.649 289.909
12.875 2 4.85 1015.4 13.45 73.9018 0 509.933 291.211
12.8958 2 5.2 1015.25 13.8 73.4286 0 524.217 292.512
12.9167 2 5.15 1015.17 14.2 74.0268 0 528.977 293.549
12.9375 2 5.1 1015.08 14.6 74.625 0 533.736 294.587
12.9583 2 5.65 1014.96 16.15 74.6875 0 525.479 297.529
12.9792 2 6.2 1014.83 17.7 74.75 0 517.221 300.472
13 2 6.45 1014.58 15.4 75.25 0 497.59 295.553
13.0208 2 6.7 1014.32 13.1 75.75 0 477.958 290.635
13.0417 2 7.3 1014.16 12.7 75.3125 0 450.401 289.555
13.0625 2 7.9 1014 12.3 74.875 0 422.845 288.475
13.0833 2 8 1013.82 12.2 75.625 0 385.353 287.522
13.1042 2 8.1 1013.64 12.1 76.375 0 347.861 286.569
13.125 2 7.85 1013.43 11.85 76.375 0 305.036 285.443
13.1458 2 7.6 1013.22 11.6 76.375 0 262.212 284.316
13.1667 2 7.55 1013.03 11.15 77.75 0 220.535 283.31
13.1875 2 7.5 1012.85 10.7 79.125 0 178.857 282.305
13.2083 2 7.85 1012.74 10.45 80.125 8.66504e-006 147.71 282.863
13.2292 2 8.2 1012.63 10.2 81.125 1.73301e-005 116.562 283.422
13.25 2 8.35 1012.52 10.05 81.3125 1.73701e-005 84.5137 283.209
13.2708 2 8.5 1012.41 9.9 81.5 1.74102e-005 52.4655 282.996
13.2917 2 8.3 1012.32 9.85 82.125 1.75437e-005 34.3903 285.378
13.3125 2 8.1 1012.24 9.8 82.75 1.76772e-005 16.315 287.759
13.3333 2 8.45 1012.08 9.9 82.875 1.77039e-005 9.76409 292.138
13.3542 2 8.8 1011.93 10 83 1.77306e-005 3.21317 296.516
13.375 2 8.75 1011.79 9.95 83.5 1.78374e-005 1.674 302.258
13.3958 2 8.7 1011.65 9.9 84 1.79442e-005 0.134833 308
13.4167 2 8.15 1011.59 9.9 84.125 1.7971e-005 0.0674165 320.312
13.4375 2 7.6 1011.52 9.9 84.25 1.79977e-005 0 332.624
13.4583 2 7.3 1011.33 9.85 84.6875 1.80911e-005 0.129834 333.422
13.4792 2 7 1011.14 9.8 85.125 1.81846e-005 0.259667 334.22
13.5 2 6.55 1010.99 9.7 85.1875 1.81979e-005 1.15158 335.266
13.5208 2 6.1 1010.84 9.6 85.25 1.82113e-005 2.0435 336.313
13.5417 2 6 1010.8 9.7 84.5 1.80511e-005 5.24084 341.678
13.5625 2 5.9 1010.75 9.8 83.75 1.78909e-005 8.43817 347.044
13.5833 2 5.8 1010.68 9.9 83.6875 1.78775e-005 11.1 348.947
13.6042 2 5.7 1010.62 10 83.625 1.78641e-005 13.7618 350.849
13.625 2 5.5 1010.48 10.05 82.8125 1.76906e-005 23.5515 351.116
13.6458 2 5.3 1010.34 10.1 82 1.7517e-005 33.3413 351.383
13.6667 2 5.8 1010.24 10.35 80.9375 8.7585e-006 66.4578 347.621
13.6875 2 6.3 1010.14 10.6 79.875 0 99.5743 343.859
13.7083 2 6.35 1009.99 10.75 79.0625 0 112.025 339.372
13.7292 2 6.4 1009.84 10.9 78.25 0 124.475 334.884
13.75 2 6.55 1009.77 11.8 77.125 0 193.013 340.984
13.7708 2 6.7 1009.7 12.7 76 0 261.551 347.085
13.7917 2 6.4 1009.58 13.2 74.2857 0 225.1 347.464
13.8125 2 6.1 1009.47 13.7 72.5714 0 188.649 347.842
13.8333 2 6.4 1009.39 14.3 70.9732 0 250.768 342.526
13.8542 2 6.7 1009.31 14.9 69.375 0 312.888 337.21
13.875 2 7.05 1009.18 15.85 69.4018 0 373.695 336.552
13.8958 2 7.4 1009.06 16.8 69.4286 0 434.503 335.894
13.9167 2 7.05 1008.92 15.25 70.4286 0 344.854 344.861
13.9375 2 6.7 1008.78 13.7 71.4286 0 255.206 353.828
13.9583 2 6.65 1008.58 13.3 71.1429 0 242.479 356.909
13.9792 2 6.6 1008.38 12.9 70.8571 0 229.751 359.989
14 2 6.15 1008.23 12.4 70.7857 0 163.31 364.01
14.0208 2 5.7 1008.08 11.9 70.7143 0 96.8697 368.03
14.0417 2 5.05 1007.9 11.85 71.1071 0 101.261 367.954
14.0625 2 4.4 1007.71 11.8 71.5 0 105.653 367.878
14.0833 2 4.2 1007.49 12.85 72.6875 0 99.0847 368.096
14.1042 2 4 1007.28 13.9 73.875 0 92.5165 368.314
14.125 2 4.25 1007.1 14.1 74.5 0 98.2897 368.366
14.1458 2 4.5 1006.93 14.3 75.125 0 104.063 368.418
14.1667 2 4.5 1006.67 13.85 75.6875 0 74.7374 367.615
14.1875 2 4.5 1006.41 13.4 76.25 0 45.4118 366.813
14.2083 2 4.7 1006.17 12.45 78.1875 0 39.1462 363.331
14.2292 2 4.9 1005.93 11.5 80.125 0 32.8807 359.849
14.25 2 4.2 1005.84 11.95 81.1875 8.78521e-006 22.4308 360.733
14.2708 2 3.5 1005.76 12.4 82.25 1.75704e-005 11.981 361.617
14.2917 2 2.75 1005.68 12.15 82.875 1.77039e-005 7.52059 360.586
14.3125 2 2 1005.61 11.9 83.5 1.78374e-005 3.06017 359.555
14.3333 2 2.3 1005.54 11.8 84.0625 1.79576e-005 1.709 358.247
14.3542 2 2.6 1005.46 11.7 84.625 1.80778e-005 0.357833 356.94
14.375 2 2.7 1005.34 11.5 84.4375 1.80377e-005 0.1695 351.023
14.3958 2 2.8 1005.23 11.3 84.25 1.79977e-005 -0.0188333 345.106
14.4167 2 2.7 1005.17 11.15 83.8125 1.79042e-005 -0.00941665 345.754
14.4375 2 2.6 1005.12 11 83.375 1.78107e-005 0 346.402
14.4583 2 2.6 1005.07 10.8 83.375 1.78107e-005 0.07325 350.361
14.4792 2 2.6 1005.01 10.6 83.375 1.78107e-005 0.1465 354.32
14.5 2 1.65 1004.82 10 83.9375 1.79309e-005 1.30017 351.643
14.5208 2 0.7 1004.62 9.4 84.5 1.80511e-005 2.45383 348.967
14.5417 2 1 1004.47 9.25 83.875 1.79175e-005 5.321 346.55
14.5625 2 1.3 1004.32 9.1 83.25 1.7784e-005 8.18817 344.133
14.5833 2 1.9 1003.97 9.35 83.0625 1.7744e-005 16.5719 344.323
14.6042 2 2.5 1003.62 9.6 82.875 1.77039e-005 24.9557 344.512
14.625 2 2.8 1003.26 10.15 82.4375 1.76105e-005 49.2518 348.873
14.6458 2 3.1 1002.89 10.7 82 1.7517e-005 73.548 353.235
14.6667 2 3.2 1002.59 11 81.6875 1.74502e-005 54.0046 355.766
14.6875 2 3.3 1002.28 11.3 81.375 1.73835e-005 34.4613 358.296
14.7083 2 3.85 1002.01 11.5 80.3304 8.69175e-006 55.1887 358.529
14.7292 2 4.4 1001.73 11.7 79.2857 0 75.916 358.761
14.75 2 4.35 1001.57 11.9 78.3304 0 83.5078 359.532
14.7708 2 4.3 1001.41 12.1 77.375 0 91.0995 360.303
14.7917 2 4.4 1001.18 12.15 77.6875 0 91.8104 361.586
14.8125 2 4.5 1000.96 12.2 78 0 92.5213 362.869
14.8333 2 5.05 1000.8 12.35 78.8125 0 87.3997 363.608
14.8542 2 5.6 1000.64 12.5 79.625 0 82.2782 364.347
14.875 2 5.55 1000.39 12.55 78.75 0 79.5571 364.993
14.8958 2 5.5 1000.14 12.6 77.875 0 76.836 365.64
14.9167 2 5.4 999.895 12.55 76.875 0 76.8754 364.398
14.9375 2 5.3 999.65 12.5 75.875 0 76.9147 363.157
14.9583 2 5.45 999.445 12.75 76.4375 0 120.33 362.891
14.9792 2 5.6 999.24 13 77 0 163.745 362.625
15 2 5.85 998.89 13.25 76.4286 0 136.065 362.508
15.0208 2 6.1 998.54 13.5 75.8571 0 108.385 362.39
15.0417 2 6.25 998.19 13.55 76.6429 0 113.691 361.333
15.0625 2 6.4 997.84 13.6 77.4286 0 118.998 360.276
15.0833 2 6.75 997.43 13.35 77.7143 0 99.7554 360.223
15.1042 2 7.1 997.02 13.1 78 0 80.5128 360.169
15.125 2 6.85 996.605 13.15 77.7857 0 75.4214 360.538
15.1458 2 6.6 996.19 13.2 77.5714 0 70.33 360.907
15.1667 2 7.15 995.79 13.25 77.3571 0 59.073 360.444
15.1875 2 7.7 995.39 13.3 77.1429 0 47.816 359.981
15.2083 2 7.8 995.155 13.3 77.7143 0 36.8712 360.113
15.2292 2 7.9 994.92 13.3 78.2857 0 25.9263 360.246
15.25 2 7.8 994.78 13.35 77.5714 0 20.6201 360.465
15.2708 2 7.7 994.64 13.4 76.8571 0 15.314 360.684
15.2917 2 7.2 994.595 13.3 78.7142 0 9.84109 362.092
15.3125 2 6.7 994.55 13.2 80.5714 0 4.36817 363.501
15.3333 2 5.9 994.63 13 81.2857 8.7585e-006 2.82775 364.022
15.3542 2 5.1 994.71 12.8 82 1.7517e-005 1.28733 364.543
15.375 2 4.2 994.825 12.1 82.4286 1.76086e-005 0.584665 365.73
15.3958 2 3.3 994.94 11.4 82.8571 1.77001e-005 -0.118 366.917
15.4167 2 3.25 994.955 11.45 83.2857 1.77917e-005 -0.059 367.333
15.4375 2 3.2 994.97 11.5 83.7143 1.78832e-005 0 367.75
15.4583 2 2.8 994.93 11.4 84.8571 1.81274e-005 0.0224166 365.769
15.4792 2 2.4 994.89 11.3 86 1.83715e-005 0.0448333 363.788
15.5 2 3.15 994.785 11.25 85.6429 1.82952e-005 0.843667 360.678
15.5208 2 3.9 994.68 11.2 85.2857 1.82189e-005 1.6425 357.568
15.5417 2 3.35 994.695 11.15 84.6429 1.80816e-005 3.13875 356.279
15.5625 2 2.8 994.71 11.1 84 1.79442e-005 4.635 354.991
15.5833 2 3.45 994.64 11.35 83.8571 1.79137e-005 10.1777 355.733
15.6042 2 4.1 994.57 11.6 83.7143 1.78832e-005 15.7203 356.475
15.625 2 4.6 994.61 11.85 83.7857 1.78985e-005 17.9802 357.383
15.6458 2 5.1 994.65 12.1 83.8571 1.79137e-005 20.2402 358.29
15.6667 2 5.25 994.7 12.1 82.7619 1.76798e-005 22.087 358.473
15.6875 2 5.4 994.75 12.1 81.6667 1.74458e-005 23.9337 358.656
15.7083 2 5 994.82 12.15 81.9048 1.74967e-005 31.2627 357.089
15.7292 2 4.6 994.89 12.2 82.1429 1.75475e-005 38.5917 355.522
15.75 2 4.95 995 12.25 81.6429 1.74407e-005 51.0059 355.837
15.7708 2 5.3 995.11 12.3 81.1429 1.73339e-005 63.42 356.152
15.7917 2 5.9 995.275 12.85 80.1429 8.66696e-006 108.641 356.396
15.8125 2 6.5 995.44 13.4 79.1429 0 153.862 356.639
15.8333 2 6.4 995.585 13.7 78.4286 0 186.889 354.69
15.8542 2 6.3 995.73 14 77.7143 0 219.917 352.742
15.875 2 6.1 995.835 14.4 77.2857 0 260.186 349.999
15.8958 2 5.9 995.94 14.8 76.8571 0 300.456 347.256
15.9167 2 6.05 996.04 14.9 76.2857 0 250.673 355.304
15.9375 2 6.2 996.14 15 75.7143 0 200.891 363.352
15.9583 2 5.35 996.23 14.7 76.3571 0 200.94 362.476
15.9792 2 4.5 996.32 14.4 77 0 200.989 361.6
16 2 4.05 996.425 13.75 77.75 0 176.026 360.715
16.0208 2 3.6 996.53 13.1 78.5 0 151.064 359.829
16.0417 2 3 996.55 12.6 79 0 138.334 358.63
16.0625 2 2.4 996.57 12.1 79.5 0 125.604 357.432
16.0833 2 2.05 996.68 11.6 79.6875 0 91.0919 357.232
16.1042 2 1.7 996.79 11.1 79.875 0 56.5798 357.033
16.125 2 0.95 996.79 11 80.25 0 49.5763 356.99
16.1458 2 0.2 996.79 10.9 80.625 0 42.5728 356.948
16.1667 2 0.95 996.85 10.85 81.125 8.71845e-006 38.1392 357.588
16.1875 2 1.7 996.91 10.8 81.625 1.74369e-005 33.7055 358.228
16.2083 2 2.45 996.86 10.7 82.125 1.75437e-005 33.2865 357.158
16.2292 2 3.2 996.81 10.6 82.625 1.76505e-005 32.8675 356.087
16.25 2 3.45 996.74 10.55 82.8839 1.77058e-005 24.1292 354.975
16.2708 2 3.7 996.67 10.5 83.1429 1.77611e-005 15.391 353.863
16.2917 2 3.95 996.645 11.45 84.0714 1.79595e-005 9.08225 357.861
16.3125 2 4.2 996.62 12.4 85 1.81579e-005 2.7735 361.858
16.3333 2 4.75 996.59 12.6 84.875 1.81312e-005 1.42567 360.657
16.3542 2 5.3 996.56 12.8 84.75 1.81045e-005 0.0778334 359.456
16.375 2 5.25 996.515 12.7 85 1.81579e-005 0.0389167 358.797
16.3958 2 5.2 996.47 12.6 85.25 1.82113e-005 0 358.138
16.4167 2 5.35 996.425 12.4 85.375 1.8238e-005 0 354.706
16.4375 2 5.5 996.38 12.2 85.5 1.82647e-005 0 351.273
16.4583 2 5.6 996.3 12.2 86.0357 1.83791e-005 0 352.886
16.4792 2 5.7 996.22 12.2 86.5714 1.84936e-005 0 354.499
16.5 2 5.55 996.1 12.1 85.4732 1.8259e-005 0.153833 350.662
16.5208 2 5.4 995.98 12 84.375 1.80244e-005 0.307667 346.826
16.5417 2 5.5 995.875 12 83.375 1.78107e-005 2.01158 348.104
16.5625 2 5.6 995.77 12 82.375 1.75971e-005 3.7155 349.381
16.5833 2 5.65 995.57 11.9 82.6875 1.76639e-005 8.00335 346.915
16.6042 2 5.7 995.37 11.8 83 1.77306e-005 12.2912 344.449
16.625 2 6.05 995.205 11.95 83.25 1.7784e-005 31.9669 345.37
16.6458 2 6.4 995.04 12.1 83.5 1.78374e-005 51.6427 346.291
16.6667 2 6.1 994.965 12.1 83.5625 1.78508e-005 48.242 349.321
16.6875 2 5.8 994.89 12.1 83.625 1.78641e-005 44.8413 352.352
16.7083 2 5.9 994.87 12.3 83.0625 1.7744e-005 73.6357 350.647
16.7292 2 6 994.85 12.5 82.5 1.76238e-005 102.43 348.943
16.75 2 6.05 994.73 12.7 82.25 1.75704e-005 123.37 348.121
16.7708 2 6.1 994.61 12.9 82 1.7517e-005 144.309 347.3
16.7917 2 6.4 994.5 13.4 82.4375 1.76105e-005 203.513 349.97
16.8125 2 6.7 994.39 13.9 82.875 1.77039e-005 262.717 352.641
16.8333 2 7.7 994.365 14.45 82.3125 1.75838e-005 297.102 353.626
16.8542 2 8.7 994.34 15 81.75 1.74636e-005 331.487 354.611
16.875 2 8.75 994.395 14.95 81.375 1.73835e-005 285.105 358.518
16.8958 2 8.8 994.45 14.9 81 1.73034e-005 238.723 362.425
16.9167 2 8.1 994.605 13.5 80.4375 8.65169e-006 214.098 359.234
16.9375 2 7.4 994.76 12.1 79.875 0 189.472 356.043
16.9583 2 6.9 995.025 11.1 79.125 0 175.362 355.716
16.9792 2 6.4 995.29 10.1 78.375 0 161.251 355.39
17 2 6.15 995.355 10.6 79.5625 0 159.785 354.641
17.0208 2 5.9 995.42 11.1 80.75 0 158.319 353.891
17.0417 2 5.8 995.51 11.45 81.375 8.7585e-006 172.027 351.375
17.0625 2 5.7 995.6 11.8 82 1.7517e-005 185.735 348.859
17.0833 2 5.25 995.75 11.35 82.8125 1.76906e-005 149.974 350.471
17.1042 2 4.8 995.9 10.9 83.625 1.78641e-005 114.213 352.083
17.125 2 5 996.01 10.9 84.6875 1.80911e-005 111.367 348.686
17.1458 2 5.2 996.12 10.9 85.75 1.83181e-005 108.52 345.289
17.1667 2 4.9 996.235 10.8 85.125 1.81846e-005 80.4536 345.498
17.1875 2 4.6 996.35 10.7 84.5 1.80511e-005 52.3873 345.707
17.2083 2 3.75 996.475 10.6 84.3125 1.8011e-005 38.854 347.482
17.2292 2 2.9 996.6 10.5 84.125 1.79709e-005 25.3207 349.256
17.25 2 2.65 996.695 10.65 84 1.79443e-005 18.1273 350.6
17.2708 2 2.4 996.79 10.8 83.875 1.79176e-005 10.9338 351.944
17.2917 2 2.7 996.905 10.75 83.3125 1.77974e-005 7.01231 352.999
17.3125 2 3 997.02 10.7 82.75 1.76772e-005 3.09083 354.053
17.3333 2 2.45 997.145 10.5 82.625 1.76505e-005 1.90042 355.892
17.3542 2 1.9 997.27 10.3 82.5 1.76238e-005 0.71 357.731
17.375 2 1.75 997.29 10.25 82.375 1.75971e-005 0.355 358.174
17.3958 2 1.6 997.31 10.2 82.25 1.75704e-005 0 358.618
17.4167 2 1.75 997.295 10.2 82.375 1.75971e-005 0 358.906
17.4375 2 1.9 997.28 10.2 82.5 1.76238e-005 0 359.193
17.4583 2 1.85 997.295 10.25 82.625 1.76505e-005 0 360.81
17.4792 2 1.8 997.31 10.3 82.75 1.76772e-005 0 362.427
17.5 2 2 997.255 10.35 82.8036 1.76887e-005 0.144666 363.249
17.5208 2 2.2 997.2 10.4 82.8571 1.77001e-005 0.289333 364.071
17.5417 2 2.4 997.155 10.45 81.9286 1.75018e-005 1.50183 357.766
17.5625 2 2.6 997.11 10.5 81 1.73034e-005 2.71433 351.46
17.5833 2 2.4 997.035 10.3 81.1875 1.73434e-005 11.7704 348.672
17.6042 2 2.2 996.96 10.1 81.375 1.73835e-005 20.8265 345.885
17.625 2 2.5 996.86 10.35 81 8.69175e-006 27.66 347.267
17.6458 2 2.8 996.76 10.6 80.625 0 34.4935 348.648
17.6667 2 2.8 996.775 11 80.875 8.66504e-006 79.5587 346.042
17.6875 2 2.8 996.79 11.4 81.125 1.73301e-005 124.624 343.436
17.7083 2 3.35 996.825 12.05 81.5625 1.74235e-005 150.266 341.044
17.7292 2 3.9 996.86 12.7 82 1.7517e-005 175.909 338.651
17.75 2 4.35 996.855 12.9 83.1875 1.77707e-005 173.202 346.208
17.7708 2 4.8 996.85 13.1 84.375 1.80244e-005 170.496 353.766
17.7917 2 4.9 996.83 13.8 84.8125 1.81178e-005 243.338 350.126
17.8125 2 5 996.81 14.5 85.25 1.82113e-005 316.18 346.486
17.8333 2 5.05 996.815 15.15 85.25 1.82113e-005 395.487 324.704
17.8542 2 5.1 996.82 15.8 85.25 1.82113e-005 474.793 302.922
17.875 2 4.95 996.885 16.15 84.75 1.81045e-005 477.964 317.678
17.8958 2 4.8 996.95 16.5 84.25 1.79977e-005 481.136 332.435
17.9167 2 4.4 997.055 16.25 83.0625 1.7744e-005 385.784 342.368
17.9375 2 4 997.16 16 81.875 1.74903e-005 290.431 352.302
17.9583 2 3.3 997.18 16.15 80.3125 8.74515e-006 328.034 344.44
17.9792 2 2.6 997.2 16.3 78.75 0 365.636 336.577
18 2 2.15 997.195 15.65 78.3125 0 323.988 344.398
18.0208 2 1.7 997.19 15 77.875 0 282.341 352.22
18.0417 2 2 997.27 14.8 78.5 0 251.759 349.953
18.0625 2 2.3 997.35 14.6 79.125 0 221.177 347.686
18.0833 2 2.2 997.315 14.55 79.4375 0 183.69 348.933
18.1042 2 2.1 997.28 14.5 79.75 0 146.204 350.18
18.125 2 1.55 997.235 14.4 79.9375 0 144.663 345.114
18.1458 2 1 997.19 14.3 80.125 0 143.121 340.048
18.1667 2 0.8 997.26 13.8 80.125 0 112.115 343.294
18.1875 2 0.6 997.33 13.3 80.125 0 81.109 346.54
18.2083 2 0.85 997.48 13.35 80.5 0 58.208 353.65
18.2292 2 1.1 997.63 13.4 80.875 0 35.307 360.759
18.25 2 2.45 997.79 13.8 81.25 8.71845e-006 24.0247 356.56
18.2708 2 3.8 997.95 14.2 81.625 1.74369e-005 12.7425 352.361
18.2917 2 3.45 997.985 13.8 81.75 1.74636e-005 8.52209 352.534
18.3125 2 3.1 998.02 13.4 81.875 1.74903e-005 4.30167 352.708
18.3333 2 3.4 998.2 13 82.125 1.75437e-005 2.21592 346.359
18.3542 2 3.7 998.38 12.6 82.375 1.75971e-005 0.130167 340.009
18.375 2 3.4 998.49 12.25 82.375 1.75971e-005 0.0650835 337.578
18.3958 2 3.1 998.6 11.9 82.375 1.75971e-005 0 335.146
18.4167 2 3.3 998.58 11.2 82.125 1.75437e-005 0 327.781
18.4375 2 3.5 998.56 10.5 81.875 1.74903e-005 0 320.417
18.4583 2 3.7 998.58 10.55 82.125 1.75437e-005 0 321.688
18.4792 2 3.9 998.6 10.6 82.375 1.75971e-005 0 322.96
18.5 2 4.05 998.705 10.8 83.9018 1.79233e-005 0.22325 328.139
18.5208 2 4.2 998.81 11 85.4286 1.82494e-005 0.4465 333.319
18.5417 2 3.8 998.785 11.05 83.4643 1.78298e-005 1.14875 335.964
18.5625 2 3.4 998.76 11.1 81.5 1.74102e-005 1.851 338.609
18.5833 2 3.65 998.76 11.05 81.25 1.73568e-005 9.9076 333.655
18.6042 2 3.9 998.76 11 81 1.73034e-005 17.9642 328.7
18.625 2 3.7 998.76 11.35 80.625 8.65169e-006 30.821 337.208
18.6458 2 3.5 998.76 11.7 80.25 0 43.6778 345.715
18.6667 2 3.3 998.675 11.85 79.4375 0 56.316 341.333
18.6875 2 3.1 998.59 12 78.625 0 68.9542 336.95
18.7083 2 2.4 998.675 12.2 77.1875 0 87.6946 340.404
18.7292 2 1.7 998.76 12.4 75.75 0 106.435 343.857
18.75 2 2.3 998.785 12.8 75.75 0 131.528 349.711
18.7708 2 2.9 998.81 13.2 75.75 0 156.621 355.565
18.7917 2 3.45 998.845 13.55 75.9375 0 257.557 338.648
18.8125 2 4 998.88 13.9 76.125 0 358.494 321.732
18.8333 2 4.75 998.735 13.85 76.0625 0 413.141 317.052
18.8542 2 5.5 998.59 13.8 76 0 467.787 312.373
18.875 2 5.25 998.48 13.15 75.6875 0 473.152 300.69
18.8958 2 5 998.37 12.5 75.375 0 478.517 289.006
18.9167 2 4.6 998.325 12.4 74.6875 0 449.493 297.22
18.9375 2 4.2 998.28 12.3 74 0 420.47 305.434
18.9583 2 4.25 998.295 12.55 74.1875 0 454.108 305.107
18.9792 2 4.3 998.31 12.8 74.375 0 487.746 304.78
19 2 4.6 998.37 13.55 75.25 0 480.536 300.875
19.0208 2 4.9 998.43 14.3 76.125 0 473.325 296.97
19.0417 2 4.75 998.455 14.45 76.1875 0 390.653 313.651
19.0625 2 4.6 998.48 14.6 76.25 0 307.98 330.332
19.0833 2 3.9 998.61 13.85 75.625 0 226.557 328.878
19.1042 2 3.2 998.74 13.1 75 0 145.133 327.424
19.125 2 3.05 998.79 13.7 75.1875 0 172.971 334.654
19.1458 2 2.9 998.84 14.3 75.375 0 200.81 341.884
19.1667 2 2.95 998.9 13.85 76.5 0 155.009 343.94
19.1875 2 3 998.96 13.4 77.625 0 109.208 345.995
19.2083 2 2.5 999.17 13.15 78.0625 0 67.0416 350.435
19.2292 2 2 999.38 12.9 78.5 0 24.8753 354.875
19.25 2 1.45 999.555 13.35 78.5 0 17.7055 350.452
19.2708 2 0.9 999.73 13.8 78.5 0 10.5357 346.029
19.2917 2 1.45 999.805 13.55 78.3125 0 6.71535 348.055
19.3125 2 2 999.88 13.3 78.125 0 2.895 350.081
19.3333 2 2.05 999.945 12.85 78.9375 0 1.64008 346.57
19.3542 2 2.1 1000.01 12.4 79.75 0 0.385167 343.059
19.375 2 1.95 1000.03 12.5 79.5625 0 0.192584 336.55
19.3958 2 1.8 1000.05 12.6 79.375 0 0 330.041
19.4167 2 2.2 1000.1 11.7 80.0625 0 0 320.959
19.4375 2 2.6 1000.16 10.8 80.75 0 0 311.878
19.4583 2 2.45 1000.25 10.85 80.75 0 0 327.177
19.4792 2 2.3 1000.34 10.9 80.75 0 0 342.476
19.5 2 1.85 1000.48 10.4 81.6607 8.81954e-006 0.259167 334.016
19.5208 2 1.4 1000.62 9.9 82.5714 1.76391e-005 0.518333 325.555
19.5417 2 0.95 1000.62 10.3 82.0357 1.75246e-005 2.30167 333.283
19.5625 2 0.5 1000.62 10.7 81.5 1.74102e-005 4.085 341.01
19.5833 2 0.85 1000.73 10.55 81.25 1.73568e-005 6.60658 344.194
19.6042 2 1.2 1000.85 10.4 81 1.73034e-005 9.12816 347.378
19.625 2 1.6 1001.02 10.3 80.9375 8.65169e-006 25.9373 330.823
19.6458 2 2 1001.19 10.2 80.875 0 42.7465 314.268
19.6667 2 2.1 1001.4 10.75 80.8125 0 97.3638 307.264
19.6875 2 2.2 1001.6 11.3 80.75 0 151.981 300.26
19.7083 2 2.9 1001.71 11.95 79.5625 0 154.193 312.785
19.7292 2 3.6 1001.82 12.6 78.375 0 156.404 325.31
19.75 2 3.25 1002.03 12.2 77.875 0 150.663 335.152
19.7708 2 2.9 1002.23 11.8 77.375 0 144.922 344.995
19.7917 2 3.2 1002.29 12.75 77.125 0 273.732 321.938
19.8125 2 3.5 1002.36 13.7 76.875 0 402.541 298.882
19.8333 2 4 1002.43 14.45 76.5625 0 439.443 294.673
19.8542 2 4.5 1002.51 15.2 76.25 0 476.345 290.464
19.875 2 3.55 1002.7 15.4 76.125 0 489.938 291.925
19.8958 2 2.6 1002.88 15.6 76 0 503.53 293.386
19.9167 2 2.2 1003.04 15.2 76 0 496.472 295.957
19.9375 2 1.8 1003.19 14.8 76 0 489.414 298.529
19.9583 2 1.9 1003.44 14.7 75.6875 0 475.007 299.628
19.9792 2 2 1003.69 14.6 75.375 0 460.6 300.728
20 2 1.95 1003.86 14.15 76.1875 0 361.99 311.326
20.0208 2 1.9 1004.04 13.7 77 0 263.38 321.925
20.0417 2 2.1 1004.28 13.8 77.25 0 253.441 330.78
20.0625 2 2.3 1004.52 13.9 77.5 0 243.501 339.636
20.0833 2 4.2 1004.91 11.35 77.75 0 200.941 340.286
20.1042 2 6.1 1005.29 8.8 78 0 158.382 340.936
20.125 2 6.3 1005.74 7.75 78.5625 0 131.833 340.053
20.1458 2 6.5 1006.19 6.7 79.125 0 105.284 339.171
20.1667 2 6.85 1006.67 6.25 79.6875 0 79.0993 338.796
20.1875 2 7.2 1007.16 5.8 80.25 0 52.9147 338.421
20.2083 2 6.8 1007.59 5.8 80.625 8.65169e-006 41.2125 337.946
20.2292 2 6.4 1008.03 5.8 81 1.73034e-005 29.5103 337.471
20.25 2 6.15 1008.34 5.6 81.625 1.74369e-005 18.9322 336.081
20.2708 2 5.9 1008.65 5.4 82.25 1.75704e-005 8.35417 334.69
20.2917 2 5.2 1008.96 5.35 82 1.7517e-005 4.95825 334.09
20.3125 2 4.5 1009.27 5.3 81.75 1.74636e-005 1.56233 333.49
20.3333 2 4.1 1009.59 5.35 81.875 1.74903e-005 0.754665 328.125
20.3542 2 3.7 1009.9 5.4 82 1.7517e-005 -0.053 322.759
20.375 2 3.6 1010.14 5.25 82.1875 1.75571e-005 -0.0265 305.948
20.3958 2 3.5 1010.37 5.1 82.375 1.75971e-005 0 289.136
20.4167 2 2.95 1010.59 4.95 82.5625 1.76372e-005 0 287.146
20.4375 2 2.4 1010.82 4.8 82.75 1.76772e-005 0 285.155
20.4583 2 2.05 1011.01 4.7 82.9375 1.77173e-005 0 278.273
20.4792 2 1.7 1011.19 4.6 83.125 1.77573e-005 0 271.392
20.5 2 0.95 1011.43 4.2 83.1875 1.77707e-005 0.122584 290.305
20.5208 2 0.2 1011.67 3.8 83.25 1.7784e-005 0.245167 309.217
20.5417 2 0.15 1011.7 3.95 83.0625 1.7744e-005 1.40425 315.889
20.5625 2 0.1 1011.73 4.1 82.875 1.77039e-005 2.56333 322.561
20.5833 2 0.75 1011.72 4.7 82.5625 1.76372e-005 6.33431 323.956
20.6042 2 1.4 1011.72 5.3 82.25 1.75704e-005 10.1053 325.35
20.625 2 1.85 1011.83 5.6 81.875 1.74903e-005 21.9978 324.092
20.6458 2 2.3 1011.94 5.9 81.5 1.74102e-005 33.8903 322.834
20.6667 2 3.1 1011.95 6.15 81.125 8.7051e-006 70.1487 312.16
20.6875 2 3.9 1011.95 6.4 80.75 0 106.407 301.486
20.7083 2 4.35 1011.96 6.6 80.1875 0 128.908 304.812
20.7292 2 4.8 1011.97 6.8 79.625 0 151.409 308.138
20.75 2 5.2 1011.96 6.9 78.5268 0 164.182 318.665
20.7708 2 5.6 1011.95 7 77.4286 0 176.956 329.193
20.7917 2 6.35 1011.9 7.25 76.1518 0 219.792 325.113
20.8125 2 7.1 1011.84 7.5 74.875 0 262.628 321.034
20.8333 2 7.5 1011.7 7.7 74.1875 0 281.007 318.992
20.8542 2 7.9 1011.56 7.9 73.5 0 299.385 316.951
20.875 2 8.25 1011.37 8.05 73.1875 0 268.04 325.96
20.8958 2 8.6 1011.18 8.2 72.875 0 236.696 334.969
20.9167 2 7.85 1011.03 9.25 72.875 0 315.599 325.041
20.9375 2 7.1 1010.88 10.3 72.875 0 394.501 315.113
20.9583 2 7.05 1010.68 10.8 73.3125 0 343.79 321.466
20.9792 2 7 1010.48 11.3 73.75 0 293.079 327.82
21 2 7.95 1010.32 10.8 74.0625 0 216.673 336.953
21.0208 2 8.9 1010.15 10.3 74.375 0 140.267 346.087
21.0417 2 8.05 1009.99 10.7 75 0 109.834 348.014
21.0625 2 7.2 1009.84 11.1 75.625 0 79.4003 349.941
21.0833 2 6.7 1009.71 10.6 76.375 0 65.0655 349.572
21.1042 2 6.2 1009.57 10.1 77.125 0 50.7307 349.202
21.125 2 6.1 1009.48 10.15 77.875 0 54.1144 350.932
21.1458 2 6 1009.39 10.2 78.625 0 57.4982 352.662
21.1667 2 6.6 1009.21 10.35 79 0 40.7884 353.443
21.1875 2 7.2 1009.04 10.5 79.375 0 24.0787 354.224
21.2083 2 7 1008.93 10.65 79.6875 0 17.7724 353.573
21.2292 2 6.8 1008.83 10.8 80 0 11.4662 352.922
21.25 2 5.8 1008.91 10.75 80.5 8.65169e-006 9.66051 351.798
21.2708 2 4.8 1008.98 10.7 81 1.73034e-005 7.85483 350.674
21.2917 2 5.3 1009.08 10.75 81.5 1.74102e-005 4.55483 349.711
21.3125 2 5.8 1009.19 10.8 82 1.7517e-005 1.25483 348.748
21.3333 2 5.25 1009.32 10.5 82.4375 1.76105e-005 0.619915 346.894
21.3542 2 4.7 1009.45 10.2 82.875 1.77039e-005 -0.015 345.04
21.375 2 4.75 1009.35 10 83.5 1.78374e-005 -0.0075 339.961
21.3958 2 4.8 1009.25 9.8 84.125 1.79709e-005 0 334.883
21.4167 2 4.8 1009.2 9.85 84.125 1.79709e-005 0 339.326
21.4375 2 4.8 1009.14 9.9 84.125 1.79709e-005 0 343.768
21.4583 2 5.15 1009.15 10 83.3125 1.77974e-005 0 343.453
21.4792 2 5.5 1009.15 10.1 82.5 1.76238e-005 0 343.138
21.5 2 5.35 1009.12 10.15 82.0625 1.75304e-005 0.0759165 343.624
21.5208 2 5.2 1009.09 10.2 81.625 1.74369e-005 0.151833 344.11
21.5417 2 5.15 1009.06 10.2 82.0625 1.75304e-005 1.32392 337.993
21.5625 2 5.1 1009.02 10.2 82.5 1.76238e-005 2.496 331.877
21.5833 2 4.95 1009 10.25 82.625 1.76505e-005 6.19834 333.878
21.6042 2 4.8 1008.98 10.3 82.75 1.76772e-005 9.90067 335.879
21.625 2 4.85 1008.9 10.5 82.75 1.76772e-005 23.2783 334.161
21.6458 2 4.9 1008.82 10.7 82.75 1.76772e-005 36.656 332.443
21.6667 2 5.3 1008.78 11 82.125 1.75437e-005 54.8157 336.643
21.6875 2 5.7 1008.73 11.3 81.5 1.74102e-005 72.9753 340.842
21.7083 2 5.45 1008.66 11.55 79.9375 8.7051e-006 89.4547 331.095
21.7292 2 5.2 1008.59 11.8 78.375 0 105.934 321.348
21.75 2 5.4 1008.56 12.4 78.0446 0 177.21 307.135
21.7708 2 5.6 1008.52 13 77.7143 0 248.487 292.922
21.7917 2 6.15 1008.45 13.75 75.5446 0 330.297 294.172
21.8125 2 6.7 1008.38 14.5 73.375 0 412.108 295.421
21.8333 2 6.5 1008.38 14.6 73.0625 0 327.973 318.21
21.8542 2 6.3 1008.37 14.7 72.75 0 243.837 340.999
21.875 2 6.5 1008.32 15.1 72.75 0 310.46 339.912
21.8958 2 6.7 1008.27 15.5 72.75 0 377.083 338.825
21.9167 2 6 1008.2 15.75 72.75 0 332.807 346.848
21.9375 2 5.3 1008.13 16 72.75 0 288.532 354.871
21.9583 2 4.9 1008.01 15.8 73.5625 0 245.349 357.461
21.9792 2 4.5 1007.89 15.6 74.375 0 202.165 360.051
22 2 4.7 1007.85 15.7 74.5 0 241.263 354.538
22.0208 2 4.9 1007.81 15.8 74.625 0 280.361 349.025
22.0417 2 5.05 1007.74 16.05 73.9375 0 244.531 346.81
22.0625 2 5.2 1007.67 16.3 73.25 0 208.701 344.594
22.0833 2 4.7 1007.56 16.25 73 0 280.871 342.249
22.1042 2 4.2 1007.45 16.2 72.75 0 353.041 339.904
22.125 2 3.6 1007.35 15.95 72.5625 0 262.186 331.817
22.1458 2 3 1007.26 15.7 72.375 0 171.332 323.73
22.1667 2 2.85 1007.19 15.9 72.25 0 171.957 317.882
22.1875 2 2.7 1007.12 16.1 72.125 0 172.582 312.034
22.2083 2 3.1 1007.08 14.4 72.9375 0 115.17 312.93
22.2292 2 3.5 1007.05 12.7 73.75 0 57.7572 313.825
22.25 2 3.7 1007.04 12.15 74.1875 0 37.3599 308.614
22.2708 2 3.9 1007.03 11.6 74.625 0 16.9627 303.402
22.2917 2 3.95 1007.02 11.55 74.75 0 9.73818 313.944
22.3125 2 4 1007 11.5 74.875 0 2.51367 324.486
22.3333 2 4.15 1007.01 11.3 75.3125 0 1.27867 327.1
22.3542 2 4.3 1007.01 11.1 75.75 0 0.0436667 329.714
22.375 2 4.5 1007.03 10.75 76.25 0 0.0218334 331.605
22.3958 2 4.7 1007.04 10.4 76.75 0 0 333.497
22.4167 2 4.9 1007.04 10.25 77.5 0 0 340.609
22.4375 2 5.1 1007.04 10.1 78.25 0 0 347.721
22.4583 2 5.1 1006.96 9.85 78.6875 0 0 345.997
22.4792 2 5.1 1006.88 9.6 79.125 0 0 344.273
22.5 2 5.5 1006.84 9.5 79.125 0 0.0085 344.526
22.5208 2 5.9 1006.81 9.4 79.125 0 0.017 344.778
22.5417 2 6.05 1006.68 9.25 79.5 0 0.682415 347.956
22.5625 2 6.2 1006.56 9.1 79.875 0 1.34783 351.134
22.5833 2 6.05 1006.59 9 79.875 0 7.98867 353.346
22.6042 2 5.9 1006.62 8.9 79.875 0 14.6295 355.558
22.625 2 5.4 1006.6 8.75 78.8125 0 24.047 351.958
22.6458 2 4.9 1006.59 8.6 77.75 0 33.4645 348.359
22.6667 2 4.95 1006.52 8.9 77.5 0 57.3442 350.71
22.6875 2 5 1006.44 9.2 77.25 0 81.2238 353.06
22.7083 2 4.7 1006.4 9.5 76.1875 0 131.887 349.1
22.7292 2 4.4 1006.35 9.8 75.125 0 182.551 345.141
22.75 2 4.2 1006.34 10 75.3125 0 204.438 346.099
22.7708 2 4 1006.33 10.2 75.5 0 226.325 347.056
22.7917 2 3.95 1006.3 10.45 73.9375 0 239.768 351.52
22.8125 2 3.9 1006.27 10.7 72.375 0 253.21 355.983
22.8333 2 4.05 1006.23 10.75 72.125 0 306.786 344.383
22.8542 2 4.2 1006.19 10.8 71.875 0 360.363 332.783
22.875 2 4.8 1006.15 10.5 71.4375 0 384.893 331.168
22.8958 2 5.4 1006.1 10.2 71 0 409.423 329.553
22.9167 2 5.45 1006.03 10.2 70.75 0 434.548 319.886
22.9375 2 5.5 1005.95 10.2 70.5 0 459.673 310.219
22.9583 2 5.5 1005.9 9.9 69.625 0 447.76 309.048
22.9792 2 5.5 1005.84 9.6 68.75 0 435.846 307.878
23 2 5.85 1005.72 9.45 68.375 0 418.491 303.305
23.0208 2 6.2 1005.6 9.3 68 0 401.135 298.731
23.0417 2 6.35 1005.48 9.25 69.3125 0 362.717 304.117
23.0625 2 6.5 1005.37 9.2 70.625 0 324.3 309.502
23.0833 2 6.55 1005.28 9.35 71.0625 0 236.657 315.106
23.1042 2 6.6 1005.18 9.5 71.5 0 149.014 320.71
23.125 2 7 1005.04 9.05 73.5625 0 113.033 334.058
23.1458 2 7.4 1004.91 8.6 75.625 0 77.0522 347.406
23.1667 2 8.2 1004.69 8.3 76.9375 0 77.222 343.936
23.1875 2 9 1004.47 8 78.25 0 77.3917 340.466
23.2083 2 8.75 1004.45 8 76.875 0 52.4303 342.568
23.2292 2 8.5 1004.43 8 75.5 0 27.4688 344.671
23.25 2 8.4 1004.29 7.95 76.125 0 18.2807 346.839
23.2708 2 8.3 1004.16 7.9 76.75 0 9.09267 349.007
23.2917 2 8.6 1003.93 7.75 77.5 0 4.93567 347.815
23.3125 2 8.9 1003.71 7.6 78.25 0 0.778667 346.624
23.3333 2 8.75 1003.56 7.4 78.9375 0 0.389333 344.721
23.3542 2 8.6 1003.41 7.2 79.625 0 0 342.819
23.375 2 8.35 1003.22 7.35 79.6875 0 0 345.247
23.3958 2 8.1 1003.03 7.5 79.75 0 0 347.674
23.4167 2 7.7 1002.82 7.65 80.125 0 0 348.124
23.4375 2 7.3 1002.61 7.8 80.5 0 0 348.574
23.4583 2 7.4 1002.32 7.75 80.625 0 0 348.162
23.4792 2 7.5 1002.04 7.7 80.75 0 0 347.75
23.5 2 7.8 1001.64 7.3 80.5 0 0 345.154
23.5208 2 8.1 1001.23 6.9 80.25 0 0 342.558
23.5417 2 7.9 1000.92 6.95 80.25 0 0.785 343.861
23.5625 2 7.7 1000.61 7 80.25 0 1.57 345.164
23.5833 2 7.15 1000.41 7.25 80.5625 0 7.83135 346.102
23.6042 2 6.6 1000.2 7.5 80.875 0 14.0927 347.04
23.625 2 5.9 999.95 7.95 80.5625 0 33.7786 347.352
23.6458 2 5.2 999.7 8.4 80.25 0 53.4645 347.664
23.6667 2 5.4 999.295 8.65 79.8125 0 57.8621 346.594
23.6875 2 5.6 998.89 8.9 79.375 0 62.2597 345.523
23.7083 2 5.5 998.545 8.95 79.125 0 61.1225 345.953
23.7292 2 5.4 998.2 9 78.875 0 59.9852 346.383
23.75 2 5.8 997.88 8.65 80.0089 8.66696e-006 108.99 345.695
23.7708 2 6.2 997.56 8.3 81.1429 1.73339e-005 157.994 345.007
23.7917 2 6.05 997.195 8.15 79.6964 8.66696e-006 201.236 337.009
23.8125 2 5.9 996.83 8 78.25 0 244.478 329.011
23.8333 2 5.85 996.605 7.6 77.8125 0 220.078 329.476
23.8542 2 5.8 996.38 7.2 77.375 0 195.679 329.941
23.875 2 5.5 996.085 7.45 77.625 0 164.032 337.11
23.8958 2 5.2 995.79 7.7 77.875 0 132.385 344.279
23.9167 2 4.7 995.595 8.05 77.1875 0 112.791 345.768
23.9375 2 4.2 995.4 8.4 76.5 0 93.197 347.256
23.9583 2 3.75 995.29 8.6 75.5625 0 100.737 348.565
23.9792 2 3.3 995.18 8.8 74.625 0 108.277 349.874
24 2 2.45 994.99 9.8 75 0 120.653 345.912
24.0208 2 1.6 994.8 10.8 75.375 0 133.029 341.951
24.0417 2 2.4 994.67 10.6 75.6875 0 130.354 342.47
24.0625 2 3.2 994.54 10.4 76 0 127.679 342.99
24.0833 2 3.4 994.63 10.2 76.875 0 104.127 344.155
24.1042 2 3.6 994.72 10 77.75 0 80.5748 345.32
24.125 2 2.95 994.725 10.4 78.3125 0 57.4326 348.285
24.1458 2 2.3 994.73 10.8 78.875 0 34.2905 351.25
24.1667 2 2.45 994.565 10.75 79.0625 0 32.8981 349.971
24.1875 2 2.6 994.4 10.7 79.25 0 31.5057 348.693
24.2083 2 3.15 994.225 10.7 79.875 0 28.881 342.613
24.2292 2 3.7 994.05 10.7 80.5 0 26.2563 336.534
24.25 2 4.05 994.07 10.9 80.875 0 17.9377 333.879
24.2708 2 4.4 994.09 11.1 81.25 0 9.619 331.224
24.2917 2 4.35 994.11 10.55 81.8125 0 5.88498 307.565
24.3125 2 4.3 994.13 10 82.375 0 2.15095 283.906
24.3333 2 4.4 994.21 9.75 82.875 0 1.09773 278.99
24.3542 2 4.5 994.29 9.5 83.375 0 0.0445 274.073
24.375 2 4.75 994.29 9.7 83.75 0 0.02225 275.136
24.3958 2 5 994.29 9.9 84.125 0 0 276.199
24.4167 2 5.15 994.31 9.95 84.25 0 0 281.299
24.4375 2 5.3 994.33 10 84.375 0 0 286.398
24.4583 2 5.65 994.355 10 84.8304 0 0 296.934
24.4792 2 6 994.38 10 85.2857 0 0 307.469
24.5 2 5.15 994.425 10 85.0714 0 0 321.522
24.5208 2 4.3 994.47 10 84.8571 0 0 335.576
24.5417 2 3.5 994.64 9.55 84.2411 0 0.309166 338.09
24.5625 2 2.7 994.81 9.1 83.625 0 0.618333 340.604
24.5833 2 2.7 994.915 8.95 83.25 0 5.52132 332.411
24.6042 2 2.7 995.02 8.8 82.875 0 10.4243 324.217
24.625 2 3.3 994.955 9.45 83.125 0 36.0696 325.674
24.6458 2 3.9 994.89 10.1 83.375 0 61.715 327.13
24.6667 2 3.9 994.955 9.75 83 0 71.7774 306.805
24.6875 2 3.9 995.02 9.4 82.625 0 81.8398 286.481
24.7083 2 4.05 995.14 10 83.125 0 135.507 283.961
24.7292 2 4.2 995.26 10.6 83.625 0 189.175 281.442
24.75 2 4.8 995.425 11.05 83 0 251.52 279.807
24.7708 2 5.4 995.59 11.5 82.375 0 313.864 278.173
24.7917 2 5.6 995.78 11.5 82.625 0 345.815 284.836
24.8125 2 5.8 995.97 11.5 82.875 0 377.767 291.498
24.8333 2 6.2 996.065 10.95 81.1518 0 366.474 292.682
24.8542 2 6.6 996.16 10.4 79.4286 0 355.181 293.867
24.875 2 6.2 996.375 10.15 80.3393 0 321.202 310.326
24.8958 2 5.8 996.59 9.9 81.25 0 287.223 326.784
24.9167 2 5.75 996.84 10.4 80.4821 0 313.388 331.216
24.9375 2 5.7 997.09 10.9 79.7143 0 339.554 335.649
24.9583 2 6.3 997.285 10.5 79.7857 0 313.188 329.76
24.9792 2 6.9 997.48 10.1 79.8571 0 286.821 323.872
25 2 6.5 997.645 9.9 79.3571 0 247.882 322.323
25.0208 2 6.1 997.81 9.7 78.8571 0 208.942 320.773
25.0417 2 6.05 997.94 9.85 79.7857 0 221.306 326.602
25.0625 2 6 998.07 10 80.7143 0 233.669 332.431
25.0833 2 6.15 998.21 10.2 80.3571 0 211.699 331.598
25.1042 2 6.3 998.35 10.4 80 0 189.729 330.765
25.125 2 6.4 998.47 10.5 80.5 0 206.845 327.93
25.1458 2 6.5 998.59 10.6 81 0 223.961 325.095
25.1667 2 6.45 998.665 9.9 82.2857 0 141.341 336.068
25.1875 2 6.4 998.74 9.2 83.5714 0 58.7207 347.04
25.2083 2 6.4 998.755 9.05 84.0714 0 37.8457 349.329
25.2292 2 6.4 998.77 8.9 84.5714 0 16.9707 351.618
25.25 2 7.15 999.05 8.6 85.2142 0 10.6152 350.276
25.2708 2 7.9 999.33 8.3 85.8571 0 4.25967 348.935
25.2917 2 8.1 999.59 8.1 86.2142 0 2.34158 348.908
25.3125 2 8.3 999.85 7.9 86.5714 0 0.4235 348.88
25.3333 2 9.2 1000.03 7.95 86.3571 0 0.21175 349.051
25.3542 2 10.1 1000.2 8 86.1429 0 0 349.221
25.375 2 10.2 1000.39 8.05 85.7143 0 0 348.826
25.3958 2 10.3 1000.57 8.1 85.2857 0 0 348.43
25.4167 2 10.5 1000.71 8.05 85.0714 0 0 348.444
25.4375 2 10.7 1000.86 8 84.8571 0 0 348.458
25.4583 2 10.2 1000.98 7.95 86.0714 0 0 348.875
25.4792 2 9.7 1001.1 7.9 87.2857 0 0 349.291
25.5 2 9.1 1001.13 7.85 86.8571 0 0 349.1
25.5208 2 8.5 1001.15 7.8 86.4286 0 0 348.91
25.5417 2 8.3 1001.14 7.7 85.8571 0 0.160833 348.255
25.5625 2 8.1 1001.13 7.6 85.2857 0 0.321667 347.599
25.5833 2 7.5 1001.1 7.55 86.2262 0 2.27858 347.11
25.6042 2 6.9 1001.08 7.5 87.1667 0 4.2355 346.621
25.625 2 6.6 1000.96 7.45 87.2262 0 13.7679 346.11
25.6458 2 6.3 1000.85 7.4 87.2857 0 23.3003 345.599
25.6667 2 6.25 1000.79 7.4 86.7143 0 30.3028 345.69
25.6875 2 6.2 1000.74 7.4 86.1429 0 37.3053 345.781
25.7083 2 6.2 1000.69 7.35 85.2858 0 62.8322 343.57
25.7292 2 6.2 1000.64 7.3 84.4286 0 88.359 341.359
25.75 2 6 1000.61 7.25 83.9286 0 100.721 339.248
25.7708 2 5.8 1000.59 7.2 83.4286 0 113.083 337.137
25.7917 2 5.45 1000.53 7.1 82.5 0 118.243 336.313
25.8125 2 5.1 1000.47 7 81.5714 0 123.403 335.488
25.8333 2 4.65 1000.52 6.6 81.2023 0 133.067 334.616
25.8542 2 4.2 1000.56 6.2 80.8333 0 142.731 333.743
25.875 2 4.1 1000.63 5.9 80.5595 0 169.013 332.888
25.8958 2 4 1000.7 5.6 80.2857 0 195.294 332.034
25.9167 2 4.05 1000.68 5.4 79.7262 0 176.443 330.878
25.9375 2 4.1 1000.67 5.2 79.1667 0 157.591 329.723
25.9583 2 4 1000.67 5.3 79.0119 0 161.604 329.642
25.9792 2 3.9 1000.68 5.4 78.8571 0 165.618 329.561
26 2 4.3 1000.62 5.35 79.0714 0 177.734 329.224
26.0208 2 4.7 1000.56 5.3 79.2857 0 189.85 328.888
26.0417 2 5.2 1000.57 5.3 78.7857 0 176.094 327.638
26.0625 2 5.7 1000.58 5.3 78.2857 0 162.338 326.388
26.0833 2 5.9 1000.61 5.2 78.0714 0 144.046 324.997
26.1042 2 6.1 1000.64 5.1 77.8571 0 125.753 323.607
26.125 2 5.8 1000.61 5.05 78.2142 0 97.7809 321.76
26.1458 2 5.5 1000.59 5 78.5714 0 69.8087 319.914
26.1667 2 5.25 1000.61 4.9 78.9286 0 50.8252 323.109
26.1875 2 5 1000.63 4.8 79.2857 0 31.8418 326.304
26.2083 2 5.25 1000.65 4.65 79.3571 0 24.788 325.642
26.2292 2 5.5 1000.66 4.5 79.4286 0 17.7342 324.98
26.25 2 5.65 1000.76 4.4 80.1429 0 10.9973 325.142
26.2708 2 5.8 1000.85 4.3 80.8571 0 4.26033 325.303
26.2917 2 5.85 1000.98 4.2 80.7142 0 2.22042 325.215
26.3125 2 5.9 1001.12 4.1 80.5714 0 0.1805 325.126
26.3333 2 6 1001.16 4.05 80.5714 0 0.09025 325.179
26.3542 2 6.1 1001.19 4 80.5714 0 0 325.232
26.375 2 6.05 1001.25 3.95 80.5714 0 0 325.232
26.3958 2 6 1001.31 3.9 80.5714 0 0 325.232
26.4167 2 6.4 1001.42 3.75 80 0 0 325.058
26.4375 2 6.8 1001.52 3.6 79.4286 0 0 324.884
26.4583 2 7.3 1001.62 3.55 79.7977 0 0 324.704
26.4792 2 7.8 1001.72 3.5 80.1667 0 0 324.524
26.5 2 7.5 1001.81 3.55 80.25 0 0 324.031
26.5208 2 7.2 1001.91 3.6 80.3333 0 0 323.538
26.5417 2 7.2 1001.97 3.6 80.0416 0 0.03175 323.538
26.5625 2 7.2 1002.04 3.6 79.75 0 0.0635 323.538
26.5833 2 7.25 1002.15 3.6 79.9375 0 1.52483 323.485
26.6042 2 7.3 1002.26 3.6 80.125 0 2.98617 323.432
26.625 2 7.05 1002.34 3.55 80.3125 0 8.70133 323.525
26.6458 2 6.8 1002.43 3.5 80.5 0 14.4165 323.617
26.6667 2 7.15 1002.49 3.65 80.0625 0 20.8167 323.831
26.6875 2 7.5 1002.55 3.8 79.625 0 27.2168 324.046
26.7083 2 8 1002.56 4.05 79.5625 0 34.9433 324.653
26.7292 2 8.5 1002.57 4.3 79.5 0 42.6698 325.26
26.75 2 8.5 1002.67 4.2 79 0 51.4391 326.326
26.7708 2 8.5 1002.76 4.1 78.5 0 60.2085 327.392
26.7917 2 8.5 1002.98 4.05 77.4375 0 80.7893 325.257
26.8125 2 8.5 1003.2 4 76.375 0 101.37 323.122
26.8333 2 8.85 1003.4 3.9 75.6875 0 111.647 322.721
26.8542 2 9.2 1003.6 3.8 75 0 121.924 322.321
26.875 2 9.4 1003.74 4 74.625 0 142.557 322.318
26.8958 2 9.6 1003.88 4.2 74.25 0 163.189 322.315
26.9167 2 9.55 1004.07 4.2 74 0 176.241 322.456
26.9375 2 9.5 1004.26 4.2 73.75 0 189.292 322.596
26.9583 2 9.2 1004.46 4.05 72.8125 0 152.792 323.56
26.9792 2 8.9 1004.65 3.9 71.875 0 116.291 324.524
27 2 8.55 1004.79 4 71.5 0 119.062 323.656
27.0208 2 8.2 1004.92 4.1 71.125 0 121.832 322.788
27.0417 2 7.9 1005.05 4.2 70.8125 0 122.104 321.145
27.0625 2 7.6 1005.19 4.3 70.5 0 122.376 319.501
27.0833 2 7.4 1005.3 4.45 72.25 0 128.936 319.549
27.1042 2 7.2 1005.4 4.6 74 0 135.497 319.596
27.125 2 7 1005.45 4.5 74.3125 0 109.48 317.639
27.1458 2 6.8 1005.49 4.4 74.625 0 83.4628 315.682
27.1667 2 6.8 1005.6 4.1 73.75 0 60.5618 318.021
27.1875 2 6.8 1005.71 3.8 72.875 0 37.6608 320.36
27.2083 2 6.7 1005.9 3.65 73.5 0 25.967 319.332
27.2292 2 6.6 1006.09 3.5 74.125 0 14.2732 318.305
27.25 2 6.4 1006.3 3.35 75.3125 0 8.56519 318.862
27.2708 2 6.2 1006.51 3.2 76.5 0 2.85717 319.419
27.2917 2 6.05 1006.76 3.05 76.5625 0 1.47417 320.265
27.3125 2 5.9 1007 2.9 76.625 0 0.0911667 321.111
27.3333 2 5.85 1007.26 2.85 75.6875 0 0.0455833 320.899
27.3542 2 5.8 1007.51 2.8 74.75 0 0 320.688
27.375 2 5.4 1007.8 2.75 76.0625 0 0 321.469
27.3958 2 5 1008.1 2.7 77.375 0 0 322.251
27.4167 2 4.55 1008.42 2.85 76.8125 0 0 323.627
27.4375 2 4.1 1008.74 3 76.25 0 0 325.003
27.4583 2 4.55 1008.96 3 75.7679 0 0 323.762
27.4792 2 5 1009.18 3 75.2857 0 0 322.521
27.5 2 4.7 1009.42 3 75 0 0 321.029
27.5208 2 4.4 1009.65 3 74.7143 0 0 319.536
27.5417 2 4.7 1009.91 2.9 74.1071 0 0.24525 317.508
27.5625 2 5 1010.16 2.8 73.5 0 0.4905 315.479
27.5833 2 4.95 1010.38 2.75 73.5 0 3.838 314.525
27.6042 2 4.9 1010.6 2.7 73.5 0 7.1855 313.57
27.625 2 4.95 1010.74 2.55 74.875 0 17.8932 310.842
27.6458 2 5 1010.89 2.4 76.25 0 28.601 308.115
27.6667 2 5.25 1011.05 2.15 76.125 0 47.6396 300.186
27.6875 2 5.5 1011.22 1.9 76 0 66.6783 292.258
27.7083 2 5.45 1011.38 1.95 75.75 0 85.0011 293.086
27.7292 2 5.4 1011.53 2 75.5 0 103.324 293.913
27.75 2 5.85 1011.65 1.95 75.1875 0 126.68 294.789
27.7708 2 6.3 1011.77 1.9 74.875 0 150.037 295.666
27.7917 2 6.1 1011.91 1.95 73.625 0 174.747 297.093
27.8125 2 5.9 1012.05 2 72.375 0 199.458 298.52
27.8333 2 6.35 1012.04 2.2 70.375 0 238.415 298.253
27.8542 2 6.8 1012.02 2.4 68.375 0 277.372 297.986
27.875 2 6.8 1012.05 2.55 72.125 0 271.632 297.324
27.8958 2 6.8 1012.07 2.7 75.875 0 265.892 296.663
27.9167 2 6.85 1012.02 2.7 75 0 259.495 303.398
27.9375 2 6.9 1011.97 2.7 74.125 0 253.099 310.133
27.9583 2 6.7 1011.98 2.7 71.75 0 247.269 308.66
27.9792 2 6.5 1011.99 2.7 69.375 0 241.439 307.188
28 2 6.3 1012.06 2.7 71.875 0 250.798 305.904
28.0208 2 6.1 1012.13 2.7 74.375 0 260.157 304.619
28.0417 2 5.65 1012.01 2.6 75.125 0 219.524 294.125
28.0625 2 5.2 1011.89 2.5 75.875 0 178.891 283.631
28.0833 2 5.1 1011.85 2.65 76.125 0 175.949 293.909
28.1042 2 5 1011.81 2.8 76.375 0 173.007 304.186
28.125 2 4.75 1011.71 2.75 76.5625 0 161.723 285.237
28.1458 2 4.5 1011.61 2.7 76.75 0 150.439 266.287
28.1667 2 4.05 1011.54 2.5 76.6875 0 114.318 255.412
28.1875 2 3.6 1011.47 2.3 76.625 0 78.1963 244.537
28.2083 2 3.1 1011.41 2.05 76.9375 0 52.6015 248.889
28.2292 2 2.6 1011.35 1.8 77.25 0 27.0068 253.24
28.25 2 2.25 1011.17 1.6 77.75 0 16.0041 252.671
28.2708 2 1.9 1011 1.4 78.25 0 5.00133 252.102
28.2917 2 1 1010.84 1.1 77.5625 0 2.68633 263.569
28.3125 2 0.1 1010.68 0.8 76.875 0 0.371333 275.036
28.3333 2 0.7 1010.59 0.75 77.125 0 0.185667 293.742
28.3542 2 1.3 1010.5 0.7 77.375 0 0 312.449
28.375 2 1.3 1010.27 1.05 77.4375 0 0 317.77
28.3958 2 1.3 1010.04 1.4 77.5 0 0 323.09
28.4167 2 0.8 1009.76 1.6 77.125 0 0 322.943
28.4375 2 0.3 1009.47 1.8 76.75 0 0 322.796
28.4583 2 0.85 1009.24 2.25 76.3036 0 0 324.661
28.4792 2 1.4 1009.01 2.7 75.8571 0 0 326.526
28.5 2 1.8 1008.78 3.15 76.6161 0 0 328.501
28.5208 2 2.2 1008.54 3.6 77.375 0 0 330.476
28.5417 2 2.55 1008.27 4.1 77.125 0 0.0265833 332.315
28.5625 2 2.9 1008 4.6 76.875 0 0.0531667 334.155
28.5833 2 3.25 1007.71 4.8 77.375 0 0.968583 335.307
28.6042 2 3.6 1007.43 5 77.875 0 1.884 336.46
28.625 2 3.5 1007.16 5.1 77.8125 0 7.89615 336.731
28.6458 2 3.4 1006.88 5.2 77.75 0 13.9083 337.002
28.6667 2 3.05 1006.71 5.3 77.5 0 22.7743 335.901
28.6875 2 2.7 1006.54 5.4 77.25 0 31.6403 334.8
28.7083 2 2.35 1006.29 5.5 76.375 0 45.1721 333.53
28.7292 2 2 1006.05 5.6 75.5 0 58.7038 332.261
28.75 2 1.9 1005.91 5.9 74.3125 0 67.1093 335.981
28.7708 2 1.8 1005.77 6.2 73.125 0 75.5148 339.701
28.7917 2 1.8 1005.61 6.5 72.5625 0 91.4024 342.451
28.8125 2 1.8 1005.45 6.8 72 0 107.29 345.201
28.8333 2 1.85 1005.26 7.2 70.6875 0 149.575 343.724
28.8542 2 1.9 1005.06 7.6 69.375 0 191.86 342.248
28.875 2 2.8 1004.87 7.95 70.125 0 229.579 343.951
28.8958 2 3.7 1004.68 8.3 70.875 0 267.299 345.655
28.9167 2 3.1 1004.57 8.35 71.9375 0 253.491 339.771
28.9375 2 2.5 1004.46 8.4 73 0 239.682 333.888
28.9583 2 1.8 1004.38 8.3 70.6429 0 225.814 334.245
28.9792 2 1.1 1004.29 8.2 68.2857 0 211.946 334.603
29 2 1.85 1004.21 8 70.3095 0 181.907 337.621
29.0208 2 2.6 1004.14 7.8 72.3333 0 151.868 340.639
29.0417 2 4.05 1004.18 7 71.5952 0 141.764 340.638
29.0625 2 5.5 1004.23 6.2 70.8571 0 131.661 340.637
29.0833 2 6.05 1004.36 5.5 71.7142 0 109.936 337.956
29.1042 2 6.6 1004.5 4.8 72.5714 0 88.21 335.275
29.125 2 6.8 1004.66 4.4 74.119 0 78.6272 332.698
29.1458 2 7 1004.82 4 75.6667 0 69.0443 330.12
29.1667 2 6.7 1005.03 3.85 74.8334 0 59.2138 328.126
29.1875 2 6.4 1005.24 3.7 74 0 49.3833 326.132
29.2083 2 5.9 1005.39 3.6 74.5714 0 34.6805 324.169
29.2292 2 5.4 1005.54 3.5 75.1429 0 19.9778 322.206
29.25 2 5.6 1005.65 3.05 76.9286 0 11.6678 320.309
29.2708 2 5.8 1005.75 2.6 78.7143 0 3.35783 318.411
29.2917 2 5.4 1005.85 2.05 81.6905 0 1.72733 313.385
29.3125 2 5 1005.96 1.5 84.6667 0 0.0968333 308.36
29.3333 2 4.65 1006.08 1.2 84.25 0 0.0484167 308.081
29.3542 2 4.3 1006.19 0.9 83.8333 0 0 307.803
29.375 2 4.4 1006.27 0.75 84.4166 0 0 309.254
29.3958 2 4.5 1006.35 0.6 85 0 0 310.704
29.4167 2 4.65 1006.34 0.9 85 0 0 308.523
29.4375 2 4.8 1006.34 1.2 85 0 0 306.342
29.4583 2 4.9 1006.26 1.45 86.3 0 0 299.883
29.4792 2 5 1006.17 1.7 87.6 0 0 293.423
29.5 2 4.9 1006.19 2.1 86.4666 0 0 304.01
29.5208 2 4.8 1006.21 2.5 85.3333 0 0 314.596
29.5417 2 4.9 1006.2 2.65 85.1666 0 0.118916 317.138
29.5625 2 5 1006.19 2.8 85 0 0.237833 319.68
29.5833 2 5.05 1006.24 2.85 85.5834 0 0.760502 320.768
29.6042 2 5.1 1006.3 2.9 86.1667 0 1.28317 321.856
29.625 2 5.05 1006.3 2.9 82.6833 0 7.73643 321.005
29.6458 2 5 1006.3 2.9 79.2 0 14.1897 320.154
29.6667 2 5.2 1006.16 2.9 79.6833 0 30.1963 317.998
29.6875 2 5.4 1006.02 2.9 80.1667 0 46.2028 315.842
29.7083 2 5.3 1006.1 3 80 0 59.7684 317.127
29.7292 2 5.2 1006.18 3.1 79.8333 0 73.334 318.411
29.75 2 5.4 1006.26 3.05 79.25 0 63.812 319.085
29.7708 2 5.6 1006.33 3 78.6667 0 54.29 319.759
29.7917 2 5.95 1006.34 3.2 76.6667 0 104.425 316.704
29.8125 2 6.3 1006.34 3.4 74.6667 0 154.56 313.649
29.8333 2 6.45 1006.32 3.55 75.4048 0 156.624 316.708
29.8542 2 6.6 1006.29 3.7 76.1429 0 158.688 319.768
29.875 2 7.05 1006.26 3.7 78.0714 0 157.535 319.776
29.8958 2 7.5 1006.22 3.7 80 0 156.383 319.784
29.9167 2 7.75 1006.16 3.7 78.5714 0 165.848 319.697
29.9375 2 8 1006.1 3.7 77.1429 0 175.312 319.609
29.9583 2 8.1 1006.16 3.55 76 0 149.142 319.295
29.9792 2 8.2 1006.22 3.4 74.8571 0 122.972 318.981
30 2 8.55 1006.14 3.4 73.8571 0 126.979 316.959
30.0208 2 8.9 1006.05 3.4 72.8571 0 130.986 314.938
30.0417 2 9.15 1005.99 3.3 73.8571 0 119.992 314.93
30.0625 2 9.4 1005.93 3.2 74.8571 0 108.998 314.922
30.0833 2 9.45 1006.04 3.2 75.2857 0 103.554 313.088
30.1042 2 9.5 1006.14 3.2 75.7143 0 98.1108 311.254
30.125 2 9.4 1006.33 3.1 75.4286 0 87.4435 308.277
30.1458 2 9.3 1006.51 3 75.1429 0 76.7762 305.301
30.1667 2 9.05 1006.67 2.9 76.7858 0 54.6912 308.499
30.1875 2 8.8 1006.83 2.8 78.4286 0 32.6062 311.697
30.2083 2 8.9 1006.95 2.65 79.6429 0 23.8899 309.884
30.2292 2 9 1007.06 2.5 80.8571 0 15.1737 308.072
30.25 2 9.05 1007.09 2.45 81 0 9.3996 307.969
30.2708 2 9.1 1007.13 2.4 81.1429 0 3.6255 307.866
30.2917 2 9.15 1007.24 2.35 81.0714 0 1.81 309.255
30.3125 2 9.2 1007.35 2.3 81 0 -0.0055 310.645
30.3333 2 9 1007.58 2.15 83.0714 0 -0.00275 311.738
30.3542 2 8.8 1007.82 2 85.1429 0 0 312.832
30.375 2 8.8 1008.04 1.9 84 0 0 312.854
30.3958 2 8.8 1008.25 1.8 82.8571 0 0 312.875
30.4167 2 8.8 1008.4 1.8 83.2142 0 0 312.197
30.4375 2 8.8 1008.54 1.8 83.5714 0 0 311.518
30.4583 2 8.7 1008.68 1.9 86.619 0 0 311.885
30.4792 2 8.6 1008.82 2 89.6667 0 0 312.253
30.5 2 8.4 1009.03 1.9 89.119 0 0 313.019
30.5208 2 8.2 1009.24 1.8 88.5714 0 0 313.785
30.5417 2 8.25 1009.37 1.8 87.3571 0 0.04125 313.146
30.5625 2 8.3 1009.5 1.8 86.1429 0 0.0825 312.508
30.5833 2 8.35 1009.7 1.8 85.9048 0 1.70534 312.454
30.6042 2 8.4 1009.91 1.8 85.6667 0 3.32817 312.4
30.625 2 8.3 1010.08 1.8 84.75 0 12.2422 311.276
30.6458 2 8.2 1010.25 1.8 83.8333 0 21.1562 310.153
30.6667 2 8.3 1010.33 1.85 84.131 0 29.6472 305.275
30.6875 2 8.4 1010.41 1.9 84.4286 0 38.1382 300.397
30.7083 2 8.5 1010.59 2.1 82.5 0 73.2906 296.555
30.7292 2 8.6 1010.77 2.3 80.5714 0 108.443 292.713
30.75 2 8.55 1010.94 2.5 78.7142 0 133.58 298.25
30.7708 2 8.5 1011.11 2.7 76.8571 0 158.717 303.788
30.7917 2 8.4 1011.24 2.65 76.1429 0 153.048 305.477
30.8125 2 8.3 1011.37 2.6 75.4286 0 147.38 307.165
30.8333 2 8.15 1011.52 2.7 76.7858 0 134.273 309.874
30.8542 2 8 1011.66 2.8 78.1429 0 121.166 312.583
30.875 2 8 1011.78 2.85 78.2143 0 127.018 309.905
30.8958 2 8 1011.9 2.9 78.2857 0 132.869 307.226
30.9167 2 7.85 1011.97 2.85 77.5 0 132.783 307.585
30.9375 2 7.7 1012.05 2.8 76.7143 0 132.696 307.943
30.9583 2 7.85 1012.09 2.85 74.7857 0 161.507 301.662
30.9792 2 8 1012.14 2.9 72.8571 0 190.318 295.382
