0 2 3.9 1002.23 0.25 82.7778 1.09522e-005 564.315 280.276
0.0208333 2 4.4 1002.4 0.3 96 2.19045e-005 638.849 254.663
0.0416667 2 4.55 1002.54 0.4 97 2.21327e-005 578.521 271.059
0.0625 2 4.7 1002.67 0.5 98 2.23608e-005 518.194 287.455
0.0833333 2 4.7 1002.91 0.45 98 2.23608e-005 487.74 282.955
0.104167 2 4.7 1003.16 0.4 98 2.23608e-005 457.287 278.455
0.125 2 4.55 1003.34 0.6 95.5 2.17904e-005 417.831 270.243
0.145833 2 4.4 1003.53 0.8 93 2.122e-005 378.376 262.031
0.166667 2 3.95 1003.69 0.85 91.5 2.08777e-005 361.185 250.905
0.1875 2 3.5 1003.84 0.9 90 2.05354e-005 343.993 239.778
0.208333 2 3.25 1003.97 0.95 89 2.03073e-005 294.454 234.842
0.229167 2 3 1004.11 1 88 2.00791e-005 244.916 229.906
0.25 2 2.95 1004.22 0.75 88 2.00791e-005 205.956 229.194
0.270833 2 2.9 1004.34 0.5 88 2.00791e-005 166.996 228.481
0.291667 2 3.1 1004.52 0.3 86.5 1.97368e-005 135.392 228.301
0.3125 2 3.3 1004.7 0.1 85 1.93946e-005 103.787 228.12
0.333333 2 3.95 1004.88 -0.15 86.5 1.97368e-005 83.943 227.814
0.354167 2 4.6 1005.06 -0.4 88 2.00791e-005 64.099 227.507
0.375 2 4.65 1005.33 -0.8 90.5 2.06495e-005 51.1299 237.793
0.395833 2 4.7 1005.59 -1.2 93 2.122e-005 38.1608 248.078
0.416667 2 5 1005.82 -1.4 94.5 2.15622e-005 30.5046 270.615
0.4375 2 5.3 1006.04 -1.6 96 2.19045e-005 22.8483 293.152
0.458333 2 5.25 1006.21 -1.45 97 2.21327e-005 23.7917 298.36
0.479167 2 5.2 1006.38 -1.3 98 2.23608e-005 24.735 303.568
0.5 2 5.45 1006.47 -1.35 96.5 2.20186e-005 35.1524 302.768
0.520833 2 5.7 1006.57 -1.4 95 2.16763e-005 45.5698 301.968
0.541667 2 5.3 1006.74 -1.3 93.5 2.13341e-005 65.5777 294.456
0.5625 2 4.9 1006.92 -1.2 92 2.09918e-005 85.5855 286.944
0.583333 2 4.65 1007.07 -1.05 91 2.07636e-005 103.488 280.702
0.604167 2 4.4 1007.22 -0.9 90 2.05354e-005 121.391 274.46
0.625 2 4.65 1007.33 -0.7 88.5 2.01932e-005 146.883 277.121
0.645833 2 4.9 1007.45 -0.5 87 1.98509e-005 172.375 279.783
0.666667 2 5.05 1007.49 -0.45 86.5 1.97368e-005 202.003 289.292
0.6875 2 5.2 1007.53 -0.4 86 1.96228e-005 231.631 298.8
0.708333 2 5.15 1007.68 -0.4 86.5 1.97368e-005 261.066 299.979
0.729167 2 5.1 1007.83 -0.4 87 1.98509e-005 290.501 301.159
0.75 2 4.8 1008 -0.3 86.5 1.97368e-005 322.966 302.092
0.770833 2 4.5 1008.17 -0.2 86 1.96228e-005 355.431 303.026
0.791667 2 4.5 1008.36 -0.05 85.5 1.95087e-005 372.44 303.6
0.8125 2 4.5 1008.56 0.1 85 1.93946e-005 389.449 304.175
0.833333 2 4.4 1008.7 0.25 84.5 1.92805e-005 445.718 303.307
0.854167 2 4.3 1008.85 0.4 84 1.91664e-005 501.987 302.44
0.875 2 3.95 1009.03 0.5 84 1.91664e-005 539.964 295.828
0.895833 2 3.6 1009.22 0.6 84 1.91664e-005 577.941 289.215
0.916667 2 3.65 1009.41 0.7 84.5 1.92805e-005 604.5 293.36
0.9375 2 3.7 1009.59 0.8 85 1.93946e-005 631.058 297.505
0.958333 2 3.45 1009.71 0.8 84.5 1.92805e-005 607.206 297.286
0.979167 2 3.2 1009.83 0.8 84 1.91664e-005 583.353 297.067
1 2 2.95 1009.87 0.9 84.5 1.92805e-005 563.466 296.399
1.02083 2 2.7 1009.91 1 85 1.93946e-005 543.579 295.732
1.04167 2 2.45 1009.99 1.1 85.5 1.95087e-005 570.932 270.344
1.0625 2 2.2 1010.07 1.2 86 1.96228e-005 598.285 244.957
1.08333 2 2.1 1010.21 1.4 84.5 1.92805e-005 561.334 237.624
1.10417 2 2 1010.35 1.6 83 1.89382e-005 524.384 230.291
1.125 2 2.05 1010.48 1.6 84.5 1.92805e-005 479.687 231.474
1.14583 2 2.1 1010.62 1.6 86 1.96228e-005 434.99 232.656
1.16667 2 3.25 1010.72 1.1 91 2.07636e-005 380.611 237.568
1.1875 2 4.4 1010.82 0.6 96 2.19045e-005 326.232 242.479
1.20833 2 4.2 1010.9 0.55 96 2.19045e-005 285.289 236.839
1.22917 2 4 1010.98 0.5 96 2.19045e-005 244.347 231.199
1.25 2 3.95 1011.14 0.25 96 2.19045e-005 205.116 230.82
1.27083 2 3.9 1011.29 0 96 2.19045e-005 165.884 230.441
1.29167 2 3.9 1011.53 -0.3 96.5 2.20186e-005 134.94 230.098
1.3125 2 3.9 1011.77 -0.6 97 2.21326e-005 103.996 229.755
1.33333 2 3.65 1011.91 -1 97 2.21326e-005 84.7303 230.029
1.35417 2 3.4 1012.05 -1.4 97 2.21326e-005 65.4647 230.302
1.375 2 3.45 1012.17 -1.8 96.5 2.20186e-005 54.8214 230.292
1.39583 2 3.5 1012.29 -2.2 96 2.19045e-005 44.1782 230.281
1.41667 2 3.6 1012.44 -2.35 95 2.16763e-005 42.0334 230.501
1.4375 2 3.7 1012.59 -2.5 94 2.14481e-005 39.8887 230.721
1.45833 2 3.7 1012.72 -2.6 94 2.14481e-005 45.0415 230.549
1.47917 2 3.7 1012.85 -2.7 94 2.14481e-005 50.1942 230.378
1.5 2 3.55 1012.97 -2.65 94 2.14481e-005 63.1298 232.705
1.52083 2 3.4 1013.1 -2.6 94 2.14481e-005 76.0655 235.032
1.54167 2 3.4 1013.21 -2.05 94.5 2.15622e-005 88.9447 254.011
1.5625 2 3.4 1013.32 -1.5 95 2.16763e-005 101.824 272.99
1.58333 2 3.65 1013.46 -1.1 95 2.16763e-005 130.618 275.539
1.60417 2 3.9 1013.59 -0.7 95 2.16763e-005 159.412 278.088
1.625 2 3.9 1013.69 -0.45 95.5 2.17904e-005 159.928 280.85
1.64583 2 3.9 1013.79 -0.2 96 2.19045e-005 160.445 283.612
1.66667 2 3.9 1013.95 0.05 96 2.19045e-005 205.635 288.247
1.6875 2 3.9 1014.12 0.3 96 2.19045e-005 250.826 292.881
1.70833 2 3.95 1014.24 0.35 96.5 2.20186e-005 281.365 290.635
1.72917 2 4 1014.36 0.4 97 2.21326e-005 311.903 288.388
1.75 2 3.8 1014.51 0.4 97 2.21326e-005 415.825 288.409
1.77083 2 3.6 1014.65 0.4 97 2.21326e-005 519.747 288.429
1.79167 2 4.1 1014.79 0.45 96.5 2.20186e-005 518.043 293.972
1.8125 2 4.6 1014.92 0.5 96 2.19045e-005 516.339 299.516
1.83333 2 4.7 1015.01 0.45 95.5 2.17904e-005 568.74 292.199
1.85417 2 4.8 1015.09 0.4 95 2.16763e-005 621.14 284.882
1.875 2 5 1015.2 0.4 94.5 2.15622e-005 657.212 284.546
1.89583 2 5.2 1015.31 0.4 94 2.14481e-005 693.283 284.21
1.91667 2 5.2 1015.38 0.45 94 2.14481e-005 709.716 278.745
1.9375 2 5.2 1015.45 0.5 94 2.14481e-005 726.149 273.28
1.95833 2 5.3 1015.56 0.5 94 2.14481e-005 637.954 281.849
1.97917 2 5.4 1015.67 0.5 94 2.14481e-005 549.759 290.418
2 2 5.55 1015.71 0.5 94.5 2.15622e-005 587.83 278.334
2.02083 2 5.7 1015.75 0.5 95 2.16763e-005 625.902 266.25
2.04167 2 5.75 1015.81 0.6 95 2.16763e-005 581.499 280.792
2.0625 2 5.8 1015.87 0.7 95 2.16763e-005 537.096 295.334
2.08333 2 5.65 1015.93 0.65 95 2.16763e-005 439.122 301.95
2.10417 2 5.5 1016 0.6 95 2.16763e-005 341.148 308.565
2.125 2 5.55 1016.11 0.6 95 2.16763e-005 297.312 309.974
2.14583 2 5.6 1016.22 0.6 95 2.16763e-005 253.476 311.382
2.16667 2 5.6 1016.35 0.6 95.5 2.17904e-005 230.927 311.499
2.1875 2 5.6 1016.49 0.6 96 2.19045e-005 208.378 311.616
2.20833 2 5.45 1016.57 0.5 96.5 2.20186e-005 141.531 312.289
2.22917 2 5.3 1016.66 0.4 97 2.21326e-005 74.6845 312.963
2.25 2 5.25 1016.64 0.4 97 2.21326e-005 77.0697 312.211
2.27083 2 5.2 1016.61 0.4 97 2.21326e-005 79.4548 311.459
2.29167 2 5.65 1016.78 0.3 98 2.23608e-005 66.6068 311.308
2.3125 2 6.1 1016.94 0.2 99 2.2589e-005 53.7588 311.157
2.33333 2 6 1017.08 0.05 98.5 2.24749e-005 45.0079 305.052
2.35417 2 5.9 1017.21 -0.1 98 2.23608e-005 36.257 298.947
2.375 2 5.75 1017.33 -0.2 97.5 2.22467e-005 30.3633 299.013
2.39583 2 5.6 1017.44 -0.3 97 2.21326e-005 24.4697 299.079
2.41667 2 5.25 1017.46 -0.35 97.5 2.22467e-005 24.227 298.691
2.4375 2 4.9 1017.49 -0.4 98 2.23608e-005 23.9843 298.303
2.45833 2 4.9 1017.57 -0.4 98 2.23608e-005 23.069 303.378
2.47917 2 4.9 1017.66 -0.4 98 2.23608e-005 22.1538 308.453
2.5 2 4.95 1017.69 -0.4 98.5 2.24749e-005 27.8559 304.242
2.52083 2 5 1017.73 -0.4 99 2.2589e-005 33.558 300.032
2.54167 2 4.85 1017.83 -0.35 98 2.23608e-005 40.799 301.799
2.5625 2 4.7 1017.93 -0.3 97 2.21326e-005 48.04 303.567
2.58333 2 4.4 1018.03 -0.2 96.5 2.20186e-005 60.3369 303.495
2.60417 2 4.1 1018.13 -0.1 96 2.19045e-005 72.6338 303.423
2.625 2 3.95 1018.28 0 95.5 2.17904e-005 83.205 306.224
2.64583 2 3.8 1018.43 0.1 95 2.16763e-005 93.7762 309.025
2.66667 2 3.6 1018.58 0.15 95 2.16763e-005 110.579 308.756
2.6875 2 3.4 1018.74 0.2 95 2.16763e-005 127.381 308.487
2.70833 2 3.85 1018.83 0.3 94 2.14481e-005 213.53 300.395
2.72917 2 4.3 1018.92 0.4 93 2.122e-005 299.678 292.302
2.75 2 4.5 1019.03 0.5 92 2.09918e-005 346.188 293.751
2.77083 2 4.7 1019.14 0.6 91 2.07636e-005 392.698 295.201
2.79167 2 4.85 1019.24 0.65 90.5 2.06495e-005 412.279 300.077
2.8125 2 5 1019.34 0.7 90 2.05354e-005 431.861 304.953
2.83333 2 4.75 1019.5 0.75 90.5 2.06495e-005 459.073 300.825
2.85417 2 4.5 1019.66 0.8 91 2.07636e-005 486.286 296.697
2.875 2 4.2 1019.85 0.85 92 2.09918e-005 491.456 296.342
2.89583 2 3.9 1020.05 0.9 93 2.122e-005 496.626 295.988
2.91667 2 3.9 1020.14 0.9 93.5 2.13341e-005 496.293 299.314
2.9375 2 3.9 1020.23 0.9 94 2.14481e-005 495.96 302.639
2.95833 2 3.8 1020.36 0.85 94 2.14481e-005 464.579 305.486
2.97917 2 3.7 1020.49 0.8 94 2.14481e-005 433.198 308.333
3 2 3.6 1020.59 0.75 93.5 2.13341e-005 414.836 308.479
3.02083 2 3.5 1020.7 0.7 93 2.122e-005 396.473 308.624
3.04167 2 3.4 1020.79 0.55 93 2.122e-005 371.482 307.237
3.0625 2 3.3 1020.88 0.4 93 2.122e-005 346.491 305.85
3.08333 2 3.3 1020.96 0.35 92.5 2.11059e-005 346.659 305.212
3.10417 2 3.3 1021.04 0.3 92 2.09918e-005 346.828 304.574
3.125 2 3.2 1021.12 0.25 93.5 2.13341e-005 305.326 305.055
3.14583 2 3.1 1021.2 0.2 95 2.16763e-005 263.823 305.535
3.16667 2 3.4 1021.29 -0.05 96.5 2.20186e-005 259.776 294.643
3.1875 2 3.7 1021.37 -0.3 98 2.23608e-005 255.728 283.752
3.20833 2 3.6 1021.47 -0.45 98.5 2.24749e-005 237.22 274.653
3.22917 2 3.5 1021.57 -0.6 99 2.2589e-005 218.712 265.553
3.25 2 3.55 1021.62 -0.85 99 2.2589e-005 180.665 256.01
3.27083 2 3.6 1021.67 -1.1 99 2.2589e-005 142.618 246.468
3.29167 2 3.35 1021.76 -1.25 98.5 2.24749e-005 117.498 250.266
3.3125 2 3.1 1021.85 -1.4 98 2.23608e-005 92.3783 254.064
3.33333 2 2.75 1022.01 -1.55 98 2.23608e-005 79.4918 247.311
3.35417 2 2.4 1022.16 -1.7 98 2.23608e-005 66.6053 240.559
3.375 2 2.3 1022.27 -1.85 98 2.23608e-005 56.3983 235.462
3.39583 2 2.2 1022.37 -2 98 2.23608e-005 46.1913 230.365
3.41667 2 2.3 1022.47 -2.05 97.5 2.22467e-005 43.9776 229.695
3.4375 2 2.4 1022.57 -2.1 97 2.21326e-005 41.764 229.024
3.45833 2 2.65 1022.55 -2.05 97 2.21326e-005 47.1391 228.911
3.47917 2 2.9 1022.54 -2 97 2.21326e-005 52.5142 228.798
3.5 2 3 1022.51 -2 97 2.21326e-005 65.8815 228.607
3.52083 2 3.1 1022.47 -2 97 2.21326e-005 79.2488 228.416
3.54167 2 2.95 1022.55 -1.95 97 2.21326e-005 99.9244 228.441
3.5625 2 2.8 1022.63 -1.9 97 2.21326e-005 120.6 228.466
3.58333 2 3.05 1022.66 -1.75 97 2.21326e-005 153.721 228.505
3.60417 2 3.3 1022.69 -1.6 97 2.21326e-005 186.841 228.544
3.625 2 3.6 1022.76 -1.45 97 2.21326e-005 240.18 229.46
3.64583 2 3.9 1022.82 -1.3 97 2.21326e-005 293.52 230.376
3.66667 2 4.2 1022.84 -1.1 96.5 2.20186e-005 329.841 232.724
3.6875 2 4.5 1022.87 -0.9 96 2.19045e-005 366.163 235.071
3.70833 2 4.7 1022.89 -0.6 96 2.19045e-005 411.999 237.904
3.72917 2 4.9 1022.91 -0.3 96 2.19045e-005 457.835 240.736
3.75 2 5.05 1022.94 -0.1 95.5 2.17904e-005 499.68 243.308
3.77083 2 5.2 1022.98 0.1 95 2.16763e-005 541.526 245.88
3.79167 2 4.95 1023.16 0.2 95.5 2.17904e-005 579.098 248.185
3.8125 2 4.7 1023.33 0.3 96 2.19045e-005 616.669 250.49
3.83333 2 4.55 1023.42 0.4 96.5 2.20186e-005 638.434 256.587
3.85417 2 4.4 1023.51 0.5 97 2.21326e-005 660.199 262.684
3.875 2 4.6 1023.43 0.35 97.5 2.22467e-005 649.834 274.43
3.89583 2 4.8 1023.35 0.2 98 2.23608e-005 639.47 286.176
3.91667 2 5.1 1023.3 0.3 98 2.23608e-005 655.022 282.003
3.9375 2 5.4 1023.26 0.4 98 2.23608e-005 670.575 277.83
3.95833 2 5.65 1023.2 0.4 98 2.23608e-005 676.117 269.819
3.97917 2 5.9 1023.14 0.4 98 2.23608e-005 681.66 261.809
4 2 5.7 1023.07 0.4 98 2.23608e-005 658.665 261.727
4.02083 2 5.5 1022.99 0.4 98 2.23608e-005 635.67 261.646
4.04167 2 5.65 1022.9 0.3 97.5 2.22467e-005 569.814 265.876
4.0625 2 5.8 1022.8 0.2 97 2.21326e-005 503.958 270.106
4.08333 2 5.6 1022.84 0.15 97 2.21326e-005 429.45 274.068
4.10417 2 5.4 1022.88 0.1 97 2.21326e-005 354.941 278.029
4.125 2 5.3 1022.86 0 97 2.21326e-005 314.919 275.74
4.14583 2 5.2 1022.85 -0.1 97 2.21326e-005 274.896 273.452
4.16667 2 5.2 1022.84 -0.1 97 2.21326e-005 255.58 274.101
4.1875 2 5.2 1022.83 -0.1 97 2.21326e-005 236.264 274.75
4.20833 2 5 1022.84 -0.2 97.5 2.22467e-005 188.79 270.372
4.22917 2 4.8 1022.86 -0.3 98 2.23608e-005 141.316 265.994
4.25 2 4.65 1022.84 -0.45 98 2.23608e-005 114.135 259.232
4.27083 2 4.5 1022.83 -0.6 98 2.23608e-005 86.9532 252.47
4.29167 2 4.85 1022.89 -0.7 98 2.23608e-005 68.0077 248.941
4.3125 2 5.2 1022.94 -0.8 98 2.23608e-005 49.0622 245.413
4.33333 2 5.15 1023 -0.95 97.5 2.22467e-005 49.5257 249.658
4.35417 2 5.1 1023.06 -1.1 97 2.21326e-005 49.9892 253.902
4.375 2 4.85 1022.99 -1.25 97.5 2.22467e-005 39.2695 260.018
4.39583 2 4.6 1022.93 -1.4 98 2.23608e-005 28.5498 266.134
4.41667 2 4.65 1022.84 -1.4 98 2.23608e-005 28.3694 270.769
4.4375 2 4.7 1022.76 -1.4 98 2.23608e-005 28.189 275.404
4.45833 2 4.8 1022.69 -1.3 98.5 2.24749e-005 30.5616 284.318
4.47917 2 4.9 1022.62 -1.2 99 2.2589e-005 32.9342 293.232
4.5 2 4.95 1022.72 -1.2 99 2.2589e-005 41.6378 295.667
4.52083 2 5 1022.82 -1.2 99 2.2589e-005 50.3415 298.102
4.54167 2 4.85 1022.9 -1.1 98.5 2.24749e-005 66.8709 300.76
4.5625 2 4.7 1022.98 -1 98 2.23608e-005 83.4003 303.418
4.58333 2 4.6 1022.89 -1 98.5 2.24749e-005 72.1408 303.382
4.60417 2 4.5 1022.8 -1 99 2.2589e-005 60.8813 303.345
4.625 2 4.95 1022.72 -0.95 99 2.2589e-005 73.777 302.935
4.64583 2 5.4 1022.65 -0.9 99 2.2589e-005 86.6727 302.524
4.66667 2 5.4 1022.68 -0.8 99 2.2589e-005 100.475 303.898
4.6875 2 5.4 1022.71 -0.7 99 2.2589e-005 114.277 305.272
4.70833 2 5.2 1022.77 -0.65 98.5 2.24749e-005 114.973 306.377
4.72917 2 5 1022.82 -0.6 98 2.23608e-005 115.67 307.482
4.75 2 5.4 1022.75 -0.6 98.5 2.24749e-005 116.298 308.315
4.77083 2 5.8 1022.68 -0.6 99 2.2589e-005 116.925 309.148
4.79167 2 6.3 1022.5 -0.45 98.5 2.24749e-005 166.404 309.279
4.8125 2 6.8 1022.32 -0.3 98 2.23608e-005 215.883 309.409
4.83333 2 7.2 1022.3 -0.2 97.5 2.22467e-005 261.403 308.997
4.85417 2 7.6 1022.29 -0.1 97 2.21326e-005 306.923 308.585
4.875 2 7.55 1022.41 0 96 2.19045e-005 315.857 308.891
4.89583 2 7.5 1022.52 0.1 95 2.16763e-005 324.792 309.198
4.91667 2 7.4 1022.52 0.15 96 2.19045e-005 321.451 310.29
4.9375 2 7.3 1022.52 0.2 97 2.21326e-005 318.111 311.382
4.95833 2 7.25 1022.54 0.25 97.5 2.22467e-005 263.871 311.938
4.97917 2 7.2 1022.56 0.3 98 2.23608e-005 209.631 312.495
5 2 6.85 1022.58 0.3 98.5 2.24749e-005 183.203 312.925
5.02083 2 6.5 1022.6 0.3 99 2.2589e-005 156.775 313.356
5.04167 2 6.5 1022.58 0.35 99 2.2589e-005 160.214 313.734
5.0625 2 6.5 1022.57 0.4 99 2.2589e-005 163.653 314.112
5.08333 2 6.6 1022.54 0.4 99 2.2589e-005 146.482 314.256
5.10417 2 6.7 1022.51 0.4 99 2.2589e-005 129.31 314.4
5.125 2 6.65 1022.52 0.4 99.5 2.27031e-005 121.081 314.455
5.14583 2 6.6 1022.52 0.4 100 2.28172e-005 112.852 314.51
5.16667 2 6.85 1022.6 0.35 100 2.28172e-005 113.04 314.052
5.1875 2 7.1 1022.68 0.3 100 2.28172e-005 113.228 313.594
5.20833 2 7.65 1022.67 0.25 99.5 2.27031e-005 93.6714 313.091
5.22917 2 8.2 1022.66 0.2 99 2.2589e-005 74.1148 312.588
5.25 2 7.85 1022.85 0.15 99 2.2589e-005 56.3653 312.608
5.27083 2 7.5 1023.04 0.1 99 2.2589e-005 38.6158 312.628
5.29167 2 7.6 1023.24 0 99 2.2589e-005 33.5326 312.182
5.3125 2 7.7 1023.44 -0.1 99 2.2589e-005 28.4495 311.737
5.33333 2 7.55 1023.76 -0.15 98.5 2.24749e-005 21.8974 311.387
5.35417 2 7.4 1024.07 -0.2 98 2.23608e-005 15.3453 311.037
5.375 2 7.3 1024.21 -0.3 98.5 2.24749e-005 12.9358 310.748
5.39583 2 7.2 1024.36 -0.4 99 2.2589e-005 10.5262 310.459
5.41667 2 7.75 1024.32 -0.45 99 2.2589e-005 9.47026 310.159
5.4375 2 8.3 1024.29 -0.5 99 2.2589e-005 8.41433 309.858
5.45833 2 8.6 1024.21 -0.5 99 2.2589e-005 11.9292 309.656
5.47917 2 8.9 1024.13 -0.5 99 2.2589e-005 15.444 309.455
5.5 2 9.05 1024.28 -0.55 98.5 2.24749e-005 15.4309 309.037
5.52083 2 9.2 1024.44 -0.6 98 2.23608e-005 15.4177 308.62
5.54167 2 8.9 1024.59 -0.6 97.5 2.22467e-005 29.1073 308.495
5.5625 2 8.6 1024.74 -0.6 97 2.21326e-005 42.7968 308.369
5.58333 2 8.7 1024.79 -0.65 97 2.21326e-005 59.3201 308.335
5.60417 2 8.8 1024.85 -0.7 97 2.21326e-005 75.8435 308.301
5.625 2 8.85 1024.96 -0.7 97.5 2.22467e-005 79.6998 308.267
5.64583 2 8.9 1025.07 -0.7 98 2.23608e-005 83.5562 308.233
5.66667 2 8.6 1025.09 -0.65 98 2.23608e-005 112.909 308.277
5.6875 2 8.3 1025.12 -0.6 98 2.23608e-005 142.262 308.321
5.70833 2 8.2 1025.21 -0.6 98 2.23608e-005 159.4 308.283
5.72917 2 8.1 1025.3 -0.6 98 2.23608e-005 176.538 308.245
5.75 2 7.5 1025.53 -0.5 97.5 2.22467e-005 196.414 308.681
5.77083 2 6.9 1025.75 -0.4 97 2.21326e-005 216.29 309.117
5.79167 2 6.95 1025.84 -0.35 97 2.21326e-005 221.331 309.075
5.8125 2 7 1025.94 -0.3 97 2.21326e-005 226.371 309.033
5.83333 2 6.9 1025.98 -0.3 97 2.21326e-005 258.573 309.022
5.85417 2 6.8 1026.03 -0.3 97 2.21326e-005 290.776 309.012
5.875 2 6.75 1026.05 -0.2 96 2.19045e-005 305.239 308.76
5.89583 2 6.7 1026.06 -0.1 95 2.16763e-005 319.702 308.508
5.91667 2 6.7 1026.01 -0.1 95 2.16763e-005 305.962 308.673
5.9375 2 6.7 1025.96 -0.1 95 2.16763e-005 292.222 308.839
5.95833 2 6.7 1025.91 -0.1 95 2.16763e-005 297.459 308.712
5.97917 2 6.7 1025.86 -0.1 95 2.16763e-005 302.696 308.585
6 2 6.7 1025.85 0.05 93.5 2.13341e-005 378.341 302.871
6.02083 2 6.7 1025.85 0.2 92 2.09918e-005 453.985 297.157
6.04167 2 6.6 1025.96 0.35 91 2.07636e-005 485.234 287.496
6.0625 2 6.5 1026.07 0.5 90 2.05354e-005 516.483 277.835
6.08333 2 6.65 1026.05 0.5 90 2.05354e-005 509.882 265.311
6.10417 2 6.8 1026.04 0.5 90 2.05354e-005 503.281 252.787
6.125 2 6.8 1025.97 0.55 90 2.05354e-005 444.743 261.023
6.14583 2 6.8 1025.9 0.6 90 2.05354e-005 386.205 269.259
6.16667 2 6.2 1025.95 0.55 92.5 2.11059e-005 303.322 284.646
6.1875 2 5.6 1025.99 0.5 95 2.16763e-005 220.439 300.033
6.20833 2 5.95 1025.92 0.45 96 2.19045e-005 152.413 306.31
6.22917 2 6.3 1025.84 0.4 97 2.21326e-005 84.3877 312.588
6.25 2 6.85 1025.85 0.35 96.5 2.20186e-005 71.6554 312.217
6.27083 2 7.4 1025.87 0.3 96 2.19045e-005 58.9232 311.847
6.29167 2 6.95 1025.81 0.3 96.5 2.20186e-005 46.6742 312.112
6.3125 2 6.5 1025.76 0.3 97 2.21326e-005 34.4252 312.377
6.33333 2 6.1 1025.79 0.25 96.5 2.20186e-005 28.5712 312.106
6.35417 2 5.7 1025.83 0.2 96 2.19045e-005 22.7172 311.835
6.375 2 5.1 1025.94 0.2 96 2.19045e-005 19.5967 311.719
6.39583 2 4.5 1026.04 0.2 96 2.19045e-005 16.4763 311.602
6.41667 2 4.25 1025.98 0.15 96 2.19045e-005 16.9521 308.204
6.4375 2 4 1025.92 0.1 96 2.19045e-005 17.428 304.807
6.45833 2 3.75 1025.85 0.05 96.5 2.20186e-005 22.9869 300.132
6.47917 2 3.5 1025.79 0 97 2.21326e-005 28.5458 295.456
6.5 2 3.3 1025.76 0 97 2.21326e-005 36.5616 297.28
6.52083 2 3.1 1025.73 0 97 2.21326e-005 44.5773 299.104
6.54167 2 3.1 1025.75 0 96.5 2.20186e-005 57.3283 298.224
6.5625 2 3.1 1025.77 0 96 2.19045e-005 70.0793 297.344
6.58333 2 3.7 1025.66 0.05 95.5 2.17904e-005 101.053 294.48
6.60417 2 4.3 1025.55 0.1 95 2.16763e-005 132.027 291.617
6.625 2 5 1025.54 0.1 95.5 2.17904e-005 152.125 292.608
6.64583 2 5.7 1025.53 0.1 96 2.19045e-005 172.224 293.599
6.66667 2 6 1025.5 0.1 96 2.19045e-005 215.584 287.596
6.6875 2 6.3 1025.47 0.1 96 2.19045e-005 258.944 281.593
6.70833 2 6.5 1025.41 0.2 96.5 2.20186e-005 307.047 285.839
6.72917 2 6.7 1025.35 0.3 97 2.21326e-005 355.149 290.085
6.75 2 6.65 1025.23 0.4 97.5 2.22467e-005 344.958 296.005
6.77083 2 6.6 1025.11 0.5 98 2.23608e-005 334.767 301.924
6.79167 2 6.75 1025.07 0.55 97 2.21327e-005 382.18 303.409
6.8125 2 6.9 1025.04 0.6 96 2.19045e-005 429.594 304.893
6.83333 2 6.8 1024.99 0.75 95.5 2.17904e-005 430.751 308.007
6.85417 2 6.7 1024.95 0.9 95 2.16763e-005 431.909 311.12
6.875 2 6.5 1024.9 1.05 94.5 2.15622e-005 413.902 313.115
6.89583 2 6.3 1024.84 1.2 94 2.14481e-005 395.895 315.11
6.91667 2 6.45 1024.74 1.35 93 2.122e-005 404.283 315.417
6.9375 2 6.6 1024.64 1.5 92 2.09918e-005 412.671 315.724
6.95833 2 7 1024.48 1.65 91.5 2.08777e-005 429.86 315.459
6.97917 2 7.4 1024.31 1.8 91 2.07636e-005 447.049 315.194
7 2 7.4 1024.24 1.7 91.5 2.08777e-005 403.044 315.73
7.02083 2 7.4 1024.17 1.6 92 2.09918e-005 359.04 316.267
7.04167 2 7.5 1024.09 1.55 92 2.09918e-005 316.763 316.311
7.0625 2 7.6 1024.02 1.5 92 2.09918e-005 274.485 316.355
7.08333 2 7.6 1024.01 1.45 92.5 2.11059e-005 253.392 316.338
7.10417 2 7.6 1023.99 1.4 93 2.122e-005 232.3 316.321
7.125 2 7.45 1023.9 1.5 92.5 2.11059e-005 258.581 315.117
7.14583 2 7.3 1023.81 1.6 92 2.09918e-005 284.862 313.914
7.16667 2 7.6 1023.65 1.45 92.5 2.11059e-005 237.738 314.057
7.1875 2 7.9 1023.49 1.3 93 2.122e-005 190.615 314.201
7.20833 2 8.2 1023.4 1.2 94 2.14481e-005 157.822 314.287
7.22917 2 8.5 1023.3 1.1 95 2.16763e-005 125.028 314.374
7.25 2 8.55 1023.22 1.05 95 2.16763e-005 99.7869 313.667
7.27083 2 8.6 1023.14 1 95 2.16763e-005 74.5458 312.959
7.29167 2 9 1023.09 0.9 96 2.19045e-005 59.3623 313.768
7.3125 2 9.4 1023.04 0.8 97 2.21326e-005 44.1787 314.578
7.33333 2 9.1 1023.17 0.75 97 2.21326e-005 34.9125 314.739
7.35417 2 8.8 1023.31 0.7 97 2.21326e-005 25.6463 314.9
7.375 2 7.95 1023.27 0.8 96.5 2.20186e-005 23.9368 314.591
7.39583 2 7.1 1023.22 0.9 96 2.19045e-005 22.2273 314.282
7.41667 2 7.55 1023.15 0.85 96 2.19045e-005 19.9994 314.391
7.4375 2 8 1023.07 0.8 96 2.19045e-005 17.7715 314.5
7.45833 2 7.9 1022.97 0.8 96 2.19045e-005 23.1483 309.846
7.47917 2 7.8 1022.88 0.8 96 2.19045e-005 28.5252 305.193
7.5 2 7.9 1022.8 0.8 95.5 2.17904e-005 34.4188 306.154
7.52083 2 8 1022.73 0.8 95 2.16763e-005 40.3123 307.114
7.54167 2 7.9 1022.63 0.8 94.5 2.15622e-005 68.2054 287.901
7.5625 2 7.8 1022.52 0.8 94 2.14481e-005 96.0984 268.689
7.58333 2 8.05 1022.4 0.8 94 2.14481e-005 100.35 282.63
7.60417 2 8.3 1022.28 0.8 94 2.14481e-005 104.602 296.57
7.625 2 8.1 1022.26 0.85 94 2.14481e-005 141.053 294.157
7.64583 2 7.9 1022.23 0.9 94 2.14481e-005 177.504 291.744
7.66667 2 8.05 1022.16 0.9 94 2.14481e-005 177.965 301.913
7.6875 2 8.2 1022.1 0.9 94 2.14481e-005 178.425 312.082
7.70833 2 7.85 1022.09 1.05 93.5 2.13341e-005 228.918 308.889
7.72917 2 7.5 1022.08 1.2 93 2.122e-005 279.412 305.696
7.75 2 7.8 1021.99 1.5 91.5 2.08777e-005 397.193 281.754
7.77083 2 8.1 1021.9 1.8 90 2.05354e-005 514.974 257.812
7.79167 2 8.2 1021.86 1.9 90 2.05354e-005 537.367 263.738
7.8125 2 8.3 1021.82 2 90 2.05354e-005 559.76 269.664
7.83333 2 8.25 1021.83 2.05 89.5 2.04214e-005 599.553 264.727
7.85417 2 8.2 1021.83 2.1 89 2.03073e-005 639.347 259.79
7.875 2 8.3 1021.73 2.15 88.5 2.01932e-005 663.451 259.174
7.89583 2 8.4 1021.64 2.2 88 2.00791e-005 687.555 258.557
7.91667 2 8.25 1021.5 2.25 88 2.00791e-005 684.183 258.969
7.9375 2 8.1 1021.36 2.3 88 2.00791e-005 680.811 259.381
7.95833 2 8.05 1021.27 2.35 87.5 1.9965e-005 678.594 259.445
7.97917 2 8 1021.17 2.4 87 1.98509e-005 676.378 259.509
8 2 8 1021.15 2.45 87 1.98509e-005 656.827 258.37
8.02083 2 8 1021.13 2.5 87 1.98509e-005 637.275 257.23
8.04167 2 8.35 1021.04 2.45 87 1.98509e-005 604.971 256.969
8.0625 2 8.7 1020.95 2.4 87 1.98509e-005 572.666 256.707
8.08333 2 8.55 1020.89 2.35 87 1.98509e-005 538.382 256.129
8.10417 2 8.4 1020.83 2.3 87 1.98509e-005 504.098 255.551
8.125 2 8.6 1020.83 2.3 87 1.98509e-005 464.628 254.918
8.14583 2 8.8 1020.83 2.3 87 1.98509e-005 425.159 254.285
8.16667 2 8.6 1020.83 2.3 87 1.98509e-005 379.798 254.479
8.1875 2 8.4 1020.82 2.3 87 1.98509e-005 334.438 254.674
8.20833 2 8.4 1020.83 2.2 87.5 1.9965e-005 285.598 252.974
8.22917 2 8.4 1020.85 2.1 88 2.00791e-005 236.757 251.275
8.25 2 8.6 1020.85 1.95 89 2.03073e-005 201.094 249.48
8.27083 2 8.8 1020.86 1.8 90 2.05354e-005 165.431 247.686
8.29167 2 8.9 1020.85 1.75 90 2.05354e-005 142.68 247.229
8.3125 2 9 1020.85 1.7 90 2.05354e-005 119.93 246.772
8.33333 2 9.3 1020.8 1.65 89.5 2.04214e-005 92.1828 245.646
8.35417 2 9.6 1020.75 1.6 89 2.03073e-005 64.4355 244.519
8.375 2 9.5 1020.79 1.6 89.5 2.04214e-005 56.4876 243.723
8.39583 2 9.4 1020.82 1.6 90 2.05354e-005 48.5397 242.926
8.41667 2 9.55 1020.76 1.55 90 2.05354e-005 46.9637 242.914
8.4375 2 9.7 1020.69 1.5 90 2.05354e-005 45.3878 242.903
8.45833 2 9.75 1020.55 1.45 89 2.03073e-005 51.8826 241.896
8.47917 2 9.8 1020.42 1.4 88 2.00791e-005 58.3775 240.889
8.5 2 9.75 1020.17 1.35 88.5 2.01932e-005 60.9138 246.493
8.52083 2 9.7 1019.93 1.3 89 2.03073e-005 63.4502 252.097
8.54167 2 10 1019.7 1.45 89 2.03073e-005 66.2787 278.999
8.5625 2 10.3 1019.48 1.6 89 2.03073e-005 69.1073 305.901
8.58333 2 10.3 1019.28 1.8 88 2.00791e-005 91.5437 304.909
8.60417 2 10.3 1019.08 2 87 1.98509e-005 113.98 303.917
8.625 2 10.45 1018.89 2.15 86.5 1.97368e-005 132.598 304.471
8.64583 2 10.6 1018.7 2.3 86 1.96228e-005 151.217 305.025
8.66667 2 10.6 1018.54 2.25 86.5 1.97368e-005 116.889 313.9
8.6875 2 10.6 1018.37 2.2 87 1.98509e-005 82.5602 322.775
8.70833 2 10.45 1018.27 2.15 87.5 1.9965e-005 74.0435 323.13
8.72917 2 10.3 1018.16 2.1 88 2.00791e-005 65.5267 323.484
8.75 2 10.2 1018.02 2.1 88 2.00791e-005 80.8421 324.044
8.77083 2 10.1 1017.87 2.1 88 2.00791e-005 96.1575 324.605
8.79167 2 10.15 1017.71 2.2 87.5 1.9965e-005 126.545 324.922
8.8125 2 10.2 1017.56 2.3 87 1.98509e-005 156.932 325.24
8.83333 2 10.3 1017.46 2.35 86.5 1.97368e-005 199.389 325.206
8.85417 2 10.4 1017.36 2.4 86 1.96228e-005 241.846 325.173
8.875 2 10.4 1017.24 2.45 86 1.96228e-005 258.495 324.808
8.89583 2 10.4 1017.13 2.5 86 1.96228e-005 275.144 324.443
8.91667 2 10.55 1016.98 2.6 85 1.93946e-005 315.979 324.427
8.9375 2 10.7 1016.84 2.7 84 1.91664e-005 356.814 324.411
8.95833 2 10.45 1016.9 2.75 84 1.91664e-005 342.245 324.307
8.97917 2 10.2 1016.95 2.8 84 1.91664e-005 327.675 324.202
9 2 9.85 1016.95 2.7 84.5 1.92805e-005 321.819 323.878
9.02083 2 9.5 1016.95 2.6 85 1.93946e-005 315.964 323.554
9.04167 2 9.65 1016.92 2.65 84.5 1.92805e-005 299.751 323.959
9.0625 2 9.8 1016.88 2.7 84 1.91664e-005 283.538 324.365
9.08333 2 9.6 1016.93 2.55 85 1.93946e-005 223.822 325.203
9.10417 2 9.4 1016.99 2.4 86 1.96228e-005 164.105 326.041
9.125 2 9.15 1017.05 2.25 87 1.98509e-005 134.199 326.059
9.14583 2 8.9 1017.11 2.1 88 2.00791e-005 104.293 326.077
9.16667 2 8.75 1017.12 2.1 87.5 1.9965e-005 102.889 324.268
9.1875 2 8.6 1017.13 2.1 87 1.98509e-005 101.486 322.46
9.20833 2 8.5 1017.26 2.2 86.5 1.97368e-005 124.91 312.363
9.22917 2 8.4 1017.38 2.3 86 1.96228e-005 148.333 302.266
9.25 2 8.7 1017.43 2.25 86 1.96228e-005 119.793 310.781
9.27083 2 9 1017.48 2.2 86 1.96228e-005 91.2535 319.297
9.29167 2 9.05 1017.56 2.15 85.5 1.95087e-005 62.2887 322.204
9.3125 2 9.1 1017.64 2.1 85 1.93946e-005 33.3238 325.111
9.33333 2 9.55 1017.68 2.05 84.5 1.92805e-005 24.8609 324.826
9.35417 2 10 1017.71 2 84 1.91664e-005 16.398 324.54
9.375 2 9.95 1017.77 1.9 85 1.93946e-005 14.6931 321.643
9.39583 2 9.9 1017.82 1.8 86 1.96228e-005 12.9882 318.747
9.41667 2 9.7 1017.95 1.7 86.5 1.97368e-005 13.0648 317.634
9.4375 2 9.5 1018.07 1.6 87 1.98509e-005 13.1413 316.521
9.45833 2 9.35 1018.3 1.55 88 2.00791e-005 12.5051 319.73
9.47917 2 9.2 1018.52 1.5 89 2.03073e-005 11.8688 322.94
9.5 2 8.9 1018.61 1.45 89.5 2.04214e-005 14.8994 321.76
9.52083 2 8.6 1018.7 1.4 90 2.05354e-005 17.93 320.581
9.54167 2 8.95 1018.67 1.4 89.5 2.04214e-005 26.2232 318.896
9.5625 2 9.3 1018.64 1.4 89 2.03073e-005 34.5163 317.212
9.58333 2 9.25 1018.63 1.5 88.5 2.01932e-005 59.0406 311.057
9.60417 2 9.2 1018.62 1.6 88 2.00791e-005 83.565 304.903
9.625 2 8.95 1018.67 1.7 87.5 1.9965e-005 102.604 291.617
9.64583 2 8.7 1018.72 1.8 87 1.98509e-005 121.642 278.33
9.66667 2 8.5 1018.82 1.9 86.5 1.97368e-005 151.988 282.924
9.6875 2 8.3 1018.92 2 86 1.96228e-005 182.334 287.519
9.70833 2 8.45 1018.95 2.05 86 1.96228e-005 198.43 280.664
9.72917 2 8.6 1018.98 2.1 86 1.96228e-005 214.527 273.81
9.75 2 8.85 1019.07 2.35 85.5 1.95087e-005 285.289 278.438
9.77083 2 9.1 1019.15 2.6 85 1.93946e-005 356.052 283.067
9.79167 2 8.8 1019.39 2.65 84.5 1.92805e-005 375.799 283.673
9.8125 2 8.5 1019.63 2.7 84 1.91664e-005 395.547 284.28
9.83333 2 8.6 1019.76 2.8 83.5 1.90523e-005 424.216 293.302
9.85417 2 8.7 1019.89 2.9 83 1.89382e-005 452.884 302.324
9.875 2 9.1 1019.92 2.95 83 1.89382e-005 465.292 304.337
9.89583 2 9.5 1019.94 3 83 1.89382e-005 477.701 306.35
9.91667 2 9.55 1020.08 3.15 82.5 1.88242e-005 554.904 299.977
9.9375 2 9.6 1020.22 3.3 82 1.87101e-005 632.107 293.604
9.95833 2 9.6 1020.32 3.3 82 1.87101e-005 675.909 288.211
9.97917 2 9.6 1020.43 3.3 82 1.87101e-005 719.712 282.818
10 2 10.25 1020.55 2.85 84 1.91664e-005 639.826 290.535
10.0208 2 10.9 1020.67 2.4 86 1.96228e-005 559.939 298.253
10.0417 2 10.9 1020.77 2.15 87.5 1.9965e-005 487.827 305.119
10.0625 2 10.9 1020.86 1.9 89 2.03073e-005 415.715 311.985
10.0833 2 10.75 1020.86 1.75 90 2.05354e-005 360.415 303.759
10.1042 2 10.6 1020.87 1.6 91 2.07636e-005 305.116 295.534
10.125 2 10.05 1020.87 1.75 90 2.05354e-005 297.193 291.265
10.1458 2 9.5 1020.87 1.9 89 2.03073e-005 289.269 286.996
10.1667 2 9.75 1020.82 1.75 89.5 2.04214e-005 222.432 271.005
10.1875 2 10 1020.76 1.6 90 2.05354e-005 155.596 255.015
10.2083 2 9.9 1020.79 1.7 89.5 2.04214e-005 167.907 248.535
10.2292 2 9.8 1020.82 1.8 89 2.03073e-005 180.218 242.054
10.25 2 9.7 1020.8 1.75 89.5 2.04214e-005 177.382 241.961
10.2708 2 9.6 1020.77 1.7 90 2.05354e-005 174.546 241.868
10.2917 2 9.8 1020.81 1.45 90.5 2.06495e-005 108.455 240.914
10.3125 2 10 1020.84 1.2 91 2.07636e-005 42.3637 239.961
10.3333 2 10.1 1020.88 1.15 91 2.07636e-005 37.2448 242.517
10.3542 2 10.2 1020.92 1.1 91 2.07636e-005 32.1258 245.073
10.375 2 9.9 1021.03 1.1 91 2.07636e-005 32.0582 259.714
10.3958 2 9.6 1021.14 1.1 91 2.07636e-005 31.9905 274.356
10.4167 2 9.6 1021.14 1.2 91 2.07636e-005 42.4073 278.529
10.4375 2 9.6 1021.14 1.3 91 2.07636e-005 52.8242 282.701
10.4583 2 9.65 1021.16 1.3 91 2.07636e-005 64.0399 276.272
10.4792 2 9.7 1021.17 1.3 91 2.07636e-005 75.2557 269.844
10.5 2 9.8 1021.15 1.45 89.5 2.04214e-005 101.44 273.324
10.5208 2 9.9 1021.12 1.6 88 2.00791e-005 127.625 276.805
10.5417 2 9.85 1021.15 1.7 87 1.98509e-005 137.574 279.651
10.5625 2 9.8 1021.18 1.8 86 1.96228e-005 147.523 282.496
10.5833 2 9.8 1021.17 2.05 85.5 1.95087e-005 204.961 278.021
10.6042 2 9.8 1021.17 2.3 85 1.93946e-005 262.399 273.545
10.625 2 9.8 1021.2 2.5 84 1.91664e-005 319.105 270.711
10.6458 2 9.8 1021.24 2.7 83 1.89382e-005 375.811 267.878
10.6667 2 9.55 1021.3 2.6 83.5 1.90523e-005 356.706 258.333
10.6875 2 9.3 1021.36 2.5 84 1.91664e-005 337.6 248.788
10.7083 2 9.4 1021.43 2.6 84 1.91664e-005 378.682 250.135
10.7292 2 9.5 1021.51 2.7 84 1.91664e-005 419.763 251.483
10.75 2 9.2 1021.6 2.8 84 1.91664e-005 487.192 246.637
10.7708 2 8.9 1021.7 2.9 84 1.91664e-005 554.621 241.791
10.7917 2 9 1021.8 2.95 76.8334 9.58321e-006 587.514 240.516
10.8125 2 9.1 1021.91 3 69.6667 0 620.407 239.24
10.8333 2 9.25 1021.85 3.05 69.6667 0 650.006 239.677
10.8542 2 9.4 1021.8 3.1 69.6667 0 679.606 240.114
10.875 2 9.3 1021.82 3.1 69.1667 0 695.958 239.707
10.8958 2 9.2 1021.85 3.1 68.6667 0 712.309 239.3
10.9167 2 9.05 1021.97 3.05 66.9445 0 716.792 239.595
10.9375 2 8.9 1022.09 3 65.2222 0 721.276 239.89
10.9583 2 8.6 1022.06 3.05 65.3333 0 712.876 239.699
10.9792 2 8.3 1022.03 3.1 65.4444 0 704.477 239.509
11 2 8.2 1022.09 3.1 66.9444 0 685.683 239.238
11.0208 2 8.1 1022.16 3.1 68.4444 0 666.89 238.966
11.0417 2 8.35 1022.11 3.05 68.9444 0 637.879 239.095
11.0625 2 8.6 1022.06 3 69.4444 0 608.867 239.223
11.0833 2 8.55 1022.06 2.9 69.3333 0 551.566 241.052
11.1042 2 8.5 1022.06 2.8 69.2222 0 494.265 242.88
11.125 2 8.35 1022.1 2.55 69.3889 0 421.846 244.897
11.1458 2 8.2 1022.14 2.3 69.5556 0 349.426 246.915
11.1667 2 7.85 1022.14 2.05 69.8889 0 294.753 244.762
11.1875 2 7.5 1022.14 1.8 70.2222 0 240.081 242.61
11.2083 2 7.1 1022.17 1.7 71 0 226.555 241.968
11.2292 2 6.7 1022.2 1.6 71.7778 0 213.03 241.326
11.25 2 6.65 1022.14 1.5 72.5 0 192.734 239.757
11.2708 2 6.6 1022.08 1.4 73.2222 0 172.438 238.187
11.2917 2 6.25 1022.17 1.25 73.5555 0 137.836 237.111
11.3125 2 5.9 1022.25 1.1 73.8889 0 103.233 236.034
11.3333 2 5.8 1022.27 0.85 83.9445 1.07241e-005 80.7484 235.557
11.3542 2 5.7 1022.28 0.6 94 2.14481e-005 58.2638 235.08
11.375 2 6.25 1022.38 0.35 95.5 2.17904e-005 40.0366 270.13
11.3958 2 6.8 1022.47 0.1 97 2.21326e-005 21.8093 305.181
11.4167 2 6.45 1022.61 -0.2 98 2.23608e-005 22.1353 306.389
11.4375 2 6.1 1022.76 -0.5 99 2.2589e-005 22.4613 307.597
11.4583 2 6 1022.9 -0.75 99 2.2589e-005 25.1632 305.717
11.4792 2 5.9 1023.04 -1 99 2.2589e-005 27.865 303.837
11.5 2 5.8 1023.1 -1.15 98.5 2.24749e-005 35.9366 299.82
11.5208 2 5.7 1023.17 -1.3 98 2.23608e-005 44.0082 295.803
11.5417 2 5.5 1023.15 -1.35 98 2.23608e-005 66.1085 291.13
11.5625 2 5.3 1023.13 -1.4 98 2.23608e-005 88.2087 286.456
11.5833 2 5.1 1023.21 -1.4 98 2.23608e-005 110.799 281.659
11.6042 2 4.9 1023.28 -1.4 98 2.23608e-005 133.39 276.861
11.625 2 5.05 1023.33 -1.3 98 2.23608e-005 173.355 272.108
11.6458 2 5.2 1023.37 -1.2 98 2.23608e-005 213.32 267.355
11.6667 2 5.3 1023.43 -1 98 2.23608e-005 261.827 267.247
11.6875 2 5.4 1023.49 -0.8 98 2.23608e-005 310.333 267.138
11.7083 2 5.4 1023.58 -0.65 98 2.23608e-005 362.547 265.758
11.7292 2 5.4 1023.68 -0.5 98 2.23608e-005 414.76 264.378
11.75 2 5.55 1023.74 -0.45 97.5 2.22467e-005 440.423 268.979
11.7708 2 5.7 1023.8 -0.4 97 2.21326e-005 466.086 273.581
11.7917 2 5.95 1023.86 -0.3 96.5 2.20186e-005 476.387 283.581
11.8125 2 6.2 1023.93 -0.2 96 2.19045e-005 486.688 293.58
11.8333 2 6.6 1023.98 0.1 95.5 2.17904e-005 525.518 291.688
11.8542 2 7 1024.04 0.4 95 2.16763e-005 564.348 289.795
11.875 2 6.2 1024.06 0.55 94.5 2.15622e-005 523.285 296.513
11.8958 2 5.4 1024.08 0.7 94 2.14481e-005 482.221 303.231
11.9167 2 5.35 1024.2 1.15 93.5 2.13341e-005 509.096 300.463
11.9375 2 5.3 1024.32 1.6 93 2.122e-005 535.972 297.695
11.9583 2 5.65 1024.33 1.8 80.8889 1.061e-005 614.635 270.182
11.9792 2 6 1024.35 2 68.7778 0 693.297 242.669
12 2 6.2 1024.39 1.9 68.5 0 673.758 240.881
12.0208 2 6.4 1024.43 1.8 68.2222 0 654.219 239.093
12.0417 2 6.35 1024.42 1.65 69.2777 0 595.265 253.329
12.0625 2 6.3 1024.4 1.5 70.3333 0 536.31 267.566
12.0833 2 6.2 1024.42 1.2 70.8333 0 453.928 285.83
12.1042 2 6.1 1024.44 0.9 71.3333 0 371.546 304.094
12.125 2 6.05 1024.41 0.8 71.5 0 334.438 303.92
12.1458 2 6 1024.38 0.7 71.6667 0 297.33 303.746
12.1667 2 6.1 1024.34 0.5 72.2778 0 279.271 295.815
12.1875 2 6.2 1024.31 0.3 72.8889 0 261.212 287.885
12.2083 2 5.95 1024.25 0.65 82.9445 1.061e-005 260.638 263.208
12.2292 2 5.7 1024.19 1 93 2.122e-005 260.065 238.531
12.25 2 5.75 1024.15 0.95 93.5 2.13341e-005 222.231 238.007
12.2708 2 5.8 1024.1 0.9 94 2.14481e-005 184.397 237.482
12.2917 2 5.85 1024.07 0.65 94.5 2.15622e-005 153.646 237.181
12.3125 2 5.9 1024.05 0.4 95 2.16763e-005 122.894 236.88
12.3333 2 5.75 1024.02 0.25 95 2.16763e-005 96.7186 245.074
12.3542 2 5.6 1023.99 0.1 95 2.16763e-005 70.5432 253.267
12.375 2 5.6 1023.96 -0.4 96.5 2.20186e-005 53.7897 268.967
12.3958 2 5.6 1023.93 -0.9 98 2.23608e-005 37.0362 284.668
12.4167 2 5.3 1023.88 -1.05 98 2.23608e-005 34.3022 286.201
12.4375 2 5 1023.83 -1.2 98 2.23608e-005 31.5683 287.735
12.4583 2 4.75 1023.76 -1.3 98 2.23608e-005 35.972 286.302
12.4792 2 4.5 1023.69 -1.4 98 2.23608e-005 40.3758 284.868
12.5 2 4.65 1023.67 -1.4 98 2.23608e-005 47.4222 284.427
12.5208 2 4.8 1023.66 -1.4 98 2.23608e-005 54.4687 283.986
12.5417 2 4.3 1023.66 -1.4 98 2.23608e-005 72.6228 284.153
12.5625 2 3.8 1023.67 -1.4 98 2.23608e-005 90.777 284.32
12.5833 2 4 1023.49 -1.35 98 2.23608e-005 113.258 281.816
12.6042 2 4.2 1023.31 -1.3 98 2.23608e-005 135.739 279.312
12.625 2 4.1 1023.22 -1.05 98.5 2.24749e-005 166.712 281.666
12.6458 2 4 1023.13 -0.8 99 2.2589e-005 197.685 284.02
12.6667 2 4.2 1023.03 -0.55 99 2.2589e-005 236.292 287.202
12.6875 2 4.4 1022.92 -0.3 99 2.2589e-005 274.9 290.384
12.7083 2 4.5 1022.87 -0.15 99.5 2.27031e-005 328.39 286.63
12.7292 2 4.6 1022.82 0 100 2.28172e-005 381.88 282.877
12.75 2 4.45 1022.78 0.3 86.5 1.14086e-005 443.189 271.716
12.7708 2 4.3 1022.74 0.6 73 0 504.497 260.556
12.7917 2 4.35 1022.74 0.9 72.8125 0 562.495 247.836
12.8125 2 4.4 1022.74 1.2 72.625 0 620.494 235.115
12.8333 2 4.5 1022.71 1.4 72.0625 0 647.269 235.273
12.8542 2 4.6 1022.69 1.6 71.5 0 674.043 235.432
12.875 2 4.75 1022.62 1.5 70.4375 0 685.833 243.451
12.8958 2 4.9 1022.55 1.4 69.375 0 697.624 251.47
12.9167 2 5.05 1022.34 1.2 71.2589 0 705.232 253.913
12.9375 2 5.2 1022.14 1 73.1429 0 712.84 256.356
12.9583 2 5.2 1022 1.1 73 0 706.753 248.94
12.9792 2 5.2 1021.86 1.2 72.8571 0 700.665 241.525
13 2 5.25 1021.7 1.15 72.2142 0 661.062 255.609
13.0208 2 5.3 1021.54 1.1 71.5714 0 621.458 269.693
13.0417 2 5.85 1021.37 1.1 71.2857 0 514.859 289.185
13.0625 2 6.4 1021.2 1.1 71 0 408.259 308.678
13.0833 2 6.5 1020.96 0.85 72 0 394.599 304.94
13.1042 2 6.6 1020.72 0.6 73 0 380.939 301.201
13.125 2 6.65 1020.53 0.5 74.6429 0 340.46 300.776
13.1458 2 6.7 1020.34 0.4 76.2857 0 299.981 300.351
13.1667 2 6.45 1020.26 0.25 75.3571 0 262.367 301.546
13.1875 2 6.2 1020.17 0.1 74.4286 0 224.753 302.74
13.2083 2 6.15 1020.01 0.05 76.9643 0 191.274 302.409
13.2292 2 6.1 1019.85 0 79.5 0 157.795 302.079
13.25 2 6.05 1019.75 -0.15 80.1875 0 137.475 298.056
13.2708 2 6 1019.65 -0.3 80.875 0 117.154 294.032
13.2917 2 5.95 1019.63 -0.35 82.0625 9.49764e-006 97.3013 295.531
13.3125 2 5.9 1019.6 -0.4 83.25 1.89953e-005 77.4485 297.029
13.3333 2 6 1019.48 -0.4 83.375 1.90238e-005 64.0499 292.091
13.3542 2 6.1 1019.37 -0.4 83.5 1.90523e-005 50.6512 287.154
13.375 2 5.55 1019.29 -0.2 83.625 1.90809e-005 51.9455 265.322
13.3958 2 5 1019.2 0 83.75 1.91094e-005 53.2398 243.49
13.4167 2 5.4 1019.11 0.3 83.75 1.91094e-005 52.707 241.725
13.4375 2 5.8 1019.03 0.6 83.75 1.91094e-005 52.1742 239.96
13.4583 2 5.75 1018.88 0.65 83.7321 1.91053e-005 56.3836 239.597
13.4792 2 5.7 1018.73 0.7 83.7143 1.91012e-005 60.593 239.234
13.5 2 5.5 1018.65 0.75 83.4196 1.9034e-005 72.9566 238.343
13.5208 2 5.3 1018.56 0.8 83.125 1.89668e-005 85.3203 237.452
13.5417 2 5.4 1018.47 1 82.875 1.89097e-005 108.33 236.821
13.5625 2 5.5 1018.38 1.2 82.625 1.88527e-005 131.339 236.19
13.5833 2 5.6 1018.2 1.4 82.5625 1.88384e-005 163.047 236.18
13.6042 2 5.7 1018.02 1.6 82.5 1.88242e-005 194.755 236.17
13.625 2 5.75 1017.9 1.8 81.5 9.41208e-006 252.001 236.503
13.6458 2 5.8 1017.77 2 80.5 0 309.246 236.836
13.6667 2 6 1017.7 2.15 77.75 0 339.368 237.333
13.6875 2 6.2 1017.62 2.3 75 0 369.491 237.831
13.7083 2 6.25 1017.57 2.45 74.1111 0 400.424 238.142
13.7292 2 6.3 1017.52 2.6 73.2222 0 431.358 238.454
13.75 2 6.35 1017.48 2.75 73.1111 0 497.458 238.514
13.7708 2 6.4 1017.45 2.9 73 0 563.558 238.574
13.7917 2 6.6 1017.33 3 73.5 0 593.126 238.546
13.8125 2 6.8 1017.21 3.1 74 0 622.695 238.518
13.8333 2 6.55 1017.05 3.25 73.8334 0 652.359 238.741
13.8542 2 6.3 1016.88 3.4 73.6667 0 682.022 238.963
13.875 2 6.2 1016.73 3.5 74.3334 0 698.646 238.962
13.8958 2 6.1 1016.58 3.6 75 0 715.269 238.961
13.9167 2 6.15 1016.43 3.55 75.1111 0 720.811 239.003
13.9375 2 6.2 1016.29 3.5 75.2222 0 726.353 239.045
13.9583 2 6.15 1016.15 3.55 74.6666 0 717.229 239.344
13.9792 2 6.1 1016 3.6 74.1111 0 708.106 239.643
14 2 6.15 1015.8 3.55 74.4445 0 689.727 239.358
14.0208 2 6.2 1015.59 3.5 74.7778 0 671.347 239.073
14.0417 2 6.2 1015.4 3.45 74.2778 0 641.551 238.409
14.0625 2 6.2 1015.21 3.4 73.7778 0 611.754 237.745
14.0833 2 6.05 1015.06 3.3 73.1667 0 573.029 237.344
14.1042 2 5.9 1014.9 3.2 72.5556 0 534.304 236.943
14.125 2 6 1014.65 3.05 72.3889 0 490.762 237.038
14.1458 2 6.1 1014.39 2.9 72.2222 0 447.219 237.133
14.1667 2 5.95 1014.09 2.8 72.8889 0 393.008 237.208
14.1875 2 5.8 1013.78 2.7 73.5556 0 338.797 237.283
14.2083 2 5.6 1013.59 2.5 74.5 0 298.072 237.855
14.2292 2 5.4 1013.41 2.3 75.4444 0 257.347 238.428
14.25 2 5.05 1013.26 2.1 76.3888 0 217.528 239.521
14.2708 2 4.7 1013.11 1.9 77.3333 0 177.709 240.614
14.2917 2 5.2 1012.91 1.65 78.2222 0 148.181 243.133
14.3125 2 5.7 1012.7 1.4 79.1111 0 118.653 245.651
14.3333 2 5.35 1012.55 1.2 78.9445 0 98.4843 250.335
14.3542 2 5 1012.41 1 78.7778 0 78.3157 255.019
14.375 2 4.6 1012.36 0.8 79 0 68.3028 252.755
14.3958 2 4.2 1012.31 0.6 79.2222 0 58.29 250.492
14.4167 2 4.15 1012.07 0.5 79.1666 0 63.0928 249.779
14.4375 2 4.1 1011.82 0.4 79.1111 0 67.8957 249.066
14.4583 2 4.15 1011.55 0.25 78.3055 0 59.9028 246.542
14.4792 2 4.2 1011.27 0.1 77.5 0 51.91 244.019
14.5 2 4.3 1011.04 0.1 77.375 0 64.6604 245.712
14.5208 2 4.4 1010.8 0.1 77.25 0 77.4108 247.405
14.5417 2 4.4 1010.66 0.2 77.9028 0 98.8399 245.481
14.5625 2 4.4 1010.51 0.3 78.5556 0 120.269 243.557
14.5833 2 4.3 1010.24 0.45 78.1112 0 155.953 245.811
14.6042 2 4.2 1009.98 0.6 77.6667 0 191.637 248.064
14.625 2 3.75 1009.76 1.1 77.3889 0 241.154 248.478
14.6458 2 3.3 1009.53 1.6 77.1111 0 290.67 248.892
14.6667 2 3.35 1009.36 2 76.4445 0 327.249 250.174
14.6875 2 3.4 1009.2 2.4 75.7778 0 363.828 251.457
14.7083 2 3.7 1008.99 2.5 75.5 0 393.753 254.872
14.7292 2 4 1008.79 2.6 75.2222 0 423.678 258.287
14.75 2 4.25 1008.59 2.75 73.7222 0 479.451 257.121
14.7708 2 4.5 1008.39 2.9 72.2222 0 535.223 255.956
14.7917 2 4.55 1008.2 3.2 72.3333 0 540.106 265.794
14.8125 2 4.6 1008.01 3.5 72.4444 0 544.989 275.632
14.8333 2 4.7 1007.82 3.8 72.7222 0 614.326 270.826
14.8542 2 4.8 1007.63 4.1 73 0 683.662 266.021
14.875 2 4.85 1007.4 4.25 72.1666 0 688.482 264.177
14.8958 2 4.9 1007.17 4.4 71.3333 0 693.302 262.334
14.9167 2 5 1006.84 4.55 71.3888 0 699.095 263.036
14.9375 2 5.1 1006.51 4.7 71.4444 0 704.889 263.739
14.9583 2 5 1006.25 4.65 71.1666 0 696.936 263.439
14.9792 2 4.9 1005.99 4.6 70.8889 0 688.983 263.139
15 2 4.85 1005.79 4.6 72.5695 0 669.495 262.9
15.0208 2 4.8 1005.59 4.6 74.25 0 650.008 262.661
15.0417 2 4.9 1005.35 4.65 73.75 0 620.974 262.679
15.0625 2 5 1005.11 4.7 73.25 0 591.94 262.696
15.0833 2 5.1 1004.78 4.65 73.25 0 556.232 263.007
15.1042 2 5.2 1004.44 4.6 73.25 0 520.523 263.318
15.125 2 5.4 1004.05 4.35 73.375 0 478.868 262.992
15.1458 2 5.6 1003.65 4.1 73.5 0 437.214 262.665
15.1667 2 5.55 1003.29 3.8 73.9375 0 392.112 259.918
15.1875 2 5.5 1002.92 3.5 74.375 0 347.011 257.17
15.2083 2 4.25 1002.82 3.5 74.75 0 303.433 257.374
15.2292 2 3 1002.72 3.5 75.125 0 259.855 257.577
15.25 2 3.55 1002.52 3.55 75.375 0 224.278 258.675
15.2708 2 4.1 1002.32 3.6 75.625 0 188.701 259.774
15.2917 2 4.25 1001.99 3.3 75.9375 0 155.572 259.672
15.3125 2 4.4 1001.67 3 76.25 0 122.443 259.569
15.3333 2 4.05 1001.48 2.95 76 0 110.028 264.936
15.3542 2 3.7 1001.3 2.9 75.75 0 97.6138 270.303
15.375 2 2.65 1001.09 2.85 75.5 0 85.3981 269.814
15.3958 2 1.6 1000.89 2.8 75.25 0 73.1825 269.324
15.4167 2 1.3 1000.65 2.6 75.4375 0 68.1157 267.578
15.4375 2 1 1000.4 2.4 75.625 0 63.0488 265.833
15.4583 2 0.9 1000.14 2.3 75.5 0 63.0279 265.081
15.4792 2 0.8 999.88 2.2 75.375 0 63.007 264.329
15.5 2 1.35 999.685 2.15 74.2589 0 78.7936 262.29
15.5208 2 1.9 999.49 2.1 73.1429 0 94.5803 260.251
15.5417 2 2.8 999.25 2.1 73.5089 0 113.342 259.198
15.5625 2 3.7 999.01 2.1 73.875 0 132.103 258.146
15.5833 2 3.55 998.785 2 73.1875 0 152.06 258.021
15.6042 2 3.4 998.56 1.9 72.5 0 172.017 257.897
15.625 2 3.3 998.39 1.95 72 0 215.053 256.853
15.6458 2 3.2 998.22 2 71.5 0 258.088 255.809
15.6667 2 3.45 998.045 2.15 71.1875 0 311.19 255.93
15.6875 2 3.7 997.87 2.3 70.875 0 364.291 256.05
15.7083 2 3.65 997.76 2.3 70.75 0 410.747 255.609
15.7292 2 3.6 997.65 2.3 70.625 0 457.203 255.169
15.75 2 3.75 997.58 2.2 70 0 489.026 259.771
15.7708 2 3.9 997.51 2.1 69.375 0 520.849 264.374
15.7917 2 3.8 997.455 2.1 69.4375 0 554.267 266.021
15.8125 2 3.7 997.4 2.1 69.5 0 587.686 267.668
15.8333 2 3.95 997.33 1.95 69.125 0 620.869 263.361
15.8542 2 4.2 997.26 1.8 68.75 0 654.051 259.054
15.875 2 4.2 997.165 1.85 68.7639 0 662.119 260.611
15.8958 2 4.2 997.07 1.9 68.7778 0 670.187 262.168
15.9167 2 4.3 996.975 1.95 69.0139 0 675.704 262.018
15.9375 2 4.4 996.88 2 69.25 0 681.222 261.867
15.9583 2 4.65 996.89 1.6 68.625 0 658.681 270.216
15.9792 2 4.9 996.9 1.2 68 0 636.14 278.564
16 2 4.75 996.825 1.15 69.0555 0 618.667 276.657
16.0208 2 4.6 996.75 1.1 70.1111 0 601.193 274.75
16.0417 2 4.7 996.705 0.85 70.3334 0 536.5 282.094
16.0625 2 4.8 996.66 0.6 70.5556 0 471.806 289.437
16.0833 2 5.2 996.69 0.45 70.4445 0 396.37 297.477
16.1042 2 5.6 996.72 0.3 70.3333 0 320.935 305.517
16.125 2 5.7 996.835 0.3 70.0555 0 275.625 307.435
16.1458 2 5.8 996.95 0.3 69.7778 0 230.314 309.354
16.1667 2 5.4 996.93 0.3 70.7778 0 178.67 310.466
16.1875 2 5 996.91 0.3 71.7778 0 127.026 311.578
16.2083 2 5 997.005 0.35 71.8334 0 130.145 312.159
16.2292 2 5 997.1 0.4 71.8889 0 133.263 312.74
16.25 2 4.85 997.33 0.2 72.3889 0 102.653 311.55
16.2708 2 4.7 997.56 0 72.8889 0 72.0437 310.36
16.2917 2 4.9 997.725 0.1 73.3334 0 53.5817 311.026
16.3125 2 5.1 997.89 0.2 73.7778 0 35.1198 311.693
16.3333 2 5.1 998.03 0.35 73.7223 0 25.7586 311.598
16.3542 2 5.1 998.17 0.5 73.6667 0 16.3975 311.503
16.375 2 5.15 998.4 0.45 74.0555 0 18.6068 311.996
16.3958 2 5.2 998.63 0.4 74.4444 0 20.8162 312.489
16.4167 2 5.3 998.935 0.5 74.5555 0 20.471 313.151
16.4375 2 5.4 999.24 0.6 74.6667 0 20.1257 313.814
16.4583 2 5.4 999.505 0.65 73.7084 0 19.5359 314.145
16.4792 2 5.4 999.77 0.7 72.75 0 18.9462 314.475
16.5 2 5.45 999.995 0.7 72.9375 0 25.616 314.109
16.5208 2 5.5 1000.22 0.7 73.125 0 32.2858 313.742
16.5417 2 5.55 1000.53 0.7 73.9514 0 44.2923 313.586
16.5625 2 5.6 1000.84 0.7 74.7778 0 56.2987 313.431
16.5833 2 5.95 1001.22 0.5 74.5 0 95.4198 306.329
16.6042 2 6.3 1001.6 0.3 74.2222 0 134.541 299.228
16.625 2 6.15 1002.03 0.3 82.1111 1.02677e-005 140.766 302.839
16.6458 2 6 1002.46 0.3 90 2.05354e-005 146.991 306.451
16.6667 2 5.75 1002.79 0.55 89 2.03073e-005 181.237 296.399
16.6875 2 5.5 1003.12 0.8 88 2.00791e-005 215.484 286.348
16.7083 2 5.5 1003.42 0.85 87.5 1.9965e-005 259.877 273.871
16.7292 2 5.5 1003.72 0.9 87 1.98509e-005 304.27 261.395
16.75 2 5.4 1004.15 1.05 85.5 1.95087e-005 361.926 265.671
16.7708 2 5.3 1004.58 1.2 84 1.91664e-005 419.582 269.947
16.7917 2 5.2 1004.97 1.2 83.5 1.90523e-005 391.274 277.543
16.8125 2 5.1 1005.37 1.2 83 1.89382e-005 362.966 285.139
16.8333 2 5.15 1005.65 1.35 81.5 9.46912e-006 386.939 289.242
16.8542 2 5.2 1005.92 1.5 80 0 410.912 293.346
16.875 2 5.55 1006.17 1.65 80 0 428.022 299.068
16.8958 2 5.9 1006.43 1.8 80 0 445.132 304.791
16.9167 2 6 1006.74 1.65 81.5 9.46912e-006 403.882 307.339
16.9375 2 6.1 1007.06 1.5 83 1.89382e-005 362.632 309.888
16.9583 2 6.05 1007.33 1.4 84 1.91664e-005 372.431 309.917
16.9792 2 6 1007.61 1.3 85 1.93946e-005 382.231 309.946
17 2 6.05 1007.82 1.25 86 1.96228e-005 398.421 309.786
17.0208 2 6.1 1008.04 1.2 87 1.98509e-005 414.611 309.627
17.0417 2 6.05 1008.24 1.15 87.5 1.9965e-005 376.401 310.194
17.0625 2 6 1008.45 1.1 88 2.00791e-005 338.191 310.761
17.0833 2 5.6 1008.64 1 89 2.03073e-005 310.487 310.734
17.1042 2 5.2 1008.82 0.9 90 2.05354e-005 282.784 310.707
17.125 2 4.95 1008.96 0.75 91.5 2.08777e-005 255.102 310.661
17.1458 2 4.7 1009.1 0.6 93 2.122e-005 227.419 310.614
17.1667 2 4.25 1009.18 0.4 93.5 2.13341e-005 224.962 306.056
17.1875 2 3.8 1009.26 0.2 94 2.14481e-005 222.504 301.498
17.2083 2 3.2 1009.3 0.05 95 2.16763e-005 177.396 303.383
17.2292 2 2.6 1009.35 -0.1 96 2.19045e-005 132.289 305.267
17.25 2 2.25 1009.41 -0.15 96.5 2.20186e-005 117.51 305.295
17.2708 2 1.9 1009.46 -0.2 97 2.21326e-005 102.732 305.323
17.2917 2 1.65 1009.43 -0.35 97.5 2.22467e-005 84.3019 298.86
17.3125 2 1.4 1009.41 -0.5 98 2.23608e-005 65.8718 292.397
17.3333 2 0.9 1009.42 -0.65 98 2.23608e-005 58.6016 293.659
17.3542 2 0.4 1009.43 -0.8 98 2.23608e-005 51.3313 294.921
17.375 2 0.9 1009.41 -0.85 98 2.23608e-005 44.6637 289.784
17.3958 2 1.4 1009.38 -0.9 98 2.23608e-005 37.9962 284.646
17.4167 2 1.55 1009.24 -1.4 97.5 2.22467e-005 43.1351 259.42
17.4375 2 1.7 1009.11 -1.9 97 2.21326e-005 48.274 234.194
17.4583 2 1.85 1008.94 -1.9 97 2.21326e-005 55.1605 239.811
17.4792 2 2 1008.77 -1.9 97 2.21326e-005 62.047 245.427
17.5 2 2.05 1008.74 -1.8 96.5 2.20186e-005 79.8636 240.582
17.5208 2 2.1 1008.71 -1.7 96 2.19045e-005 97.6803 235.737
17.5417 2 2.25 1008.57 -1.5 96 2.19045e-005 114.058 244.28
17.5625 2 2.4 1008.43 -1.3 96 2.19045e-005 130.435 252.823
17.5833 2 2.8 1008.26 -1.15 95.5 2.17904e-005 169.001 248.171
17.6042 2 3.2 1008.08 -1 95 2.16763e-005 207.568 243.519
17.625 2 3.2 1008.04 -0.5 95 2.16763e-005 197.146 264.582
17.6458 2 3.2 1007.99 0 95 2.16763e-005 186.724 285.644
17.6667 2 3.35 1007.84 0.4 94.5 2.15622e-005 171.786 301.398
17.6875 2 3.5 1007.7 0.8 94 2.14481e-005 156.849 317.151
17.7083 2 3.7 1007.53 1.55 82.6111 1.07241e-005 228.415 305.81
17.7292 2 3.9 1007.36 2.3 71.2222 0 299.981 294.468
17.75 2 4.05 1007.05 3.05 71.1111 0 356.647 295.068
17.7708 2 4.2 1006.74 3.8 71 0 413.314 295.668
17.7917 2 4 1006.53 5.15 71.2778 0 446.368 298.815
17.8125 2 3.8 1006.31 6.5 71.5556 0 479.422 301.962
17.8333 2 4.8 1006.02 10.1 71.6112 0 534.021 295.14
17.8542 2 5.8 1005.72 13.7 71.6667 0 588.619 288.318
17.875 2 5.55 1005.68 14.4 72.4445 0 574.282 301.659
17.8958 2 5.3 1005.64 15.1 73.2222 0 559.946 314.999
17.9167 2 5.25 1005.24 15.55 73.6111 0 445.842 330.725
17.9375 2 5.2 1004.85 16 74 0 331.738 346.452
17.9583 2 5.55 1004.6 16.3 72.3889 0 493.921 330.102
17.9792 2 5.9 1004.35 16.6 70.7778 0 656.104 313.752
18 2 7.05 1004.53 13.95 72 0 650.099 299.553
18.0208 2 8.2 1004.72 11.3 73.2222 0 644.093 285.354
18.0417 2 9.5 1004.64 11.1 73.2777 0 615.952 283.793
18.0625 2 10.8 1004.55 10.9 73.3333 0 587.81 282.232
18.0833 2 11 1004.47 10.25 73 0 505.678 291.369
18.1042 2 11.2 1004.39 9.6 72.6667 0 423.546 300.506
18.125 2 11 1004.21 8.7 72.3889 0 431.335 286.881
18.1458 2 10.8 1004.03 7.8 72.1111 0 439.124 273.256
18.1667 2 9.85 1004.13 6.95 72.2222 0 388.128 270.674
18.1875 2 8.9 1004.23 6.1 72.3333 0 337.131 268.092
18.2083 2 8.55 1004.3 5.7 72.5555 0 295.3 267.207
18.2292 2 8.2 1004.38 5.3 72.7778 0 253.469 266.322
18.25 2 7.9 1004.38 4.95 72.6667 0 216.59 265.371
18.2708 2 7.6 1004.38 4.6 72.5556 0 179.712 264.421
18.2917 2 7.8 1004.4 4.55 72.7223 0 148.319 264.795
18.3125 2 8 1004.42 4.5 72.8889 0 116.925 265.169
18.3333 2 7.45 1004.68 4.15 73.1666 0 91.714 264.264
18.3542 2 6.9 1004.95 3.8 73.4444 0 66.503 263.36
18.375 2 6.95 1004.98 3.6 73.5 0 55.589 267.836
18.3958 2 7 1005.02 3.4 73.5556 0 44.675 272.312
18.4167 2 6.95 1005.11 3.35 74.0556 0 45.5694 274.445
18.4375 2 6.9 1005.21 3.3 74.5556 0 46.4637 276.579
18.4583 2 7.2 1005.26 3.55 74.9445 0 53.8012 274.426
18.4792 2 7.5 1005.3 3.8 75.3333 0 61.1387 272.273
18.5 2 7.6 1005.36 4.1 75.6666 0 84.8093 271.95
18.5208 2 7.7 1005.42 4.4 76 0 108.48 271.626
18.5417 2 7.85 1005.48 4.65 75.5625 0 115.725 268.407
18.5625 2 8 1005.54 4.9 75.125 0 122.969 265.188
18.5833 2 8.3 1005.57 5.25 74.2847 0 156.147 265.906
18.6042 2 8.6 1005.59 5.6 73.4444 0 189.325 266.624
18.625 2 8.9 1005.58 6.15 74.4444 0 242.207 265.516
18.6458 2 9.2 1005.57 6.7 75.4444 0 295.088 264.408
18.6667 2 9.6 1005.64 6.95 74.9444 0 328.033 264.336
18.6875 2 10 1005.7 7.2 74.4444 0 360.977 264.263
18.7083 2 10.15 1005.72 6.85 73.2222 0 408.347 264.331
18.7292 2 10.3 1005.74 6.5 72 0 455.718 264.399
18.75 2 10.55 1005.82 6.5 71.8889 0 491.203 264.589
18.7708 2 10.8 1005.89 6.5 71.7778 0 526.689 264.778
18.7917 2 10.6 1006.01 6.3 71.4445 0 565.292 263.713
18.8125 2 10.4 1006.12 6.1 71.1111 0 603.896 262.647
18.8333 2 10 1006.21 6.05 71.0555 0 633.251 262.575
18.8542 2 9.6 1006.3 6 71 0 662.606 262.502
18.875 2 9.45 1006.33 6.2 71.1666 0 680.422 263.701
18.8958 2 9.3 1006.36 6.4 71.3333 0 698.239 264.899
18.9167 2 8.95 1006.35 6.45 71.8333 0 702.389 265.284
18.9375 2 8.6 1006.34 6.5 72.3333 0 706.538 265.67
18.9583 2 8.65 1006.39 6.55 72.3333 0 698.256 265.388
18.9792 2 8.7 1006.44 6.6 72.3333 0 689.975 265.107
19 2 9 1006.4 6.9 72.7222 0 670.84 265.76
19.0208 2 9.3 1006.36 7.2 73.1111 0 651.705 266.414
19.0417 2 9.9 1006.25 7.55 73.2777 0 620.391 266.899
19.0625 2 10.5 1006.14 7.9 73.4444 0 589.077 267.384
19.0833 2 10.95 1006.02 7.95 73.3333 0 548.028 269.049
19.1042 2 11.4 1005.89 8 73.2222 0 506.978 270.714
19.125 2 11.4 1005.81 8.05 72.8333 0 464.224 271.043
19.1458 2 11.4 1005.73 8.1 72.4444 0 421.47 271.372
19.1667 2 11.5 1005.66 8.25 73.2222 0 375.456 271.627
19.1875 2 11.6 1005.59 8.4 74 0 329.441 271.882
19.2083 2 11.9 1005.53 8.05 74.8334 0 289.169 269.805
19.2292 2 12.2 1005.46 7.7 75.6667 0 248.897 267.728
19.25 2 11.9 1005.51 7.05 75.8334 0 211.392 266.405
19.2708 2 11.6 1005.56 6.4 76 0 173.886 265.082
19.2917 2 11.4 1005.61 6.3 75.8889 0 144.008 265.583
19.3125 2 11.2 1005.66 6.2 75.7778 0 114.13 266.084
19.3333 2 10.85 1005.7 6.25 76.3334 0 94.2335 265.784
19.3542 2 10.5 1005.75 6.3 76.8889 0 74.337 265.484
19.375 2 10.6 1005.69 6.35 76.9445 0 55.358 266.267
19.3958 2 10.7 1005.63 6.4 77 0 36.379 267.049
19.4167 2 10.45 1005.58 6.55 76.5555 0 30.0505 268.616
19.4375 2 10.2 1005.52 6.7 76.1111 0 23.722 270.182
19.4583 2 10.3 1005.35 7.25 76.1666 0 37.7001 272.348
19.4792 2 10.4 1005.18 7.8 76.2222 0 51.6782 274.514
19.5 2 10.65 1005.17 7.9 75.9445 0 54.0706 281.679
19.5208 2 10.9 1005.15 8 75.6667 0 56.463 288.844
19.5417 2 11.05 1005.16 7.75 75.8334 0 73.8102 291.912
19.5625 2 11.2 1005.17 7.5 76 0 91.1573 294.981
19.5833 2 11.25 1005.19 7.35 74.8334 0 105.626 299.229
19.6042 2 11.3 1005.22 7.2 73.6667 0 120.095 303.478
19.625 2 11.1 1005.35 6.9 73.5555 0 123.24 302.187
19.6458 2 10.9 1005.48 6.6 73.4444 0 126.384 300.896
19.6667 2 11.25 1005.53 6.55 73.0555 0 191.602 292.859
19.6875 2 11.6 1005.58 6.5 72.6667 0 256.82 284.822
19.7083 2 11.85 1005.69 6.6 72.5 0 346.704 277.227
19.7292 2 12.1 1005.8 6.7 72.3333 0 436.589 269.631
19.75 2 12.05 1006.04 6.75 70.9445 0 469.588 269.013
19.7708 2 12 1006.27 6.8 69.5556 0 502.587 268.395
19.7917 2 12.3 1006.52 6.75 70.3334 0 544.185 267.542
19.8125 2 12.6 1006.77 6.7 71.1111 0 585.783 266.688
19.8333 2 12.55 1006.98 6.7 70 0 613.145 266.16
19.8542 2 12.5 1007.2 6.7 68.8889 0 640.506 265.633
19.875 2 12.4 1007.39 6.8 68.2778 0 664.027 265.198
19.8958 2 12.3 1007.58 6.9 67.6667 0 687.549 264.763
19.9167 2 12.4 1007.72 6.85 67.7778 0 690.128 264.729
19.9375 2 12.5 1007.86 6.8 67.8889 0 692.706 264.694
19.9583 2 12.85 1007.88 7.05 67.6666 0 679.239 266.247
19.9792 2 13.2 1007.89 7.3 67.4444 0 665.771 267.799
20 2 13.25 1007.95 7.25 66.7777 0 642.135 265.345
20.0208 2 13.3 1008.01 7.2 66.1111 0 618.5 262.89
20.0417 2 12.15 1008.05 6.95 65.9445 0 581.594 259.993
20.0625 2 11 1008.1 6.7 65.7778 0 544.687 257.097
20.0833 2 11.15 1008.15 6.9 65.1667 0 502.694 257.335
20.1042 2 11.3 1008.19 7.1 64.5556 0 460.701 257.573
20.125 2 11.7 1008.08 7.1 64.8334 0 424.919 256.128
20.1458 2 12.1 1007.96 7.1 65.1111 0 389.138 254.683
20.1667 2 10.95 1008.01 6.6 64.8334 0 349.262 253.74
20.1875 2 9.8 1008.06 6.1 64.5556 0 309.385 252.797
20.2083 2 10.05 1008.13 5.9 65.6112 0 274.461 252.331
20.2292 2 10.3 1008.19 5.7 66.6667 0 239.537 251.864
20.25 2 11.05 1008.18 5.7 67.8334 0 207.996 251.064
20.2708 2 11.8 1008.17 5.7 69 0 176.456 250.264
20.2917 2 11.7 1008.24 5.7 69.7778 0 147.34 250.497
20.3125 2 11.6 1008.32 5.7 70.5556 0 118.225 250.729
20.3333 2 11.6 1008.42 5.85 72.2778 0 102.927 251.63
20.3542 2 11.6 1008.52 6 74 0 87.63 252.531
20.375 2 11.55 1008.47 6 74 0 70.7291 255.681
20.3958 2 11.5 1008.42 6 74 0 53.8282 258.831
20.4167 2 10.4 1008.4 5.8 75.1111 0 51.7785 258.805
20.4375 2 9.3 1008.38 5.6 76.2222 0 49.7288 258.779
20.4583 2 9.6 1008.35 5.7 75.4861 0 54.6087 258.592
20.4792 2 9.9 1008.32 5.8 74.75 0 59.4885 258.406
20.5 2 9.8 1008.32 5.6 75.9861 0 71.9215 258.202
20.5208 2 9.7 1008.32 5.4 77.2222 0 84.3545 257.997
20.5417 2 10.35 1008.35 5.7 77.1111 0 99.9333 259.005
20.5625 2 11 1008.39 6 77 0 115.512 260.012
20.5833 2 11.25 1008.35 6.15 76.6666 0 150.616 259.798
20.6042 2 11.5 1008.31 6.3 76.3333 0 185.72 259.585
20.625 2 11.6 1008.33 6.5 75.3888 0 241.692 259.954
20.6458 2 11.7 1008.36 6.7 74.4444 0 297.664 260.323
20.6667 2 11.9 1008.37 6.95 73.7222 0 333.935 260.561
20.6875 2 12.1 1008.38 7.2 73 0 370.207 260.799
20.7083 2 12.3 1008.3 7.65 72.6111 0 414.904 261.704
20.7292 2 12.5 1008.22 8.1 72.2222 0 459.6 262.609
20.75 2 12.8 1008.3 8.4 71.1666 0 496.401 263.622
20.7708 2 13.1 1008.39 8.7 70.1111 0 533.201 264.635
20.7917 2 12.45 1008.79 8.1 70 0 551.57 268.208
20.8125 2 11.8 1009.19 7.5 69.8889 0 569.94 271.782
20.8333 2 11 1009.43 6.75 68.1111 0 576.456 273.781
20.8542 2 10.2 1009.67 6 66.3333 0 582.971 275.78
20.875 2 11.25 1009.73 5.6 66 0 631.536 272.805
20.8958 2 12.3 1009.8 5.2 65.6667 0 680.102 269.83
20.9167 2 12.4 1009.9 5.2 65.8334 0 698.578 263.703
20.9375 2 12.5 1010 5.2 66 0 717.053 257.575
20.9583 2 11.85 1010.28 4.9 66.125 0 649.443 277.487
20.9792 2 11.2 1010.56 4.6 66.25 0 581.832 297.398
21 2 10.95 1010.71 4.85 67 0 558.569 296.203
21.0208 2 10.7 1010.86 5.1 67.75 0 535.307 295.009
21.0417 2 9.8 1010.96 4.8 67.25 0 510.236 285.987
21.0625 2 8.9 1011.07 4.5 66.75 0 485.165 276.964
21.0833 2 8.45 1011.26 4.3 67.8125 0 434.266 280.359
21.1042 2 8 1011.44 4.1 68.875 0 383.366 283.754
21.125 2 7.9 1011.53 4.2 68.8125 0 339.653 281.226
21.1458 2 7.8 1011.62 4.3 68.75 0 295.94 278.698
21.1667 2 7.4 1011.7 4.1 69 0 272.117 276.57
21.1875 2 7 1011.78 3.9 69.25 0 248.294 274.442
21.2083 2 6.7 1011.86 4.3 69.875 0 237.153 264.929
21.2292 2 6.4 1011.94 4.7 70.5 0 226.012 255.416
21.25 2 6.35 1011.9 4.85 70.875 0 197.51 255.479
21.2708 2 6.3 1011.86 5 71.25 0 169.008 255.541
21.2917 2 6.05 1011.95 5 71.5 0 142.027 255.243
21.3125 2 5.8 1012.04 5 71.75 0 115.046 254.946
21.3333 2 5.8 1012.22 4.85 72.5 0 95.6449 253.846
21.3542 2 5.8 1012.4 4.7 73.25 0 76.2437 252.747
21.375 2 5.95 1012.41 4.6 73.75 0 66.5312 252.804
21.3958 2 6.1 1012.42 4.5 74.25 0 56.8187 252.861
21.4167 2 5.05 1012.58 4.3 74.3125 0 54.8736 253.367
21.4375 2 4 1012.75 4.1 74.375 0 52.9285 253.874
21.4583 2 3.8 1012.78 4.55 73.6875 0 45.8279 283.531
21.4792 2 3.6 1012.8 5 73 0 38.7272 313.187
21.5 2 2.8 1012.68 5.2 73.8125 0 38.8078 313.122
21.5208 2 2 1012.57 5.4 74.625 0 38.8883 313.056
21.5417 2 2.15 1012.52 6 73.6875 0 47.0973 311.452
21.5625 2 2.3 1012.46 6.6 72.75 0 55.3063 309.848
21.5833 2 2.9 1012.35 7.05 72.5 0 120.425 284.913
21.6042 2 3.5 1012.25 7.5 72.25 0 185.543 259.978
21.625 2 4.25 1012.19 7.7 71.3125 0 242.706 259.951
21.6458 2 5 1012.13 7.9 70.375 0 299.87 259.924
21.6667 2 6.75 1012.04 8.05 69.625 0 337.673 259.251
21.6875 2 8.5 1011.95 8.2 68.875 0 375.476 258.578
21.7083 2 7.4 1011.97 7.7 67.75 0 421.115 257.443
21.7292 2 6.3 1011.99 7.2 66.625 0 466.753 256.309
21.75 2 6.4 1012.03 7.3 65.5625 0 503.309 257.386
21.7708 2 6.5 1012.07 7.4 64.5 0 539.865 258.464
21.7917 2 6.25 1012.16 7.35 64.5625 0 573.552 258.749
21.8125 2 6 1012.24 7.3 64.625 0 607.238 259.034
21.8333 2 5.9 1012.38 7.25 64.6875 0 611.807 270.501
21.8542 2 5.8 1012.51 7.2 64.75 0 616.377 281.968
21.875 2 5.7 1012.54 6.55 64.1875 0 601.731 290.805
21.8958 2 5.6 1012.57 5.9 63.625 0 587.085 299.642
21.9167 2 6.3 1012.58 5.8 64 0 645.708 282.124
21.9375 2 7 1012.59 5.7 64.375 0 704.331 264.605
21.9583 2 6.4 1012.64 5.6 64.8125 0 617.626 278.217
21.9792 2 5.8 1012.68 5.5 65.25 0 530.921 291.83
22 2 6.1 1012.72 5.2 65.4375 0 446.066 303.422
22.0208 2 6.4 1012.77 4.9 65.625 0 361.211 315.013
22.0417 2 5.95 1012.82 4.9 65.9375 0 338.352 315.471
22.0625 2 5.5 1012.86 4.9 66.25 0 315.494 315.929
22.0833 2 4.9 1012.84 4.85 66.75 0 299.596 315.384
22.1042 2 4.3 1012.83 4.8 67.25 0 283.698 314.839
22.125 2 3.85 1012.86 4.55 67.25 0 207.913 319.928
22.1458 2 3.4 1012.89 4.3 67.25 0 132.128 325.017
22.1667 2 2.8 1012.9 4.15 67.125 0 107.42 326.626
22.1875 2 2.2 1012.91 4 67 0 82.7117 328.235
22.2083 2 2.15 1012.81 4.15 68.25 0 68.3688 329.058
22.2292 2 2.1 1012.71 4.3 69.5 0 54.0258 329.882
22.25 2 2.1 1012.79 4.35 71 0 43.167 330.41
22.2708 2 2.1 1012.86 4.4 72.5 0 32.3083 330.938
22.2917 2 2.1 1012.91 4.7 71.0357 0 29.5001 331.43
22.3125 2 2.1 1012.97 5 69.5714 0 26.692 331.921
22.3333 2 2.3 1013.06 5.15 71.9107 0 20.7726 333.751
22.3542 2 2.5 1013.16 5.3 74.25 0 14.8533 335.582
22.375 2 2.85 1013.21 5.25 72.9821 0 11.3421 335.79
22.3958 2 3.2 1013.26 5.2 71.7143 0 7.83083 335.998
22.4167 2 3.35 1013.22 5.15 73.5446 0 9.01342 335.081
22.4375 2 3.5 1013.19 5.1 75.375 0 10.196 334.163
22.4583 2 3.4 1013.21 4.8 71.7709 0 15.4074 328.964
22.4792 2 3.3 1013.24 4.5 68.1667 0 20.6187 323.765
22.5 2 3.2 1013.4 3.85 68.7709 0 31.8566 322.07
22.5208 2 3.1 1013.56 3.2 69.375 0 43.0945 320.376
22.5417 2 3.1 1013.67 3.1 68.6875 0 46.9698 321.596
22.5625 2 3.1 1013.78 3 68 0 50.8452 322.816
22.5833 2 2.95 1013.74 3.4 70.75 0 81.4906 315.075
22.6042 2 2.8 1013.7 3.8 73.5 0 112.136 307.334
22.625 2 3.3 1013.8 4.25 72.4375 0 134.49 308.482
22.6458 2 3.8 1013.9 4.7 71.375 0 156.843 309.629
22.6667 2 3.7 1013.88 4.65 71.625 0 196.923 310.875
22.6875 2 3.6 1013.85 4.6 71.875 0 237.003 312.122
22.7083 2 3.1 1013.83 4.9 72.1875 0 260.194 317.614
22.7292 2 2.6 1013.81 5.2 72.5 0 283.384 323.105
22.75 2 2.8 1013.92 5 72.125 0 215.697 327.96
22.7708 2 3 1014.02 4.8 71.75 0 148.009 332.815
22.7917 2 2.6 1014.05 4.65 74.2321 0 175.137 332.988
22.8125 2 2.2 1014.08 4.5 76.7143 0 202.265 333.161
22.8333 2 1.9 1014.03 4.5 77.2946 0 238.975 332.629
22.8542 2 1.6 1013.97 4.5 77.875 0 275.686 332.096
22.875 2 1.6 1013.96 4.55 77.5625 0 303.596 332.641
22.8958 2 1.6 1013.95 4.6 77.25 0 331.507 333.186
22.9167 2 2.15 1013.93 4.35 74.9584 0 351.565 331.716
22.9375 2 2.7 1013.9 4.1 72.6667 0 371.623 330.245
22.9583 2 3.3 1013.86 4.35 73.0555 0 401.581 330.039
22.9792 2 3.9 1013.82 4.6 73.4444 0 431.539 329.834
23 2 3.85 1013.71 4.95 75.3472 0 407.445 328.006
23.0208 2 3.8 1013.6 5.3 77.25 0 383.352 326.178
23.0417 2 4.4 1013.39 5.05 77.375 0 380.69 321.202
23.0625 2 5 1013.18 4.8 77.5 0 378.027 316.225
23.0833 2 5.4 1012.96 4.7 76.9375 0 409.917 300.063
23.1042 2 5.8 1012.75 4.6 76.375 0 441.806 283.901
23.125 2 5.4 1012.58 4.25 77.1875 0 342.585 284.876
23.1458 2 5 1012.42 3.9 78 0 243.364 285.852
23.1667 2 5.1 1012.27 4 78.4375 0 225.344 293.179
23.1875 2 5.2 1012.11 4.1 78.875 0 207.325 300.506
23.2083 2 5.3 1011.89 3.95 77.875 0 185 300.435
23.2292 2 5.4 1011.67 3.8 76.875 0 162.675 300.363
23.25 2 5.55 1011.53 3.75 78.3125 0 158.398 278.448
23.2708 2 5.7 1011.39 3.7 79.75 0 154.121 256.532
23.2917 2 5.6 1011.17 3.3 80.8125 9.34078e-006 106.529 258.986
23.3125 2 5.5 1010.94 2.9 81.875 1.86816e-005 58.9367 261.44
23.3333 2 4.7 1010.83 3.05 82.25 1.87671e-005 68.9809 290.878
23.3542 2 3.9 1010.72 3.2 82.625 1.88527e-005 79.025 320.316
23.375 2 4.35 1010.43 3.05 83.4375 1.90381e-005 58.2214 323.125
23.3958 2 4.8 1010.15 2.9 84.25 1.92235e-005 37.4178 325.935
23.4167 2 4.5 1009.92 2.7 84.3125 1.92377e-005 42.486 324.912
23.4375 2 4.2 1009.69 2.5 84.375 1.9252e-005 47.5542 323.889
23.4583 2 3.95 1009.33 2.35 84.4375 1.92662e-005 33.3918 324.691
23.4792 2 3.7 1008.97 2.2 84.5 1.92805e-005 19.2295 325.494
23.5 2 3.75 1008.6 2.35 83.8929 1.9142e-005 17.7445 328.687
23.5208 2 3.8 1008.23 2.5 83.2857 1.90034e-005 16.2595 331.88
23.5417 2 3.85 1007.91 2.55 82.8571 1.89057e-005 32.5861 328.873
23.5625 2 3.9 1007.59 2.6 82.4286 1.88079e-005 48.9127 325.866
23.5833 2 3.9 1007.33 2.5 82.2858 1.87753e-005 46.4104 327.901
23.6042 2 3.9 1007.07 2.4 82.1429 1.87427e-005 43.9082 329.935
23.625 2 3.85 1006.79 2.3 81.2143 9.37133e-006 46.6481 330.159
23.6458 2 3.8 1006.5 2.2 80.2857 0 49.388 330.383
23.6667 2 4.05 1006.2 2.7 80.5 0 140.181 323.164
23.6875 2 4.3 1005.91 3.2 80.7143 0 230.974 315.946
23.7083 2 4.5 1005.67 3.45 79.1071 0 279.172 315.714
23.7292 2 4.7 1005.43 3.7 77.5 0 327.371 315.482
23.75 2 4.05 1005.36 3.6 78.3929 0 297.363 320.959
23.7708 2 3.4 1005.29 3.5 79.2857 0 267.356 326.436
23.7917 2 3.7 1004.98 3.8 79.3095 0 403.354 298.94
23.8125 2 4 1004.67 4.1 79.3333 0 539.352 271.445
23.8333 2 4.3 1004.39 4.25 79.3333 0 615.313 270.51
23.8542 2 4.6 1004.11 4.4 79.3333 0 691.275 269.576
23.875 2 4.4 1003.79 4.15 79.9166 0 545.418 272.311
23.8958 2 4.2 1003.48 3.9 80.5 0 399.561 275.047
23.9167 2 4.8 1003.16 3.85 80.1071 0 416.441 289.324
23.9375 2 5.4 1002.83 3.8 79.7143 0 433.322 303.602
23.9583 2 5.8 1002.52 3.75 79.3571 0 473.904 301.57
23.9792 2 6.2 1002.21 3.7 79 0 514.487 299.538
24 2 6.25 1001.94 3.45 78.9286 0 419.5 305.351
24.0208 2 6.3 1001.67 3.2 78.8571 0 324.514 311.164
24.0417 2 6.5 1001.18 3.3 78.4286 0 348.139 310.777
24.0625 2 6.7 1000.7 3.4 78 0 371.764 310.391
24.0833 2 6.35 1000.47 3.15 76.9286 0 278.372 315.915
24.1042 2 6 1000.25 2.9 75.8571 0 184.98 321.439
24.125 2 6.05 999.94 2.6 76.5 0 127.712 322.371
24.1458 2 6.1 999.63 2.3 77.1429 0 70.4437 323.304
24.1667 2 5.5 999.74 2.3 76.7858 0 69.0922 322.16
24.1875 2 4.9 999.85 2.3 76.4286 0 67.7407 321.017
24.2083 2 4.3 1000.01 2.3 76.2143 0 64.6423 319.731
24.2292 2 3.7 1000.16 2.3 76 0 61.544 318.445
24.25 2 4.25 1000.21 2.15 76.2143 0 64.0967 316.106
24.2708 2 4.8 1000.26 2 76.4286 0 66.6495 313.767
24.2917 2 5.25 1000.09 1.9 77.1429 0 61.7786 312.693
24.3125 2 5.7 999.92 1.8 77.8571 0 56.9078 311.618
24.3333 2 5.85 999.94 1.7 78.5 0 50.9603 299.965
24.3542 2 6 999.96 1.6 79.1429 0 45.0127 288.312
24.375 2 6.75 999.695 1.5 79.6429 0 42.1524 278.658
24.3958 2 7.5 999.43 1.4 80.1429 0 39.292 269.004
24.4167 2 7.55 999.42 1.3 80.5 0 35.9151 285.122
24.4375 2 7.6 999.41 1.2 80.8571 0 32.5383 301.24
24.4583 2 7.2 999.395 1.15 81.2142 0 32.379 304.74
24.4792 2 6.8 999.38 1.1 81.5714 0 32.2197 308.24
24.5 2 6.35 999.48 1.15 80.7023 0 40.3284 305.493
24.5208 2 5.9 999.58 1.2 79.8333 0 48.437 302.747
24.5417 2 5.95 999.695 1.5 79.9881 0 71.3397 298.651
24.5625 2 6 999.81 1.8 80.1429 0 94.2423 294.554
24.5833 2 6.15 1000.08 2.25 79.7858 0 88.4747 305.277
24.6042 2 6.3 1000.34 2.7 79.4286 0 82.7072 316
24.625 2 5.9 1000.51 2.8 78.7143 0 94.5786 314.858
24.6458 2 5.5 1000.67 2.9 78 0 106.45 313.716
24.6667 2 5.55 1000.68 2.8 77.5714 0 120.18 314.907
24.6875 2 5.6 1000.69 2.7 77.1429 0 133.91 316.098
24.7083 2 5.95 1000.68 2.75 77.7589 0 151.721 316.988
24.7292 2 6.3 1000.67 2.8 78.375 0 169.531 317.879
24.75 2 5.95 1000.82 2.95 78.625 0 214.62 314.159
24.7708 2 5.6 1000.98 3.1 78.875 0 259.708 310.44
24.7917 2 5.1 1001.26 3.15 78 0 371.116 311.17
24.8125 2 4.6 1001.53 3.2 77.125 0 482.523 311.9
24.8333 2 4.65 1001.69 3.2 77.7768 0 493.324 312.948
24.8542 2 4.7 1001.84 3.2 78.4286 0 504.125 313.997
24.875 2 5 1001.93 3.05 77.7143 0 446.355 314.072
24.8958 2 5.3 1002.02 2.9 77 0 388.586 314.147
24.9167 2 5.55 1002.1 2.6 77.75 0 378.075 306.301
24.9375 2 5.8 1002.19 2.3 78.5 0 367.564 298.455
24.9583 2 6.15 1002.26 2.15 79.6666 0 395.071 296.503
24.9792 2 6.5 1002.33 2 80.8333 0 422.578 294.552
25 2 6.25 1002.45 1.85 80.5833 0 398.577 296.458
25.0208 2 6 1002.57 1.7 80.3333 0 374.575 298.364
25.0417 2 5.9 1002.66 1.65 81.25 0 395.235 300.284
25.0625 2 5.8 1002.74 1.6 82.1667 0 415.895 302.203
25.0833 2 5.6 1002.89 1.35 81.2977 0 336.153 305.103
25.1042 2 5.4 1003.03 1.1 80.4286 0 256.411 308.003
25.125 2 5.45 1003.17 0.95 80.9286 0 212.375 311.44
25.1458 2 5.5 1003.31 0.8 81.4286 0 168.339 314.876
25.1667 2 5.35 1003.36 0.7 82.2143 0 134.23 315.104
25.1875 2 5.2 1003.41 0.6 83 0 100.12 315.333
25.2083 2 5.15 1003.37 0.5 82.0834 0 77.0511 316.178
25.2292 2 5.1 1003.33 0.4 81.1667 0 53.9823 317.023
25.25 2 4.9 1003.32 0.4 81.4167 0 48.4396 317.489
25.2708 2 4.7 1003.3 0.4 81.6667 0 42.8968 317.955
25.2917 2 4.05 1003.41 0.4 82.3334 0 35.8651 316.896
25.3125 2 3.4 1003.51 0.4 83 0 28.8333 315.836
25.3333 2 3.3 1003.59 0.4 83.5834 0 23.8769 316.117
25.3542 2 3.2 1003.68 0.4 84.1667 0 18.9205 316.397
25.375 2 3.35 1003.65 0.4 84.5 0 19.7375 316.469
25.3958 2 3.5 1003.61 0.4 84.8333 0 20.5545 316.541
25.4167 2 3.9 1003.55 0.45 85 0 18.5491 318.288
25.4375 2 4.3 1003.5 0.5 85.1667 0 16.5437 320.035
25.4583 2 4.25 1003.53 0.55 85.4167 0 25.2817 314.529
25.4792 2 4.2 1003.56 0.6 85.6667 0 34.0197 309.023
25.5 2 4.05 1003.55 0.5 85.25 0 37.1458 281.37
25.5208 2 3.9 1003.55 0.4 84.8333 0 40.2718 253.717
25.5417 2 3.6 1003.63 0.4 83.9166 0 55.2385 266.158
25.5625 2 3.3 1003.71 0.4 83 0 70.2053 278.599
25.5833 2 3.45 1003.64 0.5 82.8334 0 89.0517 275.743
25.6042 2 3.6 1003.57 0.6 82.6667 0 107.898 272.888
25.625 2 3.85 1003.41 0.65 82.1667 0 117.766 267.69
25.6458 2 4.1 1003.24 0.7 81.6667 0 127.634 262.492
25.6667 2 4.15 1003.32 0.8 80.9167 0 133.462 285.244
25.6875 2 4.2 1003.4 0.9 80.1667 0 139.289 307.996
25.7083 2 4.35 1003.48 1.15 79.25 0 187.712 312.917
25.7292 2 4.5 1003.56 1.4 78.3333 0 236.136 317.839
25.75 2 4.65 1003.56 1.4 79.381 0 232.388 322.079
25.7708 2 4.8 1003.56 1.4 80.4286 0 228.64 326.319
25.7917 2 4.4 1003.53 1.45 80.4286 0 202.647 326.739
25.8125 2 4 1003.5 1.5 80.4286 0 176.655 327.159
25.8333 2 4.3 1003.32 1.55 79.7143 0 195.219 327.374
25.8542 2 4.6 1003.13 1.6 79 0 213.784 327.589
25.875 2 4.3 1003.2 1.55 79.3571 0 179.91 326.084
25.8958 2 4 1003.27 1.5 79.7143 0 146.035 324.58
25.9167 2 4.1 1003.42 1.45 80 0 180.568 321.919
25.9375 2 4.2 1003.56 1.4 80.2857 0 215.101 319.258
25.9583 2 4.65 1003.45 1.6 80.0714 0 272.094 319.879
25.9792 2 5.1 1003.33 1.8 79.8571 0 329.087 320.5
26 2 4.55 1003.3 1.8 79.3036 0 319.453 320.242
26.0208 2 4 1003.27 1.8 78.75 0 309.819 319.984
26.0417 2 4.25 1003.2 1.8 78.0179 0 276.06 319.701
26.0625 2 4.5 1003.13 1.8 77.2857 0 242.302 319.417
26.0833 2 4.25 1003.15 1.75 77.5179 0 236.475 319.516
26.1042 2 4 1003.17 1.7 77.75 0 230.649 319.616
26.125 2 4 1003.19 1.65 77.125 0 204.999 319.694
26.1458 2 4 1003.21 1.6 76.5 0 179.348 319.772
26.1667 2 4.05 1003.16 1.55 76.375 0 157.771 319.653
26.1875 2 4.1 1003.11 1.5 76.25 0 136.194 319.534
26.2083 2 3.8 1003.18 1.35 76.9821 0 108.524 319.016
26.2292 2 3.5 1003.26 1.2 77.7143 0 80.8535 318.497
26.25 2 3.55 1003.23 1.1 77.3571 0 66.3801 318.292
26.2708 2 3.6 1003.21 1 77 0 51.9068 318.086
26.2917 2 3.5 1003.27 0.95 77.2143 0 45.8365 317.977
26.3125 2 3.4 1003.32 0.9 77.4286 0 39.7662 317.868
26.3333 2 3.55 1003.34 0.85 79.3571 0 32.9945 317.419
26.3542 2 3.7 1003.36 0.8 81.2857 0 26.2228 316.969
26.375 2 3.55 1003.35 0.7 80.8095 0 23.2808 316.5
26.3958 2 3.4 1003.35 0.6 80.3333 0 20.3387 316.03
26.4167 2 3.45 1003.34 0.5 80 0 16.6972 316.018
26.4375 2 3.5 1003.33 0.4 79.6667 0 13.0557 316.005
26.4583 2 3.45 1003.3 0.4 80.9762 0 17.1795 316.32
26.4792 2 3.4 1003.26 0.4 82.2857 0 21.3032 316.636
26.5 2 3.35 1003.29 0.4 81.7143 0 26.2206 316.438
26.5208 2 3.3 1003.31 0.4 81.1429 0 31.138 316.239
26.5417 2 3 1003.49 0.45 80.9286 0 39.653 315.983
26.5625 2 2.7 1003.68 0.5 80.7143 0 48.168 315.727
26.5833 2 2.25 1003.67 0.55 80.5 0 58.3399 315.782
26.6042 2 1.8 1003.67 0.6 80.2857 0 68.5118 315.837
26.625 2 1.7 1003.74 0.65 80.1429 0 91.4124 316.001
26.6458 2 1.6 1003.82 0.7 80 0 114.313 316.166
26.6667 2 1.5 1003.79 0.85 79.6429 0 135.155 316.622
26.6875 2 1.4 1003.76 1 79.2857 0 155.996 317.079
26.7083 2 1.3 1003.84 1.1 79.5 0 166.241 317.679
26.7292 2 1.2 1003.93 1.2 79.7143 0 176.486 318.279
26.75 2 1.25 1003.98 1.3 79.7321 0 207.262 318.557
26.7708 2 1.3 1004.04 1.4 79.75 0 238.039 318.836
26.7917 2 1.55 1004.15 1.65 79.2321 0 305.24 318.284
26.8125 2 1.8 1004.26 1.9 78.7143 0 372.44 317.732
26.8333 2 2.1 1004.34 2.1 78.7857 0 418.823 311.406
26.8542 2 2.4 1004.42 2.3 78.8571 0 465.207 305.079
26.875 2 2.45 1004.39 2.5 78.6429 0 469.059 311.366
26.8958 2 2.5 1004.36 2.7 78.4286 0 472.91 317.652
26.9167 2 2.65 1004.5 2.5 77.6429 0 408.544 320.464
26.9375 2 2.8 1004.64 2.3 76.8571 0 344.178 323.275
26.9583 2 2.65 1004.68 2.45 76 0 350.305 323.279
26.9792 2 2.5 1004.73 2.6 75.1429 0 356.432 323.284
27 2 2.3 1004.85 2.6 74.7143 0 345.044 323.581
27.0208 2 2.1 1004.97 2.6 74.2857 0 333.655 323.878
27.0417 2 2.55 1005 2.45 75.1429 0 317.635 324.555
27.0625 2 3 1005.03 2.3 76 0 301.614 325.232
27.0833 2 3.4 1005.17 2.15 76.0714 0 261.335 325.197
27.1042 2 3.8 1005.31 2 76.1429 0 221.055 325.161
27.125 2 3.8 1005.36 1.95 76.0714 0 214.112 325.987
27.1458 2 3.8 1005.41 1.9 76 0 207.169 326.814
27.1667 2 3.35 1005.42 2.05 76.6429 0 181.745 328.102
27.1875 2 2.9 1005.43 2.2 77.2857 0 156.321 329.39
27.2083 2 2.9 1005.49 2.15 77.7143 0 129.245 329.653
27.2292 2 2.9 1005.56 2.1 78.1429 0 102.168 329.916
27.25 2 2.85 1005.61 1.95 78.7143 0 87.0091 329.655
27.2708 2 2.8 1005.66 1.8 79.2857 0 71.8502 329.395
27.2917 2 2.5 1005.68 1.75 80 0 56.854 328.655
27.3125 2 2.2 1005.7 1.7 80.7143 0 41.8578 327.916
27.3333 2 2.25 1005.75 1.65 81.5 0 31.7885 326.862
27.3542 2 2.3 1005.8 1.6 82.2857 0 21.7193 325.809
27.375 2 2.1 1005.91 1.5 81.4762 0 18.8116 324.546
27.3958 2 1.9 1006.02 1.4 80.6667 0 15.9038 323.283
27.4167 2 2.3 1006.12 1.25 81.0834 0 15.0085 322.591
27.4375 2 2.7 1006.22 1.1 81.5 0 14.1132 321.899
27.4583 2 2.7 1006.27 1.15 80.6666 0 12.6891 322.5
27.4792 2 2.7 1006.32 1.2 79.8333 0 11.265 323.101
27.5 2 2.35 1006.45 1.15 79.4166 0 15.8079 322.25
27.5208 2 2 1006.57 1.1 79 0 20.3508 321.399
27.5417 2 1.7 1006.55 1.2 78.8334 0 34.9084 323.186
27.5625 2 1.4 1006.54 1.3 78.6667 0 49.466 324.974
27.5833 2 1.45 1006.66 1.7 78.4167 0 65.4837 325.86
27.6042 2 1.5 1006.78 2.1 78.1667 0 81.5015 326.746
27.625 2 2.25 1006.8 2 77.6667 0 111.264 325.85
27.6458 2 3 1006.81 1.9 77.1667 0 141.026 324.954
27.6667 2 3.05 1006.89 1.95 76.75 0 199.24 323.204
27.6875 2 3.1 1006.97 2 76.3333 0 257.454 321.454
27.7083 2 2.95 1007.11 2.05 75.4166 0 241.487 322.381
27.7292 2 2.8 1007.25 2.1 74.5 0 225.519 323.308
27.75 2 2.75 1007.33 2.2 74.0834 0 213.706 324.718
27.7708 2 2.7 1007.4 2.3 73.6667 0 201.894 326.127
27.7917 2 2.95 1007.58 2.3 74.8334 0 227.52 325.439
27.8125 2 3.2 1007.76 2.3 76 0 253.145 324.75
27.8333 2 3.45 1007.84 2.8 75.9166 0 462.652 313.583
27.8542 2 3.7 1007.92 3.3 75.8333 0 672.158 302.415
27.875 2 3.4 1007.99 3.45 76.3452 0 647.477 293.647
27.8958 2 3.1 1008.06 3.6 76.8571 0 622.795 284.879
27.9167 2 3 1008.21 3.55 76 0 496.898 308.467
27.9375 2 2.9 1008.37 3.5 75.1429 0 371.001 332.056
27.9583 2 2.75 1008.48 3.85 75.7143 0 515.07 305.771
27.9792 2 2.6 1008.59 4.2 76.2857 0 659.138 279.486
28 2 2.9 1008.64 4.2 76.9762 0 650.228 271.846
28.0208 2 3.2 1008.69 4.2 77.6667 0 641.318 264.206
28.0417 2 3.2 1008.76 4 77.619 0 606.561 263.768
28.0625 2 3.2 1008.82 3.8 77.5714 0 571.804 263.329
28.0833 2 3.3 1008.82 3.65 77.6429 0 533.077 262.325
28.1042 2 3.4 1008.81 3.5 77.7143 0 494.349 261.321
28.125 2 3.25 1008.84 3.6 78.3571 0 489.438 271.635
28.1458 2 3.1 1008.87 3.7 79 0 484.527 281.95
28.1667 2 3.1 1008.95 3.55 79.1429 0 406.37 271.868
28.1875 2 3.1 1009.03 3.4 79.2857 0 328.214 261.787
28.2083 2 2.85 1009.1 3.1 80.2143 0 286 260.93
28.2292 2 2.6 1009.17 2.8 81.1429 0 243.785 260.073
28.25 2 2.5 1009.14 2.6 81.7143 0 210.826 259.639
28.2708 2 2.4 1009.1 2.4 82.2857 0 177.866 259.205
28.2917 2 2.05 1009.24 2.15 83.2143 0 138.457 260.397
28.3125 2 1.7 1009.39 1.9 84.1429 0 99.0473 261.589
28.3333 2 1.45 1009.49 1.4 84 0 77.0848 274.81
28.3542 2 1.2 1009.59 0.9 83.8571 0 55.1223 288.031
28.375 2 1.15 1009.67 0.7 82.4286 0 45.4602 277.938
28.3958 2 1.1 1009.74 0.5 81 0 35.798 267.845
28.4167 2 1.25 1009.7 0.55 81.25 0 40.1059 263.537
28.4375 2 1.4 1009.65 0.6 81.5 0 44.4138 259.229
28.4583 2 1.7 1009.59 0.55 82.8929 0 50.1086 259.104
28.4792 2 2 1009.54 0.5 84.2857 0 55.8033 258.978
28.5 2 1.8 1009.47 0.55 84.0714 0 53.495 263.272
28.5208 2 1.6 1009.4 0.6 83.8571 0 51.1867 267.566
28.5417 2 2.05 1009.36 0.65 83.5714 0 62.0886 271.575
28.5625 2 2.5 1009.33 0.7 83.2857 0 72.9905 275.583
28.5833 2 2.55 1009.35 0.95 82.4286 0 108.424 286.21
28.6042 2 2.6 1009.37 1.2 81.5714 0 143.857 296.836
28.625 2 2.9 1009.38 1.2 79.0357 0 149.479 290.344
28.6458 2 3.2 1009.38 1.2 76.5 0 155.101 283.853
28.6667 2 3.6 1009.4 1.55 75.8334 0 237.419 273.927
28.6875 2 4 1009.41 1.9 75.1667 0 319.737 264
28.7083 2 3.75 1009.39 2.05 75.1667 0 328.151 286.607
28.7292 2 3.5 1009.36 2.2 75.1667 0 336.565 309.215
28.75 2 3.5 1009.36 2.15 75.5834 0 375.088 308.437
28.7708 2 3.5 1009.37 2.1 76 0 413.611 307.659
28.7917 2 3.35 1009.24 2.3 76.25 0 454.232 304.212
28.8125 2 3.2 1009.11 2.5 76.5 0 494.854 300.765
28.8333 2 3.65 1009.04 2.55 76.5 0 492.162 293.777
28.8542 2 4.1 1008.97 2.6 76.5 0 489.47 286.789
28.875 2 4.3 1008.89 2.55 75.5834 0 474.546 291.81
28.8958 2 4.5 1008.8 2.5 74.6667 0 459.622 296.83
28.9167 2 4.6 1008.76 2.65 74.3334 0 474.188 302.869
28.9375 2 4.7 1008.71 2.8 74 0 488.753 308.908
28.9583 2 4.75 1008.71 3.05 75.1666 0 603.795 294.063
28.9792 2 4.8 1008.71 3.3 76.3333 0 718.837 279.218
29 2 5.15 1008.65 2.85 77.4166 0 581.78 289.402
29.0208 2 5.5 1008.59 2.4 78.5 0 444.723 299.586
29.0417 2 5.4 1008.43 2.45 79.1666 0 435.647 307.683
29.0625 2 5.3 1008.26 2.5 79.8333 0 426.572 315.78
29.0833 2 5.3 1008.12 2.55 79.8333 0 382.616 318.187
29.1042 2 5.3 1007.98 2.6 79.8333 0 338.66 320.594
29.125 2 5.3 1007.84 2.4 79.75 0 248.007 321.468
29.1458 2 5.3 1007.7 2.2 79.6667 0 157.353 322.342
29.1667 2 5.2 1007.67 2.15 79.25 0 163.745 322.927
29.1875 2 5.1 1007.64 2.1 78.8333 0 170.136 323.512
29.2083 2 5.2 1007.56 2.05 78.5833 0 153.801 322.422
29.2292 2 5.3 1007.48 2 78.3333 0 137.465 321.332
29.25 2 5 1007.49 1.95 79 0 122.129 323.083
29.2708 2 4.7 1007.51 1.9 79.6667 0 106.793 324.833
29.2917 2 4.35 1007.47 1.7 80.5834 0 77.6458 321.05
29.3125 2 4 1007.43 1.5 81.5 0 48.4985 317.267
29.3333 2 3.95 1007.45 1.4 81.75 0 42.8377 310.893
29.3542 2 3.9 1007.48 1.3 82 0 37.177 304.518
29.375 2 3.9 1007.45 1.2 82.1666 0 39.6367 288.719
29.3958 2 3.9 1007.42 1.1 82.3333 0 42.0963 272.919
29.4167 2 3.9 1007.4 1.1 82.5 0 36.8893 284.62
29.4375 2 3.9 1007.38 1.1 82.6667 0 31.6823 296.322
29.4583 2 3.95 1007.26 1.15 82.6667 0 36.6304 311.282
29.4792 2 4 1007.14 1.2 82.6667 0 41.5785 326.242
29.5 2 3.8 1007.11 1.25 81.5 0 40.6337 326.184
29.5208 2 3.6 1007.09 1.3 80.3333 0 39.6888 326.126
29.5417 2 3.5 1007.09 1.25 80.4166 0 52.1014 325.37
29.5625 2 3.4 1007.09 1.2 80.5 0 64.514 324.613
29.5833 2 3.45 1006.92 1.15 80.0834 0 81.549 322.018
29.6042 2 3.5 1006.75 1.1 79.6667 0 98.584 319.423
29.625 2 3.5 1006.71 1.25 78.9167 0 130.631 319.214
29.6458 2 3.5 1006.67 1.4 78.1667 0 162.678 319.005
29.6667 2 3.55 1006.65 1.65 77.4167 0 234.956 316.688
29.6875 2 3.6 1006.62 1.9 76.6667 0 307.235 314.371
29.7083 2 3.5 1006.59 1.75 75.5 0 303.801 305.962
29.7292 2 3.4 1006.57 1.6 74.3333 0 300.367 297.553
29.75 2 3.45 1006.57 1.7 75.4523 0 328.9 307.479
29.7708 2 3.5 1006.57 1.8 76.5714 0 357.433 317.406
29.7917 2 3.25 1006.58 1.85 77.7857 0 396.336 317.139
29.8125 2 3 1006.6 1.9 79 0 435.24 316.873
29.8333 2 3 1006.6 2.15 77.0714 0 475.288 309.991
29.8542 2 3 1006.61 2.4 75.1429 0 515.337 303.11
29.875 2 2.85 1006.56 2.55 75.5714 0 501.663 301.366
29.8958 2 2.7 1006.51 2.7 76 0 487.989 299.622
29.9167 2 2.95 1006.45 2.95 76.7857 0 555.576 293.496
29.9375 2 3.2 1006.38 3.2 77.5714 0 623.162 287.37
29.9583 2 3.15 1006.27 3.15 78.2142 0 566.259 291.887
29.9792 2 3.1 1006.16 3.1 78.8571 0 509.356 296.403
