0 2 1.1 1020.16 -15.7 80 0 -0.505085 245.924
0.0208333 2 1 1019.85 -15.7 80 0 0 243.487
0.0416667 2 0.9 1019.6 -15.85 80 0 0 236.962
0.0625 2 0.8 1019.36 -16 80 0 0 230.437
0.0833333 2 1.1 1019.2 -16.15 80 0 0 229.051
0.104167 2 1.4 1019.04 -16.3 80 0 0 227.664
0.125 2 1.15 1018.88 -16.1 80 0 0 237.306
0.145833 2 0.9 1018.71 -15.9 80 0 0 246.948
0.166667 2 0.7 1018.6 -15.45 81 1.16308e-042 0 249.551
0.1875 2 0.5 1018.49 -15 82 2.32616e-042 0 252.153
0.208333 2 0.35 1018.32 -14.9 81.5 2.31214e-042 0 251.645
0.229167 2 0.2 1018.14 -14.8 81 2.29813e-042 0 251.137
0.25 2 0.2 1017.95 -14.6 81.5 2.31214e-042 0 251.613
0.270833 2 0.2 1017.76 -14.4 82 2.32616e-042 0 252.089
0.291667 2 0.1 1017.68 -14.1 82.5 2.34017e-042 0 252.728
0.3125 2 0 1017.6 -13.8 83 2.35418e-042 0 253.366
0.333333 2 0 1017.56 -13.65 83.5 2.36819e-042 0 253.309
0.354167 2 0 1017.52 -13.5 84 2.38221e-042 0 253.251
0.375 2 0.55 1017.49 -13.4 83.5 2.36819e-042 0 252.857
0.395833 2 1.1 1017.46 -13.3 83 2.35418e-042 0 252.462
0.416667 2 1.7 1017.49 -13.4 83 2.35418e-042 0 250.904
0.4375 2 2.3 1017.53 -13.5 83 2.35418e-042 0 249.346
0.458333 2 2.5 1017.56 -13.6 82.5 2.34017e-042 0 248.152
0.479167 2 2.7 1017.58 -13.7 82 2.32616e-042 0 246.958
0.5 2 2.9 1017.54 -13.9 82 2.32616e-042 0 244.327
0.520833 2 3.1 1017.49 -14.1 82 2.32616e-042 0 241.697
0.541667 2 3 1017.4 -14.3 81.5 2.31214e-042 0 238.755
0.5625 2 2.9 1017.3 -14.5 81 2.29813e-042 0 235.812
0.583333 2 2.85 1017.15 -14.25 81.5 2.31214e-042 0 240.588
0.604167 2 2.8 1016.99 -14 82 2.32616e-042 0 245.364
0.625 2 2.6 1016.89 -13.95 82 2.32616e-042 0 243.173
0.645833 2 2.4 1016.79 -13.9 82 2.32616e-042 0 240.981
0.666667 2 2.55 1016.71 -13.8 82 2.32616e-042 0 246.451
0.6875 2 2.7 1016.63 -13.7 82 2.32616e-042 0 251.921
0.708333 2 2.5 1016.47 -13.35 82.5 2.34017e-042 0 253.25
0.729167 2 2.3 1016.31 -13 83 2.35418e-042 0 254.578
0.75 2 2.4 1016.05 -12.65 83.5 2.36819e-042 0 255.307
0.770833 2 2.5 1015.8 -12.3 84 2.38221e-042 0 256.036
0.791667 2 3.25 1015.7 -12.15 84 2.38221e-042 0 254.951
0.8125 2 4 1015.59 -12 84 2.38221e-042 0 253.866
0.833333 2 4.6 1015.66 -12.85 83 2.35418e-042 0 251.145
0.854167 2 5.2 1015.72 -13.7 82 2.32616e-042 0 248.423
0.875 2 5.15 1015.67 -14.15 81 1.16308e-042 -0.693415 246.659
0.895833 2 5.1 1015.63 -14.6 80 0 -1.38683 244.895
0.916667 2 4.9 1015.51 -14.9 80 0 -1.32867 243.509
0.9375 2 4.7 1015.39 -15.2 80 0 -1.2705 242.124
0.958333 2 4.75 1015.35 -15.15 80 0 -0.888583 240.764
0.979167 2 4.8 1015.32 -15.1 80 0 -0.506667 239.405
1 2 4.7 1015.21 -15.05 80 0 -0.253334 241.12
1.02083 2 4.6 1015.09 -15 80 0 0 242.835
1.04167 2 4.95 1014.95 -15.6 79 0 0 241.579
1.0625 2 5.3 1014.81 -16.2 78 0 0 240.324
1.08333 2 5.05 1014.76 -16.1 78.5 0 0 239.495
1.10417 2 4.8 1014.7 -16 79 0 0 238.665
1.125 2 4.9 1014.71 -16.15 78.5 0 0 236.364
1.14583 2 5 1014.73 -16.3 78 0 0 234.063
1.16667 2 4.9 1014.71 -16.3 78 0 0 232.649
1.1875 2 4.8 1014.7 -16.3 78 0 0 231.235
1.20833 2 4.9 1014.68 -16.7 77.5 0 0 214.849
1.22917 2 5 1014.66 -17.1 77 0 0 198.462
1.25 2 4.5 1014.7 -18.15 76 0 0 196.477
1.27083 2 4 1014.75 -19.2 75 0 0 194.491
1.29167 2 3.75 1014.77 -18.25 76 0 0 212.185
1.3125 2 3.5 1014.78 -17.3 77 0 0 229.878
1.33333 2 3.75 1014.9 -16.5 78 0 0 229.293
1.35417 2 4 1015.02 -15.7 79 0 0 228.708
1.375 2 4.2 1015.13 -15.65 78.5 0 0 227.495
1.39583 2 4.4 1015.24 -15.6 78 0 0 226.283
1.41667 2 4.35 1015.41 -15.5 78 0 0 230.66
1.4375 2 4.3 1015.58 -15.4 78 0 0 235.037
1.45833 2 4.55 1015.7 -15.1 78 0 0 238.853
1.47917 2 4.8 1015.81 -14.8 78 0 0 242.668
1.5 2 4.9 1015.95 -14.5 78 0 0 244.031
1.52083 2 5 1016.1 -14.2 78 0 0 245.395
1.54167 2 5.1 1016.29 -14.1 78 0 0 244.841
1.5625 2 5.2 1016.49 -14 78 0 0 244.287
1.58333 2 4.6 1016.72 -14.2 77.5 0 0 242.952
1.60417 2 4 1016.96 -14.4 77 0 0 241.617
1.625 2 3.6 1017.12 -14.3 77 0 0 241.182
1.64583 2 3.2 1017.28 -14.2 77 0 0 240.748
1.66667 2 3.05 1017.58 -14.1 77 0 0 242.354
1.6875 2 2.9 1017.87 -14 77 0 0 243.96
1.70833 2 3 1017.97 -13.85 77.5 0 0 245.299
1.72917 2 3.1 1018.07 -13.7 78 0 0 246.639
1.75 2 3.5 1018.29 -13.65 78 0 0 247.703
1.77083 2 3.9 1018.5 -13.6 78 0 0 248.766
1.79167 2 3.5 1018.83 -13.65 77 0 0 248.146
1.8125 2 3.1 1019.16 -13.7 76 0 0 247.525
1.83333 2 3.15 1019.47 -13.85 75 0 0 245.104
1.85417 2 3.2 1019.79 -14 74 0 0 242.682
1.875 2 3.3 1020.2 -14 74 0 -0.534335 242.865
1.89583 2 3.4 1020.61 -14 74 0 -1.06867 243.047
1.91667 2 2.9 1020.9 -14 75.5 0 -1.23817 243.02
1.9375 2 2.4 1021.18 -14 77 0 -1.40767 242.992
1.95833 2 2 1021.29 -14 76.5 0 -0.905335 242.262
1.97917 2 1.6 1021.4 -14 76 0 -0.403 241.531
2 2 1.55 1021.66 -14 76 0 -0.2015 242.333
2.02083 2 1.5 1021.92 -14 76 0 0 243.134
2.04167 2 1.7 1022.05 -13.85 77 0 0 243.182
2.0625 2 1.9 1022.18 -13.7 78 0 0 243.231
2.08333 2 1.85 1022.39 -13.55 79 0 0 243.326
2.10417 2 1.8 1022.59 -13.4 80 0 0 243.421
2.125 2 2.7 1022.88 -13.3 79.5 0 0 244.144
2.14583 2 3.6 1023.16 -13.2 79 0 0 244.867
2.16667 2 3.4 1023.34 -13.3 79.5 0 0 245.363
2.1875 2 3.2 1023.52 -13.4 80 0 0 245.859
2.20833 2 3.1 1023.61 -13.55 79.5 0 0 244.779
2.22917 2 3 1023.71 -13.7 79 0 0 243.699
2.25 2 2.95 1023.76 -13.85 79.5 0 0 242.378
2.27083 2 2.9 1023.81 -14 80 0 0 241.057
2.29167 2 2.9 1024.01 -14.3 79 0 0 237.616
2.3125 2 2.9 1024.21 -14.6 78 0 0 234.174
2.33333 2 2.5 1024.44 -14.7 76.5 0 0 236.354
2.35417 2 2.1 1024.66 -14.8 75 0 0 238.533
2.375 2 2.4 1024.8 -14.75 76.5 0 0 239.655
2.39583 2 2.7 1024.94 -14.7 78 0 0 240.776
2.41667 2 3.4 1024.97 -14.75 77.5 0 0 240.978
2.4375 2 4.1 1025.01 -14.8 77 0 0 241.179
2.45833 2 4.3 1024.96 -15.1 76 0 0 237.92
2.47917 2 4.5 1024.9 -15.4 75 0 0 234.661
2.5 2 4.6 1024.95 -15.6 74.5 0 0 234.702
2.52083 2 4.7 1025 -15.8 74 0 0 234.744
2.54167 2 4.7 1025.13 -16 74.5 0 0 235.286
2.5625 2 4.7 1025.26 -16.2 75 0 0 235.829
2.58333 2 4.5 1025.26 -16.4 75 0 0 234.867
2.60417 2 4.3 1025.26 -16.6 75 0 0 233.905
2.625 2 3.85 1025.24 -16.85 73.5 0 0 233.266
2.64583 2 3.4 1025.23 -17.1 72 0 0 232.626
2.66667 2 2.95 1025.24 -17.25 71.5 0 0 232.449
2.6875 2 2.5 1025.26 -17.4 71 0 0 232.272
2.70833 2 2.4 1025.28 -17.4 71 0 0 232.868
2.72917 2 2.3 1025.29 -17.4 71 0 0 233.465
2.75 2 2.2 1025.46 -17.45 70.5 0 0 233.357
2.77083 2 2.1 1025.62 -17.5 70 0 0 233.25
2.79167 2 1.55 1025.62 -17.5 70 0 0 232.565
2.8125 2 1 1025.62 -17.5 70 0 0 231.88
2.83333 2 0.8 1025.74 -17.55 70 0 0 231.776
2.85417 2 0.6 1025.86 -17.6 70 0 0 231.672
2.875 2 0.3 1026.04 -17.6 70 0 -0.18925 231.582
2.89583 2 0 1026.22 -17.6 70 0 -0.3785 231.492
2.91667 2 0.4 1026.29 -17.6 70.5 0 -0.557917 231.501
2.9375 2 0.8 1026.37 -17.6 71 0 -0.737333 231.51
2.95833 2 1.15 1026.24 -17.65 71.5 0 -0.459666 229.298
2.97917 2 1.5 1026.12 -17.7 72 0 -0.182 227.086
3 2 1.65 1026.28 -17.75 71.5 0 -0.091 227.768
3.02083 2 1.8 1026.44 -17.8 71 0 0 228.45
3.04167 2 1.45 1026.58 -17.8 70.5 0 0 228.724
3.0625 2 1.1 1026.72 -17.8 70 0 0 228.999
3.08333 2 0.9 1026.77 -17.8 69.5 0 0 229.211
3.10417 2 0.7 1026.82 -17.8 69 0 0 229.423
3.125 2 0.45 1026.93 -17.75 68.5 0 0 229.513
3.14583 2 0.2 1027.04 -17.7 68 0 0 229.603
3.16667 2 0.1 1027.1 -17.7 68.5 0 0 229.592
3.1875 2 0 1027.17 -17.7 69 0 0 229.581
3.20833 2 0.3 1027.28 -17.7 69 0 0 229.341
3.22917 2 0.6 1027.39 -17.7 69 0 0 229.101
3.25 2 0.45 1027.52 -17.75 69.5 0 0 229.139
3.27083 2 0.3 1027.65 -17.8 70 0 0 229.178
3.29167 2 0.25 1027.74 -17.8 70.5 0 0 228.852
3.3125 2 0.2 1027.83 -17.8 71 0 0 228.525
3.33333 2 0.4 1021.33 -17.8 71 0 0 228.809
3.35417 2 0.6 1014.83 -17.8 71 0 0 229.093
3.375 2 1.2 1014.85 -18.05 73 0 0 228.051
3.39583 2 1.8 1014.88 -18.3 75 0 0 227.008
3.41667 2 1.9 1014.78 -18.45 75 0 0 226.023
3.4375 2 2 1014.68 -18.6 75 0 0 225.038
3.45833 2 2 1014.64 -18.75 74.5 0 0 224.923
3.47917 2 2 1014.59 -18.9 74 0 0 224.807
3.5 2 2.1 1014.48 -18.85 73 0 0 225.727
3.52083 2 2.2 1014.37 -18.8 72 0 0 226.646
3.54167 2 2.45 1014.36 -18.7 71.5 0 0 227.174
3.5625 2 2.7 1014.35 -18.6 71 0 0 227.702
3.58333 2 2.55 1014.28 -18.45 72.5 0 0 228.62
3.60417 2 2.4 1014.21 -18.3 74 0 0 229.537
3.625 2 2.5 1014.14 -17.85 74 0 0 230.53
3.64583 2 2.6 1014.06 -17.4 74 0 0 231.522
3.66667 2 2.45 1014.04 -17.25 73.5 0 0 231.911
3.6875 2 2.3 1014.02 -17.1 73 0 0 232.301
3.70833 2 2.25 1013.97 -17 73 0 0 232.779
3.72917 2 2.2 1013.92 -16.9 73 0 0 233.257
3.75 2 2.6 1020.86 -16.8 74 0 0 233.799
3.77083 2 3 1027.8 -16.7 75 0 0 234.342
3.79167 2 3.15 1027.76 -16.5 73.5 0 0 234.502
3.8125 2 3.3 1027.71 -16.3 72 0 0 234.662
3.83333 2 3.35 1027.68 -16.25 71 0 0 234.885
3.85417 2 3.4 1027.64 -16.2 70 0 0 235.108
3.875 2 2.95 1027.59 -16.2 70.5 0 -0.33175 235.248
3.89583 2 2.5 1027.54 -16.2 71 0 -0.6635 235.388
3.91667 2 2.35 1027.56 -16.2 70.5 0 -0.979585 232.796
3.9375 2 2.2 1027.59 -16.2 70 0 -1.29567 230.203
3.95833 2 2.2 1027.43 -16.1 72 0 -0.647835 232.923
3.97917 2 2.2 1027.26 -16 74 0 0 235.644
4 2 3.05 1027.02 -15.85 76.5 0 0 238.249
4.02083 2 3.9 1026.78 -15.7 79 0 0 240.853
4.04167 2 4.2 1026.52 -15.55 80 1.14906e-042 0 238.158
4.0625 2 4.5 1026.26 -15.4 81 2.29813e-042 0 235.462
4.08333 2 4.25 1026.35 -15.2 79.5 1.14906e-042 0 234.057
4.10417 2 4 1026.45 -15 78 0 0 232.652
4.125 2 4 1026.32 -15.05 76 0 0 234.574
4.14583 2 4 1026.2 -15.1 74 0 0 236.496
4.16667 2 4.15 1026.23 -15.25 76 0 0 238.234
4.1875 2 4.3 1026.27 -15.4 78 0 0 239.972
4.20833 2 5.35 1026.29 -15.65 76 0 0 238.225
4.22917 2 6.4 1026.3 -15.9 74 0 0 236.479
4.25 2 5.9 1026.32 -16.4 73 0 0 235.298
4.27083 2 5.4 1026.35 -16.9 72 0 0 234.116
4.29167 2 5.45 1026.43 -16.9 73 0 0 234.607
4.3125 2 5.5 1026.51 -16.9 74 0 0 235.098
4.33333 2 5.5 1026.49 -16.75 75 0 0 235.07
4.35417 2 5.5 1026.48 -16.6 76 0 0 235.042
4.375 2 5.25 1026.55 -16.4 76.5 0 0 234.661
4.39583 2 5 1026.63 -16.2 77 0 0 234.281
4.41667 2 5.1 1026.71 -15.9 77.5 0 0 235.309
4.4375 2 5.2 1026.78 -15.6 78 0 0 236.337
4.45833 2 5.7 1026.83 -15.45 77.5 0 0 235.393
4.47917 2 6.2 1026.89 -15.3 77 0 0 234.449
4.5 2 6.35 1026.97 -15.35 76 0 0 233.907
4.52083 2 6.5 1027.05 -15.4 75 0 0 233.365
4.54167 2 7.55 1027.16 -15.9 74.5 0 0 232.643
4.5625 2 8.6 1027.27 -16.4 74 0 0 231.921
4.58333 2 8.7 1019.8 -17.3 73 0 0 228.093
4.60417 2 8.8 1012.32 -18.2 72 0 0 224.265
4.625 2 8.4 1012.18 -18.3 70.5 0 0 222.761
4.64583 2 8 1012.05 -18.4 69 0 0 221.257
4.66667 2 8.05 1012.02 -18.65 68.5 0 0 212.991
4.6875 2 8.1 1011.98 -18.9 68 0 0 204.725
4.70833 2 7.5 1011.96 -18.55 68 0 0 212.408
4.72917 2 6.9 1011.95 -18.2 68 0 0 220.091
4.75 2 7.2 1011.94 -17.8 69 0 0 224.161
4.77083 2 7.5 1011.93 -17.4 70 0 0 228.232
4.79167 2 7.85 1011.85 -17.1 71.5 0 0 229.374
4.8125 2 8.2 1011.78 -16.8 73 0 0 230.517
4.83333 2 7.55 1011.72 -16.65 73 0 0 231.665
4.85417 2 6.9 1011.66 -16.5 73 0 0 232.814
4.875 2 7 1011.57 -16.25 74 0 -0.2505 233.076
4.89583 2 7.1 1011.49 -16 75 0 -0.501 233.338
4.91667 2 7.4 1011.45 -15.9 74.5 0 -0.968835 232.28
4.9375 2 7.7 1011.42 -15.8 74 0 -1.43667 231.222
4.95833 2 7.55 1011.29 -15.5 75 0 -0.718335 235.317
4.97917 2 7.4 1011.16 -15.2 76 0 0 239.412
5 2 7.15 1011.06 -15.05 75 0 0 237.249
5.02083 2 6.9 1010.97 -14.9 74 0 0 235.086
5.04167 2 6.55 1010.87 -14.85 74 0 0 231.352
5.0625 2 6.2 1010.77 -14.8 74 0 0 227.618
5.08333 2 5.8 1010.65 -14.8 74 0 0 227.335
5.10417 2 5.4 1010.52 -14.8 74 0 0 227.052
5.125 2 4.8 1010.46 -14.8 74.5 0 0 228.464
5.14583 2 4.2 1010.4 -14.8 75 0 0 229.875
5.16667 2 4.15 1010.32 -14.75 74.5 0 0 231.219
5.1875 2 4.1 1010.23 -14.7 74 0 0 232.562
5.20833 2 3.15 1010.16 -14.75 75 0 0 232.561
5.22917 2 2.2 1010.09 -14.8 76 0 0 232.561
5.25 2 1.25 1010.01 -14.9 76.5 0 0 232.893
5.27083 2 0.3 1009.92 -15 77 0 0 233.225
5.29167 2 0.65 1009.89 -15.1 77.5 0 0 234.096
5.3125 2 1 1009.85 -15.2 78 0 0 234.966
5.33333 2 0.95 1009.79 -15.2 78 0 0 238.629
5.35417 2 0.9 1009.73 -15.2 78 0 0 242.292
5.375 2 4.1 1009.68 -14.2 78.5 0 0 240.675
5.39583 2 7.3 1009.63 -13.2 79 0 0 239.058
5.41667 2 7.05 1009.57 -13.3 78.5 0 0 239.978
5.4375 2 6.8 1009.51 -13.4 78 0 0 240.897
5.45833 2 6.6 1009.4 -13.55 77.5 0 0 243.841
5.47917 2 6.4 1009.29 -13.7 77 0 0 246.786
5.5 2 6.7 1009.13 -13.9 77 0 0 245.431
5.52083 2 7 1008.97 -14.1 77 0 0 244.076
5.54167 2 6.9 1008.8 -14.25 77 0 0 243.139
5.5625 2 6.8 1008.64 -14.4 77 0 0 242.202
5.58333 2 7 1008.54 -14.5 76.5 0 0 242.151
5.60417 2 7.2 1008.44 -14.6 76 0 0 242.101
5.625 2 7.35 1008.37 -14.75 75.5 0 0 240.689
5.64583 2 7.5 1008.3 -14.9 75 0 0 239.278
5.66667 2 7.95 1008.25 -15.1 75.5 0 0 238.338
5.6875 2 8.4 1008.2 -15.3 76 0 0 237.398
5.70833 2 8.35 1008.15 -15.7 76 0 0 230.734
5.72917 2 8.3 1008.1 -16.1 76 0 0 224.07
5.75 2 7.85 1008.03 -17 75.5 0 0 201.338
5.77083 2 7.4 1007.97 -17.9 75 0 0 178.606
5.79167 2 7.55 1007.96 -18.45 74.5 0 0 176.526
5.8125 2 7.7 1007.96 -19 74 0 0 174.445
5.83333 2 7.6 1008.59 -19.4 73.5 0 0 173.275
5.85417 2 7.5 1009.21 -19.8 73 0 0 172.104
5.875 2 6.9 1009.24 -20.15 72.5 0 0 174.915
5.89583 2 6.3 1009.28 -20.5 72 0 0 177.727
5.91667 2 6.25 1008.47 -20.9 71.5 0 -0.404242 165.035
5.9375 2 6.2 1007.66 -21.3 71 0 -0.808485 152.342
5.95833 2 6.2 1007.57 -21.45 71 0 -0.404242 154.236
5.97917 2 6.2 1007.49 -21.6 71 0 0 156.13
6 2 6.25 1007.4 -21.8 70.5 0 0 152.811
6.02083 2 6.3 1007.31 -22 70 0 0 149.493
6.04167 2 6.4 1007.27 -22.2 70 0 0 147.721
6.0625 2 6.5 1007.23 -22.4 70 0 0 145.95
6.08333 2 6.55 1007.24 -22.4 69.5 0 0 146.727
6.10417 2 6.6 1007.25 -22.4 69 0 0 147.503
6.125 2 6.5 1007.27 -22.45 69 0 0 147.667
6.14583 2 6.4 1007.28 -22.5 69 0 0 147.83
6.16667 2 6.5 1007.27 -22.45 69 0 0 146.859
6.1875 2 6.6 1007.26 -22.4 69 0 0 145.888
6.20833 2 6.25 1007.27 -22.65 69 0 0 145.13
6.22917 2 5.9 1007.28 -22.9 69 0 0 144.373
6.25 2 5.4 1007.33 -23.05 68.5 0 0 145.406
6.27083 2 4.9 1007.38 -23.2 68 0 0 146.439
6.29167 2 4.5 1007.45 -23.3 68 0 0 146.965
6.3125 2 4.1 1007.51 -23.4 68 0 0 147.492
6.33333 2 4.05 1007.55 -23.6 67.5 0 0 146.328
6.35417 2 4 1007.58 -23.8 67 0 0 145.164
6.375 2 4.35 1007.68 -23.85 67 0 0 144.644
6.39583 2 4.7 1007.78 -23.9 67 0 0 144.124
6.41667 2 4.65 1007.82 -23.9 67 0 0 143.66
6.4375 2 4.6 1007.86 -23.9 67 0 0 143.197
6.45833 2 3.9 1007.92 -23.9 67 0 0 143.837
6.47917 2 3.2 1007.98 -23.9 67 0 0 144.478
6.5 2 2.95 1008.01 -23.95 67 0 0 144.9
6.52083 2 2.7 1008.04 -24 67 0 0 145.323
6.54167 2 2.85 1008.07 -24.2 67 0 0 146.789
6.5625 2 3 1008.1 -24.4 67 0 0 148.255
6.58333 2 3.05 1008.18 -24.55 66.5 0 0 148.449
6.60417 2 3.1 1008.27 -24.7 66 0 0 148.642
6.625 2 3.05 1008.29 -24.65 66 0 0 146.43
6.64583 2 3 1008.3 -24.6 66 0 0 144.217
6.66667 2 3.05 1008.36 -24.8 66 0 0 145.089
6.6875 2 3.1 1008.43 -25 66 0 0 145.96
6.70833 2 3 1008.57 -24.8 66 0 0 148.514
6.72917 2 2.9 1008.72 -24.6 66 0 0 151.067
6.75 2 3 1008.85 -24.5 67 0 0 153.073
6.77083 2 3.1 1008.98 -24.4 68 0 0 155.078
6.79167 2 2.85 1009.11 -24.35 68 0 0 154.489
6.8125 2 2.6 1009.24 -24.3 68 0 0 153.9
6.83333 2 2.6 1009.35 -24.2 68.5 0 0 151.371
6.85417 2 2.6 1009.46 -24.1 69 0 0 148.843
6.875 2 2.65 1009.58 -24.25 69 0 0 152.061
6.89583 2 2.7 1009.69 -24.4 69 0 0 155.278
6.91667 2 2.7 1009.8 -24.4 69 0 0 154.855
6.9375 2 2.7 1009.9 -24.4 69 0 0 154.432
6.95833 2 2.65 1009.98 -24.4 69 0 0 155.777
6.97917 2 2.6 1010.07 -24.4 69 0 0 157.121
7 2 2.6 1010.13 -24.35 69 0 0 159.973
7.02083 2 2.6 1010.19 -24.3 69 0 0 162.824
7.04167 2 2.3 1010.3 -24.25 69.5 0 0 162.799
7.0625 2 2 1010.41 -24.2 70 0 0 162.774
7.08333 2 2.25 1010.63 -24.2 70 0 0 161.755
7.10417 2 2.5 1010.84 -24.2 70 0 0 160.736
7.125 2 2.45 1011.01 -24.15 70 0 0 156.688
7.14583 2 2.4 1011.18 -24.1 70 0 0 152.639
7.16667 2 2.4 1011.33 -24.25 70 0 0 151.155
7.1875 2 2.4 1011.48 -24.4 70 0 0 149.671
7.20833 2 2.35 1011.64 -24.5 70 0 0 149.66
7.22917 2 2.3 1011.8 -24.6 70 0 0 149.65
7.25 2 2.5 1011.98 -24.7 69.5 0 0 149.545
7.27083 2 2.7 1012.17 -24.8 69 0 0 149.44
7.29167 2 2.6 1012.43 -24.7 69.5 0 0 151.471
7.3125 2 2.5 1012.7 -24.6 70 0 0 153.503
7.33333 2 2.2 1012.88 -24.65 70 0 0 155.077
7.35417 2 1.9 1013.06 -24.7 70 0 0 156.65
7.375 2 1.8 1013.32 -24.65 70 0 0 157.53
7.39583 2 1.7 1013.58 -24.6 70 0 0 158.41
7.41667 2 2.1 1013.78 -24.55 69.5 0 0 159.781
7.4375 2 2.5 1013.97 -24.5 69 0 0 161.151
7.45833 2 2.55 1014.15 -24.3 69.5 0 0 158.709
7.47917 2 2.6 1014.33 -24.1 70 0 0 156.267
7.5 2 2.75 1014.48 -24.15 70 0 0 154.208
7.52083 2 2.9 1014.64 -24.2 70 0 0 152.15
7.54167 2 3.05 1014.68 -24.25 70 0 0 155.104
7.5625 2 3.2 1014.73 -24.3 70 0 0 158.057
7.58333 2 3.35 1014.81 -24.35 69.5 0 0 158.3
7.60417 2 3.5 1014.89 -24.4 69 0 0 158.543
7.625 2 3.25 1015.02 -24.25 69 0 0 156.758
7.64583 2 3 1015.15 -24.1 69 0 0 154.974
7.66667 2 3.1 1015.21 -24.25 69 0 0 151.492
7.6875 2 3.2 1015.27 -24.4 69 0 0 148.011
7.70833 2 3.35 1015.39 -24.45 69 0 0 147.047
7.72917 2 3.5 1015.51 -24.5 69 0 0 146.083
7.75 2 3.7 1015.58 -24.7 68.5 0 0 146.657
7.77083 2 3.9 1015.64 -24.9 68 0 0 147.231
7.79167 2 4 1015.75 -24.65 68.5 0 0 149.828
7.8125 2 4.1 1015.86 -24.4 69 0 0 152.425
7.83333 2 4.1 1015.99 -24.1 69.5 0 0 153.91
7.85417 2 4.1 1016.12 -23.8 70 0 0 155.395
7.875 2 4.15 1016.17 -23.85 69.5 0 0 151.213
7.89583 2 4.2 1016.23 -23.9 69 0 0 147.031
7.91667 2 4.4 1016.24 -23.85 69 0 0 147.393
7.9375 2 4.6 1016.26 -23.8 69 0 0 147.754
7.95833 2 4.5 1016.24 -23.75 69.5 0 0 147.84
7.97917 2 4.4 1016.23 -23.7 70 0 0 147.925
8 2 4.35 1016.17 -23.85 69.5 0 0 146.762
8.02083 2 4.3 1016.12 -24 69 0 0 145.599
8.04167 2 4.25 1016.11 -23.95 69 0 0 146.353
8.0625 2 4.2 1016.1 -23.9 69 0 0 147.107
8.08333 2 4.25 1016.13 -23.85 69 0 0 147.577
8.10417 2 4.3 1016.15 -23.8 69 0 0 148.046
8.125 2 4.4 1016.18 -23.7 69 0 0 147.215
8.14583 2 4.5 1016.21 -23.6 69 0 0 146.384
8.16667 2 4.75 1016.2 -23.35 69.5 0 0 148.913
8.1875 2 5 1016.18 -23.1 70 0 0 151.441
8.20833 2 5.05 1020.42 -23.15 70 0 0 149.193
8.22917 2 5.1 1024.65 -23.2 70 0 0 146.945
8.25 2 5.15 1024.36 -23.1 70 0 0 150.363
8.27083 2 5.2 1024.08 -23 70 0 0 153.78
8.29167 2 5.2 1023.68 -23.05 69.5 0 0 152.087
8.3125 2 5.2 1023.29 -23.1 69 0 0 150.393
8.33333 2 5.25 1023.01 -23.05 69 0 0 150.615
8.35417 2 5.3 1022.72 -23 69 0 0 150.837
8.375 2 5.05 1022.45 -23.1 69 0 0 149.803
8.39583 2 4.8 1022.18 -23.2 69 0 0 148.77
8.41667 2 5.05 1021.77 -22.95 69.5 0 0 149.811
8.4375 2 5.3 1021.35 -22.7 70 0 0 150.852
8.45833 2 5.2 1020.9 -22.55 70 0 0 152.403
8.47917 2 5.1 1020.45 -22.4 70 0 0 153.954
8.5 2 5.1 1020 -22.35 70 0 0 151.596
8.52083 2 5.1 1019.55 -22.3 70 0 0 149.239
8.54167 2 5.2 1019.2 -22.25 70.5 0 0 149.173
8.5625 2 5.3 1018.86 -22.2 71 0 0 149.107
8.58333 2 5.45 1018.52 -22.05 71 0 0 149.883
8.60417 2 5.6 1018.17 -21.9 71 0 0 150.66
8.625 2 5.4 1017.96 -21.8 71 0 0 151.943
8.64583 2 5.2 1017.75 -21.7 71 0 0 153.226
8.66667 2 4.65 1017.58 -21.95 71 0 0 153.418
8.6875 2 4.1 1017.4 -22.2 71 0 0 153.61
8.70833 2 4.05 1017.34 -22.3 71 0 0 153.328
8.72917 2 4 1017.28 -22.4 71 0 0 153.047
8.75 2 4.1 1017.18 -22.35 71 0 0 153.125
8.77083 2 4.2 1017.07 -22.3 71 0 0 153.204
8.79167 2 4 1016.99 -22.45 71 0 0 152.73
8.8125 2 3.8 1016.91 -22.6 71 0 0 152.257
8.83333 2 3.9 1016.7 -22.75 70.5 0 0 152.479
8.85417 2 4 1016.49 -22.9 70 0 0 152.701
8.875 2 4.15 1016.3 -22.6 70.5 0 0 153.051
8.89583 2 4.3 1016.11 -22.3 71 0 0 153.401
8.91667 2 4.2 1016.04 -22.3 71.5 0 0 153.4
8.9375 2 4.1 1015.96 -22.3 72 0 0 153.4
8.95833 2 3.95 1015.93 -22.4 72 0 0 152.035
8.97917 2 3.8 1015.91 -22.5 72 0 0 150.67
9 2 3.75 1015.77 -22.6 71.5 0 0 149.948
9.02083 2 3.7 1015.63 -22.7 71 0 0 149.226
9.04167 2 3.5 1015.58 -22.95 71 0 0 149.005
9.0625 2 3.3 1015.53 -23.2 71 0 0 148.785
9.08333 2 3.3 1015.45 -23.35 70.5 0 0 148.729
9.10417 2 3.3 1015.37 -23.5 70 0 0 148.674
9.125 2 3.4 1015.38 -23.4 70.5 0 0 148.768
9.14583 2 3.5 1015.38 -23.3 71 0 0 148.862
9.16667 2 3.6 1015.3 -23.15 71 0 0 148.911
9.1875 2 3.7 1015.21 -23 71 0 0 148.961
9.20833 2 3.3 1015.14 -23.05 71 0 0 149.111
9.22917 2 2.9 1015.06 -23.1 71 0 0 149.262
9.25 2 2.75 1015.02 -23.1 70.5 0 0 149.396
9.27083 2 2.6 1014.97 -23.1 70 0 0 149.53
9.29167 2 2.55 1014.84 -23.15 70.5 0 0 149.986
9.3125 2 2.5 1014.72 -23.2 71 0 0 150.442
9.33333 2 2.6 1014.7 -23.05 71 0 0 150.891
9.35417 2 2.7 1014.68 -22.9 71 0 0 151.34
9.375 2 2.55 1014.63 -22.85 71.5 0 0 151.665
9.39583 2 2.4 1014.57 -22.8 72 0 0 151.99
9.41667 2 2.2 1014.53 -22.8 71.5 0 0 151.875
9.4375 2 2 1014.49 -22.8 71 0 0 151.759
9.45833 2 2 1014.45 -23.15 70.5 0 0 151.258
9.47917 2 2 1014.4 -23.5 70 0 0 150.758
9.5 2 2.05 1014.39 -23.55 70 0 0 150.354
9.52083 2 2.1 1014.37 -23.6 70 0 0 149.951
9.54167 2 1.85 1014.14 -23.8 69.5 0 0 149.709
9.5625 2 1.6 1013.91 -24 69 0 0 149.467
9.58333 2 1.6 1013.82 -24.2 69 0 0 151.643
9.60417 2 1.6 1013.73 -24.4 69 0 0 153.82
9.625 2 1.8 1013.6 -24.45 69 0 0 151.682
9.64583 2 2 1013.48 -24.5 69 0 0 149.544
9.66667 2 1.95 1013.3 -24.6 68.5 0 0 148.842
9.6875 2 1.9 1013.12 -24.7 68 0 0 148.139
9.70833 2 1.8 1013.01 -24.85 68 0 0 147.84
9.72917 2 1.7 1012.9 -25 68 0 0 147.541
9.75 2 1.65 1012.84 -25.2 67.5 0 0 147.556
9.77083 2 1.6 1012.78 -25.4 67 0 0 147.57
9.79167 2 1.55 1012.65 -25.25 67 0 0 147.301
9.8125 2 1.5 1012.51 -25.1 67 0 0 147.032
9.83333 2 1.45 1012.54 -25.1 67.5 0 0 146.568
9.85417 2 1.4 1012.56 -25.1 68 0 0 146.104
9.875 2 1.1 1012.42 -25.1 68 0 0 145.838
9.89583 2 0.8 1012.29 -25.1 68 0 0 145.572
9.91667 2 0.8 1012.15 -24.95 69 0 0 147.227
9.9375 2 0.8 1012.01 -24.8 70 0 0 148.881
9.95833 2 1 1011.8 -24.4 70 0 0 151.603
9.97917 2 1.2 1011.6 -24 70 0 0 154.325
10 2 1.2 1011.39 -23.85 70 0 0 154.699
10.0208 2 1.2 1011.17 -23.7 70 0 0 155.074
10.0417 2 1.25 1011.1 -23.7 70 0 0 170.707
10.0625 2 1.3 1011.04 -23.7 70 0 0 186.339
10.0833 2 1.3 1010.97 -23.7 70 0 0 194.629
10.1042 2 1.3 1010.9 -23.7 70 0 0 202.918
10.125 2 1.1 1010.84 -23.8 69.5 0 0 198.018
10.1458 2 0.9 1010.77 -23.9 69 0 0 193.118
10.1667 2 0.65 1010.65 -24 69.5 0 0 189.686
10.1875 2 0.4 1010.52 -24.1 70 0 0 186.254
10.2083 2 0.2 1010.45 -24.25 70 0 0 182.74
10.2292 2 0 1010.38 -24.4 70 0 0 179.226
10.25 2 0.25 1010.19 -24.4 69.5 0 0 174.88
10.2708 2 0.5 1010 -24.4 69 0 0 170.534
10.2917 2 0.6 1009.83 -24.6 69 0 0 171.4
10.3125 2 0.7 1009.66 -24.8 69 0 0 172.267
10.3333 2 0.6 1009.6 -24.95 69 0 0 173.805
10.3542 2 0.5 1009.54 -25.1 69 0 0 175.342
10.375 2 0.9 1009.53 -25.45 69 0 0 179.853
10.3958 2 1.3 1009.52 -25.8 69 0 0 184.363
10.4167 2 1.5 1009.56 -25.8 68.5 0 0 186.262
10.4375 2 1.7 1009.6 -25.8 68 0 0 188.16
10.4583 2 1.45 1009.53 -26.1 67 0 0 183.367
10.4792 2 1.2 1009.46 -26.4 66 0 0 178.574
10.5 2 1.4 1009.36 -25.9 67 0 0 187.307
10.5208 2 1.6 1009.27 -25.4 68 0 0 196.039
10.5417 2 1.4 1009.22 -24.75 69 0 0 203.126
10.5625 2 1.2 1009.18 -24.1 70 0 0 210.213
10.5833 2 1.2 1009.07 -23.75 70.5 0 0 214.459
10.6042 2 1.2 1008.96 -23.4 71 0 0 218.705
10.625 2 1.25 1008.89 -23 71.5 0 0 219.458
10.6458 2 1.3 1008.81 -22.6 72 0 0 220.21
10.6667 2 1.4 1008.79 -22.5 72 0 0 217.43
10.6875 2 1.5 1008.76 -22.4 72 0 0 214.649
10.7083 2 1.65 1008.74 -22.65 71 0 0 205.212
10.7292 2 1.8 1008.73 -22.9 70 0 0 195.774
10.75 2 1.65 1008.74 -22.9 70 0 0 201.905
10.7708 2 1.5 1008.76 -22.9 70 0 0 208.035
10.7917 2 1.55 1008.67 -23 69.5 0 0 198.937
10.8125 2 1.6 1008.58 -23.1 69 0 0 189.839
10.8333 2 1.35 1008.52 -23.25 69 0 0 190.961
10.8542 2 1.1 1008.45 -23.4 69 0 0 192.082
10.875 2 0.75 1008.44 -23.05 69.5 0 0 198.146
10.8958 2 0.4 1008.43 -22.7 70 0 0 204.21
10.9167 2 0.25 1008.46 -22.1 70.5 0 0 193.829
10.9375 2 0.1 1008.5 -21.5 71 0 0 183.447
10.9583 2 0.8 1008.39 -22.2 70.5 0 0 184.048
10.9792 2 1.5 1008.27 -22.9 70 0 0 184.648
11 2 1.7 1008.03 -22.95 70 0 0 171.677
11.0208 2 1.9 1007.78 -23 70 0 0 158.706
11.0417 2 1.5 1007.51 -22.95 70 0 0 160.878
11.0625 2 1.1 1007.23 -22.9 70 0 0 163.05
11.0833 2 1.4 1007.28 -22.15 70 0 0 169.685
11.1042 2 1.7 1007.32 -21.4 70 0 0 176.32
11.125 2 2.25 1007.22 -21.3 70.5 0 0 176.063
11.1458 2 2.8 1007.13 -21.2 71 0 0 175.806
11.1667 2 3 1006.99 -21.7 70 0 0 160.208
11.1875 2 3.2 1006.85 -22.2 69 0 0 144.61
11.2083 2 3.35 1006.76 -22.55 69 0 0 143.068
11.2292 2 3.5 1006.67 -22.9 69 0 0 141.526
11.25 2 3.65 1006.53 -23.1 68 0 0 140.449
11.2708 2 3.8 1006.39 -23.3 67 0 0 139.372
11.2917 2 3.6 1006.18 -23.7 67 0 0 138.721
11.3125 2 3.4 1005.96 -24.1 67 0 0 138.071
11.3333 2 3.35 1005.8 -24.4 67 0 0 137.861
11.3542 2 3.3 1005.64 -24.7 67 0 0 137.65
11.375 2 3.3 1005.61 -24.85 66.5 0 0 137.133
11.3958 2 3.3 1005.58 -25 66 0 0 136.615
11.4167 2 3.15 1005.39 -25.45 65.5 0 0 136.004
11.4375 2 3 1005.19 -25.9 65 0 0 135.392
11.4583 2 2.9 1004.95 -26.05 65 0 0 134.99
11.4792 2 2.8 1004.71 -26.2 65 0 0 134.587
11.5 2 2.7 1004.51 -26.35 64.5 0 0 134.354
11.5208 2 2.6 1004.31 -26.5 64 0 0 134.12
11.5417 2 2.55 1003.99 -26.6 64 0 0 133.904
11.5625 2 2.5 1003.68 -26.7 64 0 0 133.689
11.5833 2 2.45 1003.25 -26.9 64 0 0 133.654
11.6042 2 2.4 1002.82 -27.1 64 0 0 133.619
11.625 2 2.3 1002.58 -27.05 64 0 0 133.848
11.6458 2 2.2 1002.34 -27 64 0 0 134.076
11.6667 2 1.75 1002.15 -27.3 63.5 0 0 133.939
11.6875 2 1.3 1001.95 -27.6 63 0 0 133.803
11.7083 2 1.55 1001.69 -27.65 63.5 0 0 134.479
11.7292 2 1.8 1001.43 -27.7 64 0 0 135.155
11.75 2 1.85 1001.2 -27.65 64 0 0 135.522
11.7708 2 1.9 1000.98 -27.6 64 0 0 135.889
11.7917 2 2.05 1000.66 -27.45 64 0 0 136.177
11.8125 2 2.2 1000.33 -27.3 64 0 0 136.465
11.8333 2 2.2 1000.09 -27.35 64 0 0 136.219
11.8542 2 2.2 999.86 -27.4 64 0 0 135.973
11.875 2 2.2 999.695 -27.1 66.5 0 0 136.031
11.8958 2 2.2 999.53 -26.8 69 0 0 136.089
11.9167 2 2.15 999.495 -27.45 68.5 0 0 135.665
11.9375 2 2.1 999.46 -28.1 68 0 0 135.24
11.9583 2 2.05 999.285 -28.4 67.5 0 0 135.471
11.9792 2 2 999.11 -28.7 67 0 0 135.702
12 2 2 998.96 -28.15 68 0 0 136.166
12.0208 2 2 998.81 -27.6 69 0 0 136.63
12.0417 2 2.1 998.71 -27.6 69 0 0 136.833
12.0625 2 2.2 998.61 -27.6 69 0 0 137.035
12.0833 2 2.3 998.53 -27.35 69.5 0 0 139.811
12.1042 2 2.4 998.45 -27.1 70 0 0 142.586
12.125 2 2.05 998.31 -27.9 69 0 0 146.975
12.1458 2 1.7 998.17 -28.7 68 0 0 151.363
12.1667 2 1.8 998.145 -29.65 66 0 0 150.422
12.1875 2 1.9 998.12 -30.6 64 0 0 149.481
12.2083 2 1.95 997.975 -30.35 64.5 0 0 152.744
12.2292 2 2 997.83 -30.1 65 0 0 156.007
12.25 2 2.2 997.695 -29.95 65 0 0 148.501
12.2708 2 2.4 997.56 -29.8 65 0 0 140.994
12.2917 2 2.15 997.565 -30.35 64.5 0 0 140.692
12.3125 2 1.9 997.57 -30.9 64 0 0 140.39
12.3333 2 2.15 997.585 -29.2 65.5 0 0 140.394
12.3542 2 2.4 997.6 -27.5 67 0 0 140.398
12.375 2 2.2 997.68 -26.8 68.5 0 0 141.858
12.3958 2 2 997.76 -26.1 70 0 0 143.318
12.4167 2 2.15 997.885 -26.1 70.5 0 0 145.344
12.4375 2 2.3 998.01 -26.1 71 0 0 147.369
12.4583 2 2.25 998.125 -26.1 71 0 0 147.544
12.4792 2 2.2 998.24 -26.1 71 0 0 147.718
12.5 2 2.15 998.22 -26.05 71 0 0 147.486
12.5208 2 2.1 998.2 -26 71 0 0 147.254
12.5417 2 2.4 998.2 -26.1 70.5 0 0 145.031
12.5625 2 2.7 998.2 -26.2 70 0 0 142.808
12.5833 2 2.4 998.2 -28 68 0 0 140.606
12.6042 2 2.1 998.2 -29.8 66 0 0 138.404
12.625 2 2.25 998.275 -31.6 63.5 0 0 138.609
12.6458 2 2.4 998.35 -33.4 61 0 0 138.814
12.6667 2 2.3 998.43 -32.95 62 0 0 141.925
12.6875 2 2.2 998.51 -32.5 63 0 0 145.036
12.7083 2 2.25 998.615 -31.8 63.5 0 0 145.518
12.7292 2 2.3 998.72 -31.1 64 0 0 146.001
12.75 2 2.3 998.815 -31.85 63 0 0 144.342
12.7708 2 2.3 998.91 -32.6 62 0 0 142.684
12.7917 2 2.25 998.955 -32.95 61.5 0 0 140.799
12.8125 2 2.2 999 -33.3 61 0 0 138.915
12.8333 2 2.25 999.105 -33.6 60.5 0 0 138.503
12.8542 2 2.3 999.21 -33.9 60 0 0 138.09
12.875 2 2.25 999.38 -33.55 60.5 0 0 138.982
12.8958 2 2.2 999.55 -33.2 61 0 0 139.873
12.9167 2 2.35 999.71 -33.25 61 0 0 138.535
12.9375 2 2.5 999.87 -33.3 61 0 0 137.198
12.9583 2 2.45 999.915 -33.45 60.5 0 0 137.084
12.9792 2 2.4 999.96 -33.6 60 0 0 136.97
13 2 2.25 999.93 -33.9 59.5 0 0 136.806
13.0208 2 2.1 999.9 -34.2 59 0 0 136.641
13.0417 2 2.15 999.9 -34.3 59 0 0 136.703
13.0625 2 2.2 999.9 -34.4 59 0 0 136.764
13.0833 2 2.15 999.895 -34.55 58.5 0 0 136.656
13.1042 2 2.1 999.89 -34.7 58 0 0 136.548
13.125 2 2 999.955 -34.85 58 0 0 136.37
13.1458 2 1.9 1000.02 -35 58 0 0 136.191
13.1667 2 1.75 1000.08 -35.05 58 0 0 135.867
13.1875 2 1.6 1000.13 -35.1 58 0 0 135.544
13.2083 2 1.6 1000.15 -34.95 58 0 0 135.609
13.2292 2 1.6 1000.17 -34.8 58 0 0 135.675
13.25 2 1.6 1000.29 -34.7 58 0 0 135.865
13.2708 2 1.6 1000.4 -34.6 58 0 0 136.055
13.2917 2 1.6 1000.39 -34.55 58 0 0 136.406
13.3125 2 1.6 1000.37 -34.5 58 0 0 136.757
13.3333 2 1.65 1000.43 -34.5 58 0 0 137.215
13.3542 2 1.7 1000.5 -34.5 58 0 0 137.673
13.375 2 1.8 1000.59 -34.55 58 0 0 137.913
13.3958 2 1.9 1000.68 -34.6 58 0 0 138.152
13.4167 2 1.85 1000.72 -34.45 58 0 0 139.003
13.4375 2 1.8 1000.77 -34.3 58 0 0 139.855
13.4583 2 1.95 1000.81 -34.05 59 0 0 143.233
13.4792 2 2.1 1000.85 -33.8 60 0 0 146.611
13.5 2 2.2 1000.91 -33.6 60 0 0 145.801
13.5208 2 2.3 1000.97 -33.4 60 0 0 144.991
13.5417 2 2.2 1000.96 -33.3 60 0 0 145.339
13.5625 2 2.1 1000.95 -33.2 60 0 0 145.687
13.5833 2 2.05 1001.08 -33.1 60.5 0 0 147.138
13.6042 2 2 1001.22 -33 61 0 0 148.589
13.625 2 1.9 1001.43 -33.15 60.5 0 0 146.362
13.6458 2 1.8 1001.65 -33.3 60 0 0 144.134
13.6667 2 1.85 1001.68 -33 61 0 0 147.186
13.6875 2 1.9 1001.7 -32.7 62 0 0 150.238
13.7083 2 1.85 1001.81 -32.2 62.5 0 0 154.629
13.7292 2 1.8 1001.92 -31.7 63 0 0 159.02
13.75 2 1.65 1002.09 -31.45 63 0 0 152.745
13.7708 2 1.5 1002.26 -31.2 63 0 0 146.469
13.7917 2 1.8 1002.4 -31.85 63 0 0 145.932
13.8125 2 2.1 1002.53 -32.5 63 0 0 145.396
13.8333 2 2.1 1002.64 -32.2 63.5 0 0 149.52
13.8542 2 2.1 1002.75 -31.9 64 0 0 153.643
13.875 2 1.95 1002.81 -31.8 64 0 0 151.428
13.8958 2 1.8 1002.87 -31.7 64 0 0 149.212
13.9167 2 2.3 1002.98 -32.2 63.5 0 0 147.246
13.9375 2 2.8 1003.09 -32.7 63 0 0 145.28
13.9583 2 2.85 1003.22 -31.9 64.5 0 0 145.373
13.9792 2 2.9 1003.36 -31.1 66 0 0 145.466
14 2 2.35 1003.43 -30.75 66.5 0 0 147.833
14.0208 2 1.8 1003.51 -30.4 67 0 0 150.201
14.0417 2 1.75 1003.6 -31.35 65 0 0 150.743
14.0625 2 1.7 1003.7 -32.3 63 0 0 151.285
14.0833 2 1.55 1003.9 -32.3 63 0 0 150.605
14.1042 2 1.4 1004.1 -32.3 63 0 0 149.926
14.125 2 1.4 1004.17 -32.4 62.5 0 0 151.257
14.1458 2 1.4 1004.25 -32.5 62 0 0 152.587
14.1667 2 1.55 1004.4 -32.6 61.5 0 0 156.095
14.1875 2 1.7 1004.55 -32.7 61 0 0 159.603
14.2083 2 1.65 1004.6 -32.45 61.5 0 0 162.457
14.2292 2 1.6 1004.66 -32.2 62 0 0 165.312
14.25 2 1.65 1004.73 -32.3 61.5 0 0 165.178
14.2708 2 1.7 1004.8 -32.4 61 0 0 165.044
14.2917 2 1.55 1004.79 -32.1 61.5 0 0 171.42
14.3125 2 1.4 1004.79 -31.8 62 0 0 177.796
14.3333 2 1.6 1004.84 -31.75 62 0 0 170.07
14.3542 2 1.8 1004.89 -31.7 62 0 0 162.343
14.375 2 1.85 1005.01 -32.05 61.5 0 0 154.622
14.3958 2 1.9 1005.12 -32.4 61 0 0 146.902
14.4167 2 2.2 1005.18 -32.65 60.5 0 0 144.391
14.4375 2 2.5 1005.25 -32.9 60 0 0 141.881
14.4583 2 2.7 1005.29 -33.5 59.5 0 0 140.077
14.4792 2 2.9 1005.32 -34.1 59 0 0 138.272
14.5 2 2.75 1005.23 -34.35 58.5 0 0 138.343
14.5208 2 2.6 1005.14 -34.6 58 0 0 138.414
14.5417 2 2.6 1005.3 -34.8 58 0 0 138.38
14.5625 2 2.6 1005.47 -35 58 0 0 138.346
14.5833 2 2.4 1005.45 -35.2 58 0 0 137.77
14.6042 2 2.2 1005.44 -35.4 58 0 0 137.194
14.625 2 2.8 1005.27 -35 58.5 0 0 137.287
14.6458 2 3.4 1005.09 -34.6 59 0 0 137.38
14.6667 2 3.85 1004.9 -34.15 59.5 0 0 137.199
14.6875 2 4.3 1004.7 -33.7 60 0 0 137.019
14.7083 2 4.4 1004.6 -33.65 60 0 0 136.845
14.7292 2 4.5 1004.5 -33.6 60 0 0 136.671
14.75 2 4.5 1004.37 -33.55 60 0 0 136.434
14.7708 2 4.5 1004.24 -33.5 60 0 0 136.197
14.7917 2 4.85 1004.01 -33.4 60 0 0 136.902
14.8125 2 5.2 1003.77 -33.3 60 0 0 137.608
14.8333 2 5.45 1003.47 -33.1 60 0 0 138.314
14.8542 2 5.7 1003.18 -32.9 60 0 0 139.02
14.875 2 5.85 1003.06 -32.7 60.5 0 0 143.285
14.8958 2 6 1002.94 -32.5 61 0 0 147.549
14.9167 2 6.1 1002.79 -32.35 61 0 0 146.26
14.9375 2 6.2 1002.63 -32.2 61 0 0 144.972
14.9583 2 6.3 1002.38 -32.2 61 0 0 143.133
14.9792 2 6.4 1002.12 -32.2 61 0 0 141.294
15 2 6.6 1001.8 -31.85 61.5 0 0 142.967
15.0208 2 6.8 1001.48 -31.5 62 0 0 144.641
15.0417 2 6.75 1001.27 -31.15 62.5 0 0 150.016
15.0625 2 6.7 1001.06 -30.8 63 0 0 155.39
15.0833 2 6.8 1000.92 -30.55 63.5 0 0 158.417
15.1042 2 6.9 1000.77 -30.3 64 0 0 161.444
15.125 2 6.7 1000.79 -30.1 64 0 0 167.772
15.1458 2 6.5 1000.81 -29.9 64 0 0 174.101
15.1667 2 6.2 1000.79 -29.75 64 0 0 181.249
15.1875 2 5.9 1000.76 -29.6 64 0 0 188.398
15.2083 2 6.05 1000.59 -29.4 64 0 0 187.161
15.2292 2 6.2 1000.42 -29.2 64 0 0 185.924
15.25 2 6.25 1000.33 -29.25 64 0 0 184.578
15.2708 2 6.3 1000.25 -29.3 64 0 0 183.233
15.2917 2 6.2 1000.3 -29.3 64 0 0 192.808
15.3125 2 6.1 1000.36 -29.3 64 0 0 202.383
15.3333 2 6 1000.36 -29.3 64 0 0 204.025
15.3542 2 5.9 1000.37 -29.3 64 0 0 205.666
15.375 2 5.7 1000.43 -29.35 64 0 0 201.497
15.3958 2 5.5 1000.49 -29.4 64 0 0 197.328
15.4167 2 5.55 1000.44 -29.4 64 0 0 198.231
15.4375 2 5.6 1000.39 -29.4 64 0 0 199.134
15.4583 2 5.4 1000.41 -29.25 64 0 0 202.74
15.4792 2 5.2 1000.42 -29.1 64 0 0 206.346
15.5 2 4.75 1000.46 -29.05 64 0 0 203.723
15.5208 2 4.3 1000.51 -29 64 0 0 201.099
15.5417 2 4.2 1000.53 -28.8 64.5 0 0 205.332
15.5625 2 4.1 1000.55 -28.6 65 0 0 209.565
15.5833 2 3.7 1000.55 -28.1 65.5 0 0 213.849
15.6042 2 3.3 1000.56 -27.6 66 0 0 218.133
15.625 2 3.15 1000.68 -27.15 67 0 0 217.105
15.6458 2 3 1000.81 -26.7 68 0 0 216.077
15.6667 2 2.9 1000.81 -26.4 68 0 0 211.507
15.6875 2 2.8 1000.81 -26.1 68 0 0 206.936
15.7083 2 2.65 1000.99 -26.2 68 0 0 188.401
15.7292 2 2.5 1001.18 -26.3 68 0 0 169.866
15.75 2 2.65 1001.28 -26.55 68 0 0 164.68
15.7708 2 2.8 1001.37 -26.8 68 0 0 159.495
15.7917 2 2.7 1001.54 -27.05 68 0 0 160.277
15.8125 2 2.6 1001.71 -27.3 68 0 0 161.059
15.8333 2 2.5 1001.95 -25.5 71 0 0 161.275
15.8542 2 2.4 1002.18 -23.7 74 0 0 161.49
15.875 2 2.7 1002.51 -22.95 75 0 0 173.763
15.8958 2 3 1002.84 -22.2 76 0 0 186.035
15.9167 2 3.1 1003.21 -22 76 0 0 193.767
15.9375 2 3.2 1003.57 -21.8 76 0 0 201.498
15.9583 2 3.2 1003.8 -22.35 75.5 0 0 188.249
15.9792 2 3.2 1004.04 -22.9 75 0 0 175
16 2 3 1004.3 -23.6 74 0 0 161.247
16.0208 2 2.8 1004.56 -24.3 73 0 0 147.495
16.0417 2 2.95 1004.85 -24.85 72 0 0 144.348
16.0625 2 3.1 1005.15 -25.4 71 0 0 141.202
16.0833 2 2.95 1005.43 -25.7 70.5 0 0 140.19
16.1042 2 2.8 1005.7 -26 70 0 0 139.178
16.125 2 2.75 1006.01 -26.2 69.5 0 0 138.552
16.1458 2 2.7 1006.31 -26.4 69 0 0 137.926
16.1667 2 2.85 1006.59 -26.6 69 0 0 136.849
16.1875 2 3 1006.88 -26.8 69 0 0 135.772
16.2083 2 2.6 1007.15 -26.85 69 0 0 135.237
16.2292 2 2.2 1007.42 -26.9 69 0 0 134.701
16.25 2 2.2 1007.63 -26.95 68.5 0 0 134.37
16.2708 2 2.2 1007.84 -27 68 0 0 134.038
16.2917 2 2.3 1008.05 -27.2 68 0 0 133.904
16.3125 2 2.4 1008.25 -27.4 68 0 0 133.769
16.3333 2 2.5 1008.51 -27.55 67.5 0 0 132.676
16.3542 2 2.6 1008.77 -27.7 67 0 0 131.584
16.375 2 2.35 1008.93 -27.95 67 0 0 131.415
16.3958 2 2.1 1009.09 -28.2 67 0 0 131.247
16.4167 2 2.15 1009.41 -28.2 67 0 0 130.641
16.4375 2 2.2 1009.72 -28.2 67 0 0 130.035
16.4583 2 2.2 1009.78 -28.25 67 0 0 129.717
16.4792 2 2.2 1009.84 -28.3 67 0 0 129.4
16.5 2 2.2 1010.09 -28.15 67 0 0 129.239
16.5208 2 2.2 1010.35 -28 67 0 0 129.078
16.5417 2 2.05 1010.5 -28.15 67 0 0 128.523
16.5625 2 1.9 1010.65 -28.3 67 0 0 127.968
16.5833 2 1.85 1010.7 -28.05 67 0 0 127.971
16.6042 2 1.8 1010.75 -27.8 67 0 0 127.974
16.625 2 1.75 1010.67 -27.8 67.5 0 0 127.706
16.6458 2 1.7 1010.59 -27.8 68 0 0 127.439
16.6667 2 2 1010.58 -27.95 67.5 0 0 127.611
16.6875 2 2.3 1010.56 -28.1 67 0 0 127.783
16.7083 2 2.35 1010.53 -27.95 67.5 0 0 127.944
16.7292 2 2.4 1010.5 -27.8 68 0 0 128.105
16.75 2 2.55 1010.36 -28.05 67.5 0 0 128.496
16.7708 2 2.7 1010.23 -28.3 67 0 0 128.887
16.7917 2 2.75 1010.01 -28.7 66 0 0 129.085
16.8125 2 2.8 1009.79 -29.1 65 0 0 129.283
16.8333 2 3.15 1009.57 -29.2 65 0 0 130.228
16.8542 2 3.5 1009.34 -29.3 65 0 0 131.173
16.875 2 3.8 1009.05 -29.2 65 0 0 137.75
16.8958 2 4.1 1008.76 -29.1 65 0 0 144.326
16.9167 2 4.5 1008.32 -28.25 66 0 0 154.975
16.9375 2 4.9 1007.87 -27.4 67 0 0 165.624
16.9583 2 5.6 1007.29 -26.65 67.5 0 0 173.667
16.9792 2 6.3 1006.7 -25.9 68 0 0 181.71
17 2 6.8 1006.07 -25.55 68.5 0 0 187.395
17.0208 2 7.3 1005.43 -25.2 69 0 0 193.08
17.0417 2 7.9 1004.96 -24.95 69 0 0 202.851
17.0625 2 8.5 1004.5 -24.7 69 0 0 212.622
17.0833 2 8.65 1004.14 -24.35 69 0 0 215.226
17.1042 2 8.8 1003.78 -24 69 0 0 217.83
17.125 2 9.15 1003.34 -23.65 69.5 0 0 216.284
17.1458 2 9.5 1002.91 -23.3 70 0 0 214.738
17.1667 2 9.65 1002.18 -23.1 70 0 0 212.196
17.1875 2 9.8 1001.46 -22.9 70 0 0 209.654
17.2083 2 10.2 1000.76 -22.5 70.5 0 0 215.523
17.2292 2 10.6 1000.06 -22.1 71 0 0 221.391
17.25 2 10.85 999.325 -22 70 0 0 206.378
17.2708 2 11.1 998.59 -21.9 69 0 0 191.365
17.2917 2 11 997.94 -21.85 69 0 0 191.541
17.3125 2 10.9 997.29 -21.8 69 0 0 191.717
17.3333 2 11.1 996.84 -21.6 69 0 0 196.37
17.3542 2 11.3 996.39 -21.4 69 0 0 201.024
17.375 2 11.6 996.01 -21.15 69.5 0 0 209.436
17.3958 2 11.9 995.63 -20.9 70 0 0 217.848
17.4167 2 11.55 995.19 -20.75 70 0 0 217.859
17.4375 2 11.2 994.75 -20.6 70 0 0 217.87
17.4583 2 10.75 994.395 -20 70.5 0 0 222.685
17.4792 2 10.3 994.04 -19.4 71 0 0 227.5
17.5 2 10.15 993.8 -19.15 71.5 0 0 221.909
17.5208 2 10 993.56 -18.9 72 0 0 216.318
17.5417 2 8.85 993.45 -18.65 73 0 0 223.249
17.5625 2 7.7 993.34 -18.4 74 0 0 230.179
17.5833 2 7.2 993.36 -18.5 74 0 0 230.846
17.6042 2 6.7 993.38 -18.6 74 0 0 231.513
17.625 2 6.05 993.425 -19 73.5 0 0 213.766
17.6458 2 5.4 993.47 -19.4 73 0 0 196.019
17.6667 2 4.6 993.64 -20.05 72 0 0 187.813
17.6875 2 3.8 993.81 -20.7 71 0 0 179.607
17.7083 2 3.5 994.01 -21.75 70 0 0 166.511
17.7292 2 3.2 994.21 -22.8 69 0 0 153.415
17.75 2 3.55 994.45 -23.6 68 0 0 153.365
17.7708 2 3.9 994.69 -24.4 67 0 0 153.315
17.7917 2 3.7 995.155 -24.7 66.5 0 0 157.059
17.8125 2 3.5 995.62 -25 66 0 0 160.802
17.8333 2 3.9 996.115 -24.75 66.5 0 0 158.785
17.8542 2 4.3 996.61 -24.5 67 0 0 156.769
17.875 2 4.65 997.14 -24.65 66.5 0 0 154.414
17.8958 2 5 997.67 -24.8 66 0 0 152.059
17.9167 2 5.2 998.02 -24.8 66 0 0 150.501
17.9375 2 5.4 998.37 -24.8 66 0 0 148.943
17.9583 2 5.65 998.685 -25.1 65.5 0 0 147.892
17.9792 2 5.9 999 -25.4 65 0 0 146.842
18 2 5.95 999.27 -25.5 65 0 0 152.525
18.0208 2 6 999.54 -25.6 65 0 0 158.208
18.0417 2 6.15 999.85 -25 66 0 0 177.107
18.0625 2 6.3 1000.16 -24.4 67 0 0 196.005
18.0833 2 7 1000.64 -22.1 70.5 0 0 206.341
18.1042 2 7.7 1001.11 -19.8 74 0 0 216.678
18.125 2 8.65 1001.95 -19.8 74 0 0 216.245
18.1458 2 9.6 1002.78 -19.8 74 0 0 215.811
18.1667 2 9.45 1003.64 -20.4 73 0 0 203.281
18.1875 2 9.3 1004.5 -21 72 0 0 190.751
18.2083 2 9.15 1005.28 -21.45 71 0 0 181.286
18.2292 2 9 1006.05 -21.9 70 0 0 171.822
18.25 2 9.15 1006.87 -22.15 69.5 0 0 169.982
18.2708 2 9.3 1007.69 -22.4 69 0 0 168.142
18.2917 2 9.4 1008.36 -22.8 69 0 0 156.986
18.3125 2 9.5 1009.04 -23.2 69 0 0 145.829
18.3333 2 9.65 1009.91 -23.5 68 0 0 143.421
18.3542 2 9.8 1010.77 -23.8 67 0 0 141.012
18.375 2 9.7 1011.46 -24.05 66.5 0 0 140.06
18.3958 2 9.6 1012.14 -24.3 66 0 0 139.109
18.4167 2 9.5 1012.8 -24.6 65.5 0 0 138.077
18.4375 2 9.4 1013.46 -24.9 65 0 0 137.046
18.4583 2 8.9 1014.1 -25.05 64.5 0 0 136.47
18.4792 2 8.4 1014.74 -25.2 64 0 0 135.893
18.5 2 8.35 1015.38 -25.35 64 0 0 135.413
18.5208 2 8.3 1016.02 -25.5 64 0 0 134.932
18.5417 2 8.25 1016.62 -25.65 64 0 0 134.425
18.5625 2 8.2 1017.22 -25.8 64 0 0 133.918
18.5833 2 8.25 1017.78 -25.85 63.5 0 0 133.486
18.6042 2 8.3 1018.33 -25.9 63 0 0 133.054
18.625 2 8 1018.94 -26.05 63 0 0 132.005
18.6458 2 7.7 1019.55 -26.2 63 0 0 130.956
18.6667 2 7.55 1020.12 -26.35 62.5 0 0 129.532
18.6875 2 7.4 1020.69 -26.5 62 0 0 128.108
18.7083 2 7.55 1021.14 -26.55 61 0 0 126.911
18.7292 2 7.7 1021.58 -26.6 60 0 0 125.715
18.75 2 7.25 1022.02 -26.65 58.5 0 0 125.26
18.7708 2 6.8 1022.46 -26.7 57 0 0 124.805
18.7917 2 6.3 1022.98 -26.65 56.5 0 0 124.814
18.8125 2 5.8 1023.51 -26.6 56 0 0 124.824
18.8333 2 5.65 1023.9 -26.65 57.5 0 0 124.838
18.8542 2 5.5 1024.29 -26.7 59 0 0 124.852
18.875 2 5.25 1017.67 -26.75 58.5 0 0 125.706
18.8958 2 5 1011.04 -26.8 58 0 0 126.561
18.9167 2 5.2 1011.13 -26.65 57 0 0 127.552
18.9375 2 5.4 1011.22 -26.5 56 0 0 128.543
18.9583 2 4.8 1011.32 -26.4 56.5 0 0 129.62
18.9792 2 4.2 1011.43 -26.3 57 0 0 130.697
19 2 3.65 1011.47 -27.4 58 0 0 131.753
19.0208 2 3.1 1011.52 -28.5 59 0 0 132.808
19.0417 2 3.25 1011.52 -30.35 58 0 0 132.85
19.0625 2 3.4 1011.52 -32.2 57 0 0 132.892
19.0833 2 3.25 1011.64 -32.6 56.5 0 0 133.298
19.1042 2 3.1 1011.76 -33 56 0 0 133.705
19.125 2 3.3 1011.79 -33.1 55.5 0 0 134.404
19.1458 2 3.5 1011.82 -33.2 55 0 0 135.102
19.1667 2 3.3 1011.95 -33.6 54 0 0 135.644
19.1875 2 3.1 1012.08 -34 53 0 0 136.186
19.2083 2 3.4 1012.17 -33.65 53.5 0 0 137.384
19.2292 2 3.7 1012.26 -33.3 54 0 0 138.583
19.25 2 3.75 1012.24 -33.1 54.5 0 0 137.729
19.2708 2 3.8 1012.23 -32.9 55 0 0 136.876
19.2917 2 3.8 1012.33 -33.1 54 0 0 138.803
19.3125 2 3.8 1012.43 -33.3 53 0 0 140.729
19.3333 2 3.7 1012.54 -33.25 53 0 0 139.268
19.3542 2 3.6 1012.65 -33.2 53 0 0 137.807
19.375 2 3.6 1012.78 -33.35 53 0 0 136.024
19.3958 2 3.6 1012.91 -33.5 53 0 0 134.241
19.4167 2 3.4 1012.91 -33.75 52.5 0 0 134.659
19.4375 2 3.2 1012.91 -34 52 0 0 135.076
19.4583 2 3.1 1012.96 -34.1 52 0 0 134.866
19.4792 2 3 1013.02 -34.2 52 0 0 134.656
19.5 2 3.05 1012.95 -34.25 52 0 0 135.714
19.5208 2 3.1 1012.87 -34.3 52 0 0 136.772
19.5417 2 3.05 1012.87 -33.95 52 0 0 137.378
19.5625 2 3 1012.87 -33.6 52 0 0 137.983
19.5833 2 3 1012.91 -33.55 52 0 0 138.439
19.6042 2 3 1012.94 -33.5 52 0 0 138.896
19.625 2 3.3 1012.89 -33.35 52 0 0 139.608
19.6458 2 3.6 1012.84 -33.2 52 0 0 140.32
19.6667 2 3.4 1012.88 -33.15 52 0 0 141.454
19.6875 2 3.2 1012.91 -33.1 52 0 0 142.589
19.7083 2 3.25 1012.92 -32.95 52 0 0 143.421
19.7292 2 3.3 1012.93 -32.8 52 0 0 144.252
19.75 2 3.35 1013.02 -32.9 51.5 0 0 144.365
19.7708 2 3.4 1013.1 -33 51 0 0 144.477
19.7917 2 3.3 1013.14 -32.9 51.5 0 0 145
19.8125 2 3.2 1013.18 -32.8 52 0 0 145.522
19.8333 2 3.45 1013.32 -32.9 52 0 0 146.173
19.8542 2 3.7 1013.47 -33 52 0 0 146.825
19.875 2 3.45 1013.5 -33 52 0 0 148.195
19.8958 2 3.2 1013.53 -33 52 0 0 149.565
19.9167 2 3.35 1013.63 -33.3 51.5 0 0 149.626
19.9375 2 3.5 1013.72 -33.6 51 0 0 149.688
19.9583 2 3.7 1013.77 -33.25 51.5 0 0 153.324
19.9792 2 3.9 1013.81 -32.9 52 0 0 156.96
20 2 3.8 1013.77 -32.65 52 0 0 160.121
20.0208 2 3.7 1013.72 -32.4 52 0 0 163.282
20.0417 2 3.4 1013.64 -31.55 52.5 0 0 164.943
20.0625 2 3.1 1013.55 -30.7 53 0 0 166.604
20.0833 2 3.55 1013.58 -30.7 53.5 0 0 161.905
20.1042 2 4 1013.62 -30.7 54 0 0 157.205
20.125 2 4.6 1013.63 -30.3 54 0 0 158.712
20.1458 2 5.2 1013.63 -29.9 54 0 0 160.219
20.1667 2 5.45 1013.67 -29.6 54.5 0 0 159.992
20.1875 2 5.7 1013.7 -29.3 55 0 0 159.765
20.2083 2 5.65 1013.67 -29.1 55 0 0 161.428
20.2292 2 5.6 1013.63 -28.9 55 0 0 163.092
20.25 2 5.75 1013.63 -28.35 55 0 0 168.358
20.2708 2 5.9 1013.62 -27.8 55 0 0 173.624
20.2917 2 6.3 1013.64 -27.1 55.5 0 0 179.932
20.3125 2 6.7 1013.66 -26.4 56 0 0 186.241
20.3333 2 7.1 1013.62 -26.05 56 0 0 191.696
20.3542 2 7.5 1013.58 -25.7 56 0 0 197.151
20.375 2 7.65 1013.55 -25.4 56.5 0 0 194.808
20.3958 2 7.8 1013.51 -25.1 57 0 0 192.465
20.4167 2 8.2 1013.56 -24.85 57.5 0 0 188.068
20.4375 2 8.6 1013.61 -24.6 58 0 0 183.67
20.4583 2 8.55 1013.64 -24.45 58.5 0 0 188.419
20.4792 2 8.5 1013.67 -24.3 59 0 0 193.169
20.5 2 8.5 1013.66 -24.1 59.5 0 0 201.704
20.5208 2 8.5 1013.66 -23.9 60 0 0 210.239
20.5417 2 8.75 1013.56 -23.65 60.5 0 0 213.721
20.5625 2 9 1013.46 -23.4 61 0 0 217.203
20.5833 2 8.9 1013.51 -22.8 61 0 0 222.331
20.6042 2 8.8 1013.55 -22.2 61 0 0 227.459
20.625 2 8.75 1013.54 -21.65 62 0 0 232.296
20.6458 2 8.7 1013.54 -21.1 63 0 0 237.132
20.6667 2 8.25 1013.56 -20.85 63.5 0 0 221.875
20.6875 2 7.8 1013.58 -20.6 64 0 0 206.617
20.7083 2 7.65 1013.59 -20.9 64.5 0 0 198.59
20.7292 2 7.5 1013.6 -21.2 65 0 0 190.563
20.75 2 7.7 1013.69 -21 64.5 0 0 207.523
20.7708 2 7.9 1013.78 -20.8 64 0 0 224.484
20.7917 2 8 1013.89 -20.45 64.5 0 0 229.317
20.8125 2 8.1 1014 -20.1 65 0 0 234.15
20.8333 2 8.2 1013.94 -19.9 65 0 0 238.302
20.8542 2 8.3 1013.88 -19.7 65 0 0 242.455
20.875 2 8.1 1013.98 -19.35 65.5 0 0 242.733
20.8958 2 7.9 1014.09 -19 66 0 0 243.012
20.9167 2 7.9 1014.14 -18.95 66.5 0 0 239.826
20.9375 2 7.9 1014.18 -18.9 67 0 0 236.639
20.9583 2 8.25 1014.2 -18.6 67.5 0 0 239.69
20.9792 2 8.6 1014.23 -18.3 68 0 0 242.741
21 2 8.9 1014.21 -18.15 68 0 0 247.907
21.0208 2 9.2 1014.2 -18 68 0 0 253.073
21.0417 2 8.65 1014.27 -17.55 67 0 0 250.463
21.0625 2 8.1 1014.33 -17.1 66 0 0 247.853
21.0833 2 8.1 1014.44 -16.9 66 0 0 239.436
21.1042 2 8.1 1014.55 -16.7 66 0 0 231.019
21.125 2 8.1 1014.59 -16.85 66 0 0 228.474
21.1458 2 8.1 1014.64 -17 66 0 0 225.929
21.1667 2 7.7 1014.71 -17.3 66 0 0 218.038
21.1875 2 7.3 1014.77 -17.6 66 0 0 210.148
21.2083 2 7.4 1014.85 -17.5 65.5 0 0 223.797
21.2292 2 7.5 1014.94 -17.4 65 0 0 237.445
21.25 2 8.35 1014.93 -17 65.5 0 0 251.937
21.2708 2 9.2 1014.93 -16.6 66 0 0 266.428
21.2917 2 8.85 1014.98 -16.35 66 0 0 261.763
21.3125 2 8.5 1015.04 -16.1 66 0 0 257.097
21.3333 2 8.65 1015.15 -16.15 66.5 0 0 247.8
21.3542 2 8.8 1015.25 -16.2 67 0 0 238.503
21.375 2 8.95 1015.3 -16.35 67 0 0 235.992
21.3958 2 9.1 1015.35 -16.5 67 0 0 233.481
21.4167 2 8.7 1015.41 -16.7 66 0 0 227.035
21.4375 2 8.3 1015.48 -16.9 65 0 0 220.589
21.4583 2 8.45 1015.49 -16.75 66 0 0 223.994
21.4792 2 8.6 1015.5 -16.6 67 0 0 227.399
21.5 2 8.85 1015.55 -16.6 67.5 0 0 237.897
21.5208 2 9.1 1015.59 -16.6 68 0 0 248.396
21.5417 2 9.05 1015.52 -16.65 68.5 0 0 254.652
21.5625 2 9 1015.45 -16.7 69 0 0 260.908
21.5833 2 9.25 1015.47 -16.95 68.5 0 0 260.935
21.6042 2 9.5 1015.5 -17.2 68 0 0 260.963
21.625 2 8.6 1015.41 -17.2 67 0 0 261.542
21.6458 2 7.7 1015.31 -17.2 66 0 0 262.12
21.6667 2 7.4 1015.27 -16.9 66 0 0 255.119
21.6875 2 7.1 1015.23 -16.6 66 0 0 248.118
21.7083 2 7.2 1015.2 -16.85 66.5 0 0 235.289
21.7292 2 7.3 1015.17 -17.1 67 0 0 222.46
21.75 2 7.65 1015.16 -17.2 68 0 0 224.368
21.7708 2 8 1015.14 -17.3 69 0 0 226.277
21.7917 2 8.05 1015.13 -17.45 69 0 0 217.776
21.8125 2 8.1 1015.11 -17.6 69 0 0 209.275
21.8333 2 7.65 1015.02 -17.9 68 0 0 202.725
21.8542 2 7.2 1014.93 -18.2 67 0 0 196.175
21.875 2 7.15 1014.95 -18.45 67.5 0 0 193.88
21.8958 2 7.1 1014.98 -18.7 68 0 0 191.586
21.9167 2 7.1 1014.94 -18.55 67.5 0 0 195.595
21.9375 2 7.1 1014.91 -18.4 67 0 0 199.605
21.9583 2 7.3 1014.84 -18.3 68.5 0 0 196.75
21.9792 2 7.5 1014.77 -18.2 70 0 0 193.895
22 2 6.95 1014.68 -18.2 70.5 0 0 197.352
22.0208 2 6.4 1014.58 -18.2 71 0 0 200.809
22.0417 2 6.9 1014.5 -18.1 71.5 0 0 196.352
22.0625 2 7.4 1014.42 -18 72 0 0 191.895
22.0833 2 6.8 1014.31 -17.9 73 0 0 192.438
22.1042 2 6.2 1014.2 -17.8 74 0 0 192.98
22.125 2 5.55 1014.16 -18.15 74 0 0 190.965
22.1458 2 4.9 1014.12 -18.5 74 0 0 188.949
22.1667 2 4.8 1014.05 -18.65 74 0 0 188.882
22.1875 2 4.7 1013.99 -18.8 74 0 0 188.814
22.2083 2 4.1 1014.03 -18.85 73.5 0 0 188.312
22.2292 2 3.5 1014.06 -18.9 73 0 0 187.81
22.25 2 3.35 1014.12 -18.75 73.5 0 0 187.505
22.2708 2 3.2 1014.18 -18.6 74 0 0 187.2
22.2917 2 3.6 1014.2 -18.35 74.5 0 0 186.909
22.3125 2 4 1014.21 -18.1 75 0 0 186.617
22.3333 2 4.65 1014.32 -17.55 76 0 0 186.984
22.3542 2 5.3 1014.43 -17 77 0 0 187.352
22.375 2 5.6 1014.57 -16.7 77 0 0 186.618
22.3958 2 5.9 1014.7 -16.4 77 0 0 185.885
22.4167 2 6 1014.83 -16.3 76.5 0 0 185.253
22.4375 2 6.1 1014.95 -16.2 76 0 0 184.621
22.4583 2 6.35 1015.07 -16.05 76 0 0 183.859
22.4792 2 6.6 1015.19 -15.9 76 0 0 183.098
22.5 2 6.85 1015.29 -15.75 75.5 0 0 182.523
22.5208 2 7.1 1015.38 -15.6 75 0 0 181.947
22.5417 2 7.5 1015.41 -15.45 74.5 0 0 181.555
22.5625 2 7.9 1015.44 -15.3 74 0 0 181.163
22.5833 2 8.1 1015.45 -15.25 74 0 0 180.859
22.6042 2 8.3 1015.47 -15.2 74 0 0 180.556
22.625 2 8.65 1015.53 -14.95 73.5 0 0 180.727
22.6458 2 9 1015.59 -14.7 73 0 0 180.897
22.6667 2 9.2 1015.7 -14.65 73 0 0 180.743
22.6875 2 9.4 1015.81 -14.6 73 0 0 180.589
22.7083 2 9.85 1015.85 -14.5 73 0 0 180.574
22.7292 2 10.3 1015.89 -14.4 73 0 0 180.558
22.75 2 10.4 1015.98 -14.35 73.5 0 0 180.506
22.7708 2 10.5 1016.08 -14.3 74 0 0 180.454
22.7917 2 10.75 1016.23 -14.25 74 0 0 180.235
22.8125 2 11 1016.39 -14.2 74 0 0 180.016
22.8333 2 11.15 1016.54 -14.2 73.5 0 0 179.803
22.8542 2 11.3 1016.69 -14.2 73 0 0 179.589
22.875 2 11.25 1016.9 -14.2 72 0 0 179.316
22.8958 2 11.2 1017.11 -14.2 71 0 0 179.042
22.9167 2 11.3 1017.16 -14.25 71 0 0 178.827
22.9375 2 11.4 1017.2 -14.3 71 0 0 178.611
22.9583 2 11.45 1017.3 -14.3 71 0 0 178.167
22.9792 2 11.5 1017.4 -14.3 71 0 0 177.724
23 2 11.45 1017.42 -14.35 71 0 0 177.243
23.0208 2 11.4 1017.43 -14.4 71 0 0 176.763
23.0417 2 11.8 1017.49 -14.5 69.5 0 0 176.366
23.0625 2 12.2 1017.55 -14.6 68 0 0 175.969
23.0833 2 12.2 1017.59 -14.75 68 0 0 175.727
23.1042 2 12.2 1017.64 -14.9 68 0 0 175.484
23.125 2 11.8 1017.7 -14.9 68 0 0 175.352
23.1458 2 11.4 1017.75 -14.9 68 0 0 175.221
23.1667 2 12.2 1022.62 -14.75 66.5 0 0 175.277
23.1875 2 13 1027.49 -14.6 65 0 0 175.333
23.2083 2 13.8 1027.36 -14.4 64 0 0 175.319
23.2292 2 14.6 1027.24 -14.2 63 0 0 175.305
23.25 2 14.15 1027.24 -14.35 63 0 0 174.99
23.2708 2 13.7 1027.24 -14.5 63 0 0 174.676
23.2917 2 13.25 1027.29 -14.65 64.5 0 0 175.048
23.3125 2 12.8 1027.35 -14.8 66 0 0 175.419
23.3333 2 13.55 1027.22 -15.05 67 0 0 187.949
23.3542 2 14.3 1027.1 -15.3 68 0 0 200.48
23.375 2 14.5 1026.96 -15.45 67 0 0 194.445
23.3958 2 14.7 1026.81 -15.6 66 0 0 188.41
23.4167 2 14.7 1026.81 -15.6 65.5 0 0 191.951
23.4375 2 14.7 1026.8 -15.6 65 0 0 195.492
23.4583 2 14.4 1026.81 -15.9 65 0 0 182.438
23.4792 2 14.1 1026.83 -16.2 65 0 0 169.383
23.5 2 14.05 1026.67 -16.4 65 0 0 170.646
23.5208 2 14 1026.5 -16.6 65 0 0 171.91
23.5417 2 13.85 1026.23 -16.6 65.5 0 0 181.65
23.5625 2 13.7 1025.96 -16.6 66 0 0 191.39
23.5833 2 13.5 1025.68 -16.85 68 0 0 182.286
23.6042 2 13.3 1025.39 -17.1 70 0 0 173.182
23.625 2 13.65 1025.26 -17.2 70.5 0 0 167.637
23.6458 2 14 1025.12 -17.3 71 0 0 162.092
23.6667 2 14 1024.94 -17.4 70.5 0 0 160.889
23.6875 2 14 1024.75 -17.5 70 0 0 159.687
23.7083 2 13.9 1024.45 -17.55 69.5 0 0 158.77
23.7292 2 13.8 1024.15 -17.6 69 0 0 157.852
23.75 2 13.45 1023.96 -17.75 69 0 0 157.241
23.7708 2 13.1 1023.76 -17.9 69 0 0 156.629
23.7917 2 12.9 1023.6 -18.05 69 0 0 155.634
23.8125 2 12.7 1023.45 -18.2 69 0 0 154.64
23.8333 2 12.5 1023.33 -18.25 68.5 0 0 153.941
23.8542 2 12.3 1023.21 -18.3 68 0 0 153.243
23.875 2 11.55 1023.1 -18.55 69 0 0 152.018
23.8958 2 10.8 1022.99 -18.8 70 0 0 150.794
23.9167 2 10.9 1022.86 -18.95 70 0 0 151.254
23.9375 2 11 1022.74 -19.1 70 0 0 151.714
23.9583 2 11.05 1022.58 -19.45 70.5 0 0 151.518
23.9792 2 11.1 1022.43 -19.8 71 0 0 151.323
24 2 10.55 1022.32 -20.1 71 0 0 152.734
24.0208 2 10 1022.2 -20.4 71 0 0 154.146
24.0417 2 9.95 1022.04 -20.55 71 0 0 153.583
24.0625 2 9.9 1021.88 -20.7 71 0 0 153.021
24.0833 2 9.9 1021.68 -20.9 71 0 0 152.652
24.1042 2 9.9 1021.49 -21.1 71 0 0 152.284
24.125 2 9.55 1021.32 -21.3 70.5 0 0 153.102
24.1458 2 9.2 1021.14 -21.5 70 0 0 153.92
24.1667 2 9 1021.03 -21.65 70 0 0 155.129
24.1875 2 8.8 1020.92 -21.8 70 0 0 156.338
24.2083 2 8.6 1020.9 -22.05 70 0 0 155.178
24.2292 2 8.4 1020.87 -22.3 70 0 0 154.019
24.25 2 8.3 1020.77 -22.45 69.5 0 0 153.872
24.2708 2 8.2 1020.66 -22.6 69 0 0 153.725
24.2917 2 7.75 1020.67 -22.7 69 0 0 155.592
24.3125 2 7.3 1020.69 -22.8 69 0 0 157.459
24.3333 2 7.5 1020.63 -22.85 69 0 0 156.647
24.3542 2 7.7 1020.57 -22.9 69 0 0 155.836
24.375 2 7.7 1020.44 -23 69 0 0 156.212
24.3958 2 7.7 1020.31 -23.1 69 0 0 156.589
24.4167 2 7.45 1020.3 -23.1 69 0 0 157.046
24.4375 2 7.2 1020.28 -23.1 69 0 0 157.503
24.4583 2 7.25 1020.09 -23.15 69 0 0 157.656
24.4792 2 7.3 1019.9 -23.2 69 0 0 157.81
24.5 2 7.05 1019.75 -23.25 69 0 0 156.841
24.5208 2 6.8 1019.6 -23.3 69 0 0 155.872
24.5417 2 6.55 1019.53 -23.35 68.5 0 0 157.35
24.5625 2 6.3 1019.46 -23.4 68 0 0 158.829
24.5833 2 6.4 1019.24 -23.4 68 0 0 157.68
24.6042 2 6.5 1019.02 -23.4 68 0 0 156.531
24.625 2 6.4 1018.73 -23.4 68 0 0 156.874
24.6458 2 6.3 1018.44 -23.4 68 0 0 157.217
24.6667 2 6.3 1018.26 -23.45 68 0 0 156.466
24.6875 2 6.3 1018.07 -23.5 68 0 0 155.715
24.7083 2 6.15 1017.99 -23.55 68 0 0 155.109
24.7292 2 6 1017.91 -23.6 68 0 0 154.503
24.75 2 5.7 1017.7 -23.65 68 0 0 153.493
24.7708 2 5.4 1017.5 -23.7 68 0 0 152.483
24.7917 2 5.55 1017.41 -23.7 68 0 0 152.242
24.8125 2 5.7 1017.31 -23.7 68 0 0 152.001
24.8333 2 5.65 1017.14 -23.75 68 0 0 151.623
24.8542 2 5.6 1016.96 -23.8 68 0 0 151.245
24.875 2 5.65 1016.79 -23.8 68 0 0 151.346
24.8958 2 5.7 1016.61 -23.8 68 0 0 151.447
24.9167 2 5.75 1016.39 -23.75 68 0 0 151.566
24.9375 2 5.8 1016.17 -23.7 68 0 0 151.685
24.9583 2 5.7 1016.11 -23.75 68 0 0 151.293
24.9792 2 5.6 1016.06 -23.8 68 0 0 150.902
25 2 5.55 1015.74 -23.85 68 0 0 150.229
25.0208 2 5.5 1015.43 -23.9 68 0 0 149.557
25.0417 2 5.55 1015.16 -23.8 68.5 0 0 150.386
25.0625 2 5.6 1014.89 -23.7 69 0 0 151.215
25.0833 2 5.7 1014.73 -23.6 69 0 0 153.118
25.1042 2 5.8 1014.58 -23.5 69 0 0 155.021
25.125 2 5.65 1014.41 -23.55 69 0 0 153.598
25.1458 2 5.5 1014.23 -23.6 69 0 0 152.176
25.1667 2 5.55 1014.11 -23.5 69.5 0 0 154.952
25.1875 2 5.6 1014 -23.4 70 0 0 157.729
25.2083 2 5.85 1013.91 -23.4 70 0 0 158.005
25.2292 2 6.1 1013.82 -23.4 70 0 0 158.282
25.25 2 6.15 1013.7 -23.4 70 0 0 157.818
25.2708 2 6.2 1013.58 -23.4 70 0 0 157.355
25.2917 2 6.2 1013.41 -23.35 69.5 0 0 157.647
25.3125 2 6.2 1013.24 -23.3 69 0 0 157.94
25.3333 2 6.25 1013.13 -23.2 69 0 0 158.147
25.3542 2 6.3 1013.01 -23.1 69 0 0 158.354
25.375 2 6.3 1012.97 -23 69 0 0 159.727
25.3958 2 6.3 1012.93 -22.9 69 0 0 161.1
25.4167 2 6.2 1013.04 -22.8 69 0 0 163.35
25.4375 2 6.1 1013.14 -22.7 69 0 0 165.601
25.4583 2 6.3 1012.89 -22.7 69 0 0 164.606
25.4792 2 6.5 1012.64 -22.7 69 0 0 163.611
25.5 2 6.6 1012.47 -22.65 69 0 0 169.251
25.5208 2 6.7 1012.31 -22.6 69 0 0 174.891
25.5417 2 6.95 1012.26 -22.5 69 0 0 174.426
25.5625 2 7.2 1012.2 -22.4 69 0 0 173.961
25.5833 2 7.35 1012.05 -22.45 69 0 0 174.624
25.6042 2 7.5 1011.89 -22.5 69 0 0 175.286
25.625 2 7.25 1011.8 -22.45 69 0 0 183.116
25.6458 2 7 1011.71 -22.4 69 0 0 190.946
25.6667 2 6.9 1011.64 -22.35 69 0 0 192.475
25.6875 2 6.8 1011.56 -22.3 69 0 0 194.005
25.7083 2 6.9 1011.39 -22.25 69.5 0 0 189.896
25.7292 2 7 1011.21 -22.2 70 0 0 185.788
25.75 2 6.9 1011.04 -22.25 69.5 0 0 181.199
25.7708 2 6.8 1010.87 -22.3 69 0 0 176.611
25.7917 2 7.05 1010.92 -22.25 69 0 0 182.417
25.8125 2 7.3 1010.96 -22.2 69 0 0 188.222
25.8333 2 7.15 1011.06 -22.1 69.5 0 0 194.651
25.8542 2 7 1011.15 -22 70 0 0 201.081
25.875 2 6.75 1011.09 -22 69.5 0 0 195.152
25.8958 2 6.5 1011.04 -22 69 0 0 189.224
25.9167 2 6.15 1010.99 -21.95 69 0 0 191.861
25.9375 2 5.8 1010.94 -21.9 69 0 0 194.497
25.9583 2 6.2 1010.83 -21.65 69.5 0 0 200.413
25.9792 2 6.6 1010.72 -21.4 70 0 0 206.329
26 2 6.45 1010.73 -21.45 70 0 0 202.535
26.0208 2 6.3 1010.74 -21.5 70 0 0 198.74
26.0417 2 6.05 1010.69 -21.25 70 0 0 208.554
26.0625 2 5.8 1010.64 -21 70 0 0 218.368
26.0833 2 5.3 1010.64 -21 70 0 0 210.935
26.1042 2 4.8 1010.63 -21 70 0 0 203.501
26.125 2 4.8 1010.56 -21.1 70 0 0 195.597
26.1458 2 4.8 1010.49 -21.2 70 0 0 187.693
26.1667 2 5.2 1010.51 -21.2 70 0 0 187.357
26.1875 2 5.6 1010.53 -21.2 70 0 0 187.02
26.2083 2 5.85 1010.64 -21.15 70 0 0 189.797
26.2292 2 6.1 1010.74 -21.1 70 0 0 192.574
26.25 2 5.95 1010.88 -21.2 70 0 0 189.592
26.2708 2 5.8 1011.01 -21.3 70 0 0 186.611
26.2917 2 5.95 1011.04 -21.35 69.5 0 0 180.129
26.3125 2 6.1 1011.06 -21.4 69 0 0 173.647
26.3333 2 6.05 1011.12 -21.5 69 0 0 173.021
26.3542 2 6 1011.18 -21.6 69 0 0 172.396
26.375 2 6.05 1011.27 -21.65 69 0 0 172.561
26.3958 2 6.1 1011.36 -21.7 69 0 0 172.726
26.4167 2 6.35 1011.48 -21.8 68.5 0 0 167.834
26.4375 2 6.6 1011.61 -21.9 68 0 0 162.942
26.4583 2 6.75 1011.71 -22.05 67.5 0 0 161.953
26.4792 2 6.9 1011.82 -22.2 67 0 0 160.965
26.5 2 6.25 1011.95 -22.4 67.5 0 0 161.163
26.5208 2 5.6 1012.07 -22.6 68 0 0 161.362
26.5417 2 5.1 1012.09 -22.85 68.5 0 0 160.263
26.5625 2 4.6 1012.11 -23.1 69 0 0 159.164
26.5833 2 5.2 1012.02 -22.75 69 0 0 161.134
26.6042 2 5.8 1011.93 -22.4 69 0 0 163.104
26.625 2 5.7 1012.05 -22.4 69 0 0 163.19
26.6458 2 5.6 1012.17 -22.4 69 0 0 163.277
26.6667 2 6.05 1012.3 -22.15 69 0 0 162.835
26.6875 2 6.5 1012.44 -21.9 69 0 0 162.394
26.7083 2 6.75 1012.6 -21.9 69 0 0 161.702
26.7292 2 7 1012.77 -21.9 69 0 0 161.009
26.75 2 6.8 1013.01 -22 69 0 0 161.378
26.7708 2 6.6 1013.25 -22.1 69 0 0 161.747
26.7917 2 6.7 1013.48 -22.1 69 0 0 164.053
26.8125 2 6.8 1013.72 -22.1 69 0 0 166.36
26.8333 2 6.8 1013.96 -22 69 0 0 166.12
26.8542 2 6.8 1014.2 -21.9 69 0 0 165.879
26.875 2 6.9 1014.35 -21.9 69 0 0 164.101
26.8958 2 7 1014.5 -21.9 69 0 0 162.323
26.9167 2 7.15 1014.66 -21.8 69 0 0 161.852
26.9375 2 7.3 1014.82 -21.7 69 0 0 161.381
26.9583 2 7.6 1014.93 -21.6 69.5 0 0 161.639
26.9792 2 7.9 1015.04 -21.5 70 0 0 161.898
27 2 8.1 1015.15 -21.55 70 0 0 160.927
27.0208 2 8.3 1015.25 -21.6 70 0 0 159.957
27.0417 2 8.25 1015.4 -21.65 69.5 0 0 160.636
27.0625 2 8.2 1015.54 -21.7 69 0 0 161.315
27.0833 2 8.2 1015.79 -21.6 69 0 0 162.592
27.1042 2 8.2 1016.04 -21.5 69 0 0 163.87
27.125 2 8.15 1016.16 -21.6 69 0 0 162.025
27.1458 2 8.1 1016.29 -21.7 69 0 0 160.179
27.1667 2 8.15 1016.46 -21.75 69.5 0 0 159.658
27.1875 2 8.2 1016.63 -21.8 70 0 0 159.137
27.2083 2 8.05 1016.79 -21.9 70 0 0 158.861
27.2292 2 7.9 1016.95 -22 70 0 0 158.585
27.25 2 7.95 1017.18 -21.9 70 0 0 158.719
27.2708 2 8 1017.4 -21.8 70 0 0 158.852
27.2917 2 8 1017.66 -21.8 70 0 0 157.811
27.3125 2 8 1017.92 -21.8 70 0 0 156.771
27.3333 2 7.95 1018.11 -21.8 70 0 0 156.646
27.3542 2 7.9 1018.31 -21.8 70 0 0 156.521
27.375 2 7.7 1018.49 -21.75 70 0 0 156.594
27.3958 2 7.5 1018.67 -21.7 70 0 0 156.667
27.4167 2 6.8 1018.82 -21.7 70.5 0 0 156.24
27.4375 2 6.1 1018.98 -21.7 71 0 0 155.812
27.4583 2 5.85 1019.11 -21.9 70.5 0 0 155.195
27.4792 2 5.6 1019.24 -22.1 70 0 0 154.578
27.5 2 5.9 1019.41 -22.2 70 0 0 154.709
27.5208 2 6.2 1019.57 -22.3 70 0 0 154.84
27.5417 2 5.7 1019.61 -22.6 69.5 0 0 153.14
27.5625 2 5.2 1019.66 -22.9 69 0 0 151.44
27.5833 2 5.5 1019.59 -22.75 69.5 0 0 151.107
27.6042 2 5.8 1019.53 -22.6 70 0 0 150.774
27.625 2 5.7 1019.57 -22.65 69.5 0 0 151.561
27.6458 2 5.6 1019.61 -22.7 69 0 0 152.349
27.6667 2 5.7 1019.7 -22.55 69 0 0 152.358
27.6875 2 5.8 1019.79 -22.4 69 0 0 152.367
27.7083 2 5.7 1019.79 -22.6 69 0 0 151.921
27.7292 2 5.6 1019.79 -22.8 69 0 0 151.475
27.75 2 5.55 1019.84 -22.9 69 0 0 151.026
27.7708 2 5.5 1019.89 -23 69 0 0 150.577
27.7917 2 5.6 1019.93 -22.85 69 0 0 151.51
27.8125 2 5.7 1019.98 -22.7 69 0 0 152.443
27.8333 2 5.2 1020.16 -22.7 69.5 0 0 152.565
27.8542 2 4.7 1020.35 -22.7 70 0 0 152.688
27.875 2 4.4 1020.4 -22.95 70.5 0 0 152.509
27.8958 2 4.1 1020.45 -23.2 71 0 0 152.33
27.9167 2 4.4 1020.41 -23.35 71 0 0 151.242
27.9375 2 4.7 1020.37 -23.5 71 0 0 150.154
27.9583 2 4.6 1020.33 -23.5 71 0 0 150.115
27.9792 2 4.5 1020.3 -23.5 71 0 0 150.075
28 2 4.25 1020.2 -23.65 70.5 0 0 149.948
28.0208 2 4 1020.09 -23.8 70 0 0 149.821
28.0417 2 4.05 1019.95 -23.9 69.5 0 0 149.608
28.0625 2 4.1 1019.8 -24 69 0 0 149.396
28.0833 2 4.2 1019.75 -24.15 69 0 0 149.181
28.1042 2 4.3 1019.7 -24.3 69 0 0 148.966
28.125 2 4.3 1019.6 -24.25 69.5 0 0 148.814
28.1458 2 4.3 1019.5 -24.2 70 0 0 148.662
28.1667 2 3.85 1019.52 -24.05 70.5 0 0 148.872
28.1875 2 3.4 1019.53 -23.9 71 0 0 149.083
28.2083 2 3.35 1019.43 -23.7 71 0 0 149.064
28.2292 2 3.3 1019.32 -23.5 71 0 0 149.046
28.25 2 3.35 1019.32 -23.55 71 0 0 149.068
28.2708 2 3.4 1019.31 -23.6 71 0 0 149.089
28.2917 2 3.4 1019.2 -23.75 71 0 0 149.27
28.3125 2 3.4 1019.09 -23.9 71 0 0 149.45
28.3333 2 3.2 1019.05 -23.95 71 0 0 149.34
28.3542 2 3 1019 -24 71 0 0 149.23
28.375 2 3.05 1018.88 -23.85 71.5 0 0 149.171
28.3958 2 3.1 1018.76 -23.7 72 0 0 149.112
28.4167 2 3.1 1018.77 -23.8 71.5 0 0 148.654
28.4375 2 3.1 1018.78 -23.9 71 0 0 148.195
28.4583 2 3.05 1018.72 -24.25 70.5 0 0 147.91
28.4792 2 3 1018.65 -24.6 70 0 0 147.625
28.5 2 3.2 1018.47 -24.75 70 0 0 148.374
28.5208 2 3.4 1018.28 -24.9 70 0 0 149.123
28.5417 2 3.45 1018.11 -24.9 69.5 0 0 149.241
28.5625 2 3.5 1017.94 -24.9 69 0 0 149.359
28.5833 2 3.2 1017.71 -24.7 69.5 0 0 150.301
28.6042 2 2.9 1017.49 -24.5 70 0 0 151.243
28.625 2 2.9 1017.22 -24.55 70 0 0 152.34
28.6458 2 2.9 1016.95 -24.6 70 0 0 153.436
28.6667 2 3.05 1016.73 -24.65 70 0 0 158.378
28.6875 2 3.2 1016.52 -24.7 70 0 0 163.32
28.7083 2 3.3 1016.43 -24.55 70 0 0 165.225
28.7292 2 3.4 1016.33 -24.4 70 0 0 167.13
28.75 2 3.4 1016.22 -24.4 69.5 0 0 164.371
28.7708 2 3.4 1016.12 -24.4 69 0 0 161.612
28.7917 2 3.3 1016.01 -24.4 69 0 0 162.451
28.8125 2 3.2 1015.9 -24.4 69 0 0 163.289
28.8333 2 3.1 1015.89 -24.35 69 0 0 165.159
28.8542 2 3 1015.88 -24.3 69 0 0 167.029
28.875 2 3 1015.86 -24.2 69.5 0 0 164.641
28.8958 2 3 1015.84 -24.1 70 0 0 162.253
28.9167 2 2.75 1015.78 -24.45 69.5 0 0 155.052
28.9375 2 2.5 1015.72 -24.8 69 0 0 147.85
28.9583 2 2.45 1015.72 -24.7 69 0 0 147.506
28.9792 2 2.4 1015.73 -24.6 69 0 0 147.162
29 2 2.55 1015.67 -24.6 69 0 0 148.018
29.0208 2 2.7 1015.62 -24.6 69 0 0 148.874
29.0417 2 2.8 1015.57 -24.85 68.5 0 0 147.936
29.0625 2 2.9 1015.52 -25.1 68 0 0 146.998
29.0833 2 2.7 1015.6 -25 68 0 0 152.568
29.1042 2 2.5 1015.68 -24.9 68 0 0 158.137
29.125 2 2.6 1015.7 -24.9 68 0 0 159.607
29.1458 2 2.7 1015.71 -24.9 68 0 0 161.076
29.1667 2 2.85 1015.81 -24.45 68.5 0 0 164.165
29.1875 2 3 1015.9 -24 69 0 0 167.255
29.2083 2 2.7 1015.96 -24.25 69 0 0 164.396
29.2292 2 2.4 1016.02 -24.5 69 0 0 161.536
29.25 2 2.65 1016.04 -24.65 68.5 0 0 159.036
29.2708 2 2.9 1016.06 -24.8 68 0 0 156.536
29.2917 2 2.75 1016.23 -24.85 68 0 0 156.047
29.3125 2 2.6 1016.41 -24.9 68 0 0 155.557
29.3333 2 2.5 1016.44 -24.75 67.5 0 0 159.274
29.3542 2 2.4 1016.47 -24.6 67 0 0 162.991
29.375 2 2.35 1016.49 -24.5 67 0 0 171.57
29.3958 2 2.3 1016.52 -24.4 67 0 0 180.15
29.4167 2 2.35 1016.51 -24.25 67.5 0 0 180.277
29.4375 2 2.4 1016.5 -24.1 68 0 0 180.405
29.4583 2 2.6 1016.38 -24.35 67.5 0 0 166.06
29.4792 2 2.8 1016.26 -24.6 67 0 0 151.715
29.5 2 2.7 1016.38 -24.85 66.5 0 0 150.125
29.5208 2 2.6 1016.49 -25.1 66 0 0 148.536
29.5417 2 2.55 1016.68 -25.15 66 0 0 148.636
29.5625 2 2.5 1016.88 -25.2 66 0 0 148.736
29.5833 2 2.5 1016.83 -25.3 66 0 0 148.732
29.6042 2 2.5 1016.77 -25.4 66 0 0 148.729
29.625 2 2.75 1016.58 -25.3 66 0 0 148.885
29.6458 2 3 1016.39 -25.2 66 0 0 149.042
29.6667 2 3.2 1016.24 -25 66 0 0 149.578
29.6875 2 3.4 1016.1 -24.8 66 0 0 150.113
29.7083 2 3.15 1015.93 -24.95 66 0 0 149.467
29.7292 2 2.9 1015.77 -25.1 66 0 0 148.822
29.75 2 3.05 1015.79 -24.85 66.5 0 0 152.152
29.7708 2 3.2 1015.81 -24.6 67 0 0 155.482
29.7917 2 3.2 1016.08 -24.55 67 0 0 153.893
29.8125 2 3.2 1016.35 -24.5 67 0 0 152.304
29.8333 2 3.1 1016.4 -24.9 66.5 0 0 149.389
29.8542 2 3 1016.44 -25.3 66 0 0 146.475
29.875 2 3.15 1016.42 -25.35 66 0 0 146.616
29.8958 2 3.3 1016.39 -25.4 66 0 0 146.757
29.9167 2 3.2 1016.28 -25.4 65.5 0 0 148.258
29.9375 2 3.1 1016.16 -25.4 65 0 0 149.759
29.9583 2 3.45 1016.28 -25.05 65.5 0 0 151.74
29.9792 2 3.8 1016.41 -24.7 66 0 0 153.72
30 2 4 1016.36 -24.7 66 0 0 154.152
30.0208 2 4.2 1016.31 -24.7 66 0 0 154.585
30.0417 2 3.95 1016.2 -24.85 66 0 0 153.264
30.0625 2 3.7 1016.09 -25 66 0 0 151.942
30.0833 2 3.85 1015.91 -24.95 66 0 0 150.734
30.1042 2 4 1015.72 -24.9 66 0 0 149.526
30.125 2 4.25 1015.53 -24.85 66 0 0 150.104
30.1458 2 4.5 1015.35 -24.8 66 0 0 150.681
30.1667 2 4.4 1015.52 -24.85 65.5 0 0 149.057
30.1875 2 4.3 1015.68 -24.9 65 0 0 147.433
30.2083 2 4.45 1015.56 -24.75 65 0 0 147.037
30.2292 2 4.6 1015.44 -24.6 65 0 0 146.641
30.25 2 4.65 1015.27 -24.6 65 0 0 147.5
30.2708 2 4.7 1015.09 -24.6 65 0 0 148.359
30.2917 2 4.7 1015.21 -24.65 65 0 0 149.99
30.3125 2 4.7 1015.32 -24.7 65 0 0 151.62
30.3333 2 4.65 1015.29 -24.65 65 0 0 151.521
30.3542 2 4.6 1015.25 -24.6 65 0 0 151.423
30.375 2 4.9 1015.3 -24.4 65.5 0 0 157.029
30.3958 2 5.2 1015.35 -24.2 66 0 0 162.634
30.4167 2 5.1 1015.64 -24.2 66 0 0 165.247
30.4375 2 5 1015.92 -24.2 66 0 0 167.861
30.4583 2 5.2 1016.03 -24.05 66 0 0 184.482
30.4792 2 5.4 1016.14 -23.9 66 0 0 201.102
30.5 2 5.4 1016.14 -23.8 66.5 0 0 205.853
30.5208 2 5.4 1016.14 -23.7 67 0 0 210.604
30.5417 2 5.55 1016.21 -23.4 67.5 0 0 211.936
30.5625 2 5.7 1016.27 -23.1 68 0 0 213.268
30.5833 2 5.7 1016.37 -22.95 68.5 0 0 206.378
30.6042 2 5.7 1016.47 -22.8 69 0 0 199.487
30.625 2 5.75 1016.54 -23 69 0 0 191.37
30.6458 2 5.8 1016.61 -23.2 69 0 0 183.254
30.6667 2 5.6 1016.76 -23.35 68.5 0 0 188.245
30.6875 2 5.4 1016.9 -23.5 68 0 0 193.235
30.7083 2 5.3 1017.08 -23.4 68 0 0 199.22
30.7292 2 5.2 1017.25 -23.3 68 0 0 205.205
30.75 2 5.35 1017.59 -23.15 68 0 0 202.816
30.7708 2 5.5 1017.94 -23 68 0 0 200.428
30.7917 2 5.95 1018.13 -23 68.5 0 0 208.34
30.8125 2 6.4 1018.32 -23 69 0 0 216.251
30.8333 2 7.25 1018.37 -22.8 69 0 0 216.958
30.8542 2 8.1 1018.42 -22.6 69 0 0 217.666
30.875 2 8.35 1018.64 -22.6 69 0 0 211.513
30.8958 2 8.6 1018.86 -22.6 69 0 0 205.36
30.9167 2 8.2 1019.13 -22.75 69 0 0 203.266
30.9375 2 7.8 1019.39 -22.9 69 0 0 201.172
30.9583 2 7.65 1019.71 -22.8 69 0 0 201.352
30.9792 2 7.5 1020.03 -22.7 69 0 0 201.531
