0 2 5.35 1015.38 -0.3 72.2 0 123.602 301.138
0.0208333 2 5.3 1015.39 -0.6 71.9 0 123.088 299.876
0.0416667 2 5.15 1015.38 -0.65 71.65 0 97.8799 297.549
0.0625 2 5 1015.36 -0.7 71.4 0 72.6718 295.221
0.0833333 2 4.9 1015.29 -0.7 72.35 0 49.6878 298.165
0.104167 2 4.8 1015.22 -0.7 73.3 0 26.7038 301.109
0.125 2 4.65 1015.16 -0.45 73.4 0 15.8785 304.289
0.145833 2 4.5 1015.09 -0.2 73.5 0 5.05317 307.47
0.166667 2 4.5 1015.04 -0.05 73.7 0 2.635 308.54
0.1875 2 4.5 1014.98 0.1 73.9 0 0.216833 309.611
0.208333 2 4.55 1014.98 0.15 73.9 0 0.108416 310.331
0.229167 2 4.6 1014.99 0.2 73.9 0 0 311.051
0.25 2 4.3 1014.98 0.2 74.1 0 0 310.694
0.270833 2 4 1014.98 0.2 74.3 0 0 310.337
0.291667 2 3.75 1014.95 0.15 73.75 0 0 304.272
0.3125 2 3.5 1014.93 0.1 73.2 0 0 298.207
0.333333 2 3.25 1015.01 -0.1 73.1 0 0 287.253
0.354167 2 3 1015.08 -0.3 73 0 0 276.3
0.375 2 3 1015.16 -0.6 72.65 0 0 274.846
0.395833 2 3 1015.23 -0.9 72.3 0 0 273.392
0.416667 2 3 1015.28 -0.75 71.85 0 0 280.527
0.4375 2 3 1015.32 -0.6 71.4 0 0 287.662
0.458333 2 3.2 1015.39 -0.5 71.55 0 0 287.396
0.479167 2 3.4 1015.46 -0.4 71.7 0 0 287.13
0.5 2 3.35 1015.51 -0.5 71.6625 0 0 289.223
0.520833 2 3.3 1015.55 -0.6 71.625 0 0 291.316
0.541667 2 3.5 1015.65 -0.6 71.1125 0 0 291.328
0.5625 2 3.7 1015.74 -0.6 70.6 0 0 291.341
0.583333 2 3.7 1015.86 -0.6 71 0 0 291.843
0.604167 2 3.7 1015.99 -0.6 71.4 0 0 292.345
0.625 2 3.85 1016.1 -0.65 71.55 0 0 292.474
0.645833 2 4 1016.21 -0.7 71.7 0 0 292.604
0.666667 2 3.75 1016.24 -1.15 71.7 0 0.737915 269.958
0.6875 2 3.5 1016.27 -1.6 71.7 0 1.47583 247.311
0.708333 2 3.25 1016.34 -1.65 71.75 0 7.93642 256.008
0.729167 2 3 1016.42 -1.7 71.8 0 14.397 264.705
0.75 2 3.25 1016.47 -0.75 71.95 0 23.7685 280.263
0.770833 2 3.5 1016.53 0.2 72.1 0 33.14 295.82
0.791667 2 3.15 1016.56 0.4 71.8 0 46.1654 296.003
0.8125 2 2.8 1016.59 0.6 71.5 0 59.1908 296.185
0.833333 2 3.25 1016.66 0.7 71.1 0 70.6057 296.049
0.854167 2 3.7 1016.73 0.8 70.7 0 82.0205 295.913
0.875 2 3.6 1016.76 1 70.35 0 87.5149 297.117
0.895833 2 3.5 1016.79 1.2 70 0 93.0093 298.321
0.916667 2 3.6 1016.79 1.45 70.55 0 111.021 295.618
0.9375 2 3.7 1016.8 1.7 71.1 0 129.033 292.915
0.958333 2 4.1 1016.84 2.05 70.2 0 165.173 269.942
0.979167 2 4.5 1016.88 2.4 69.3 0 201.313 246.969
1 2 4.05 1016.85 2.55 69.9 0 183.975 238.814
1.02083 2 3.6 1016.82 2.7 70.5 0 166.638 230.659
1.04167 2 3.35 1016.75 2.65 70.4166 0 140.223 228.702
1.0625 2 3.1 1016.68 2.6 70.3333 0 113.809 226.744
1.08333 2 3.35 1016.61 2.05 69.8333 0 86.0448 224.839
1.10417 2 3.6 1016.55 1.5 69.3333 0 58.2806 222.933
1.125 2 4 1016.37 0.75 69.2222 0 31.5388 220.018
1.14583 2 4.4 1016.19 0 69.1111 0 4.79706 217.102
1.16667 2 4.45 1016.09 -0.5 69.5 0 2.54361 216.628
1.1875 2 4.5 1016 -1 69.8889 0 0.290167 216.154
1.20833 2 4.45 1015.92 -1.35 70.5555 0 0.145084 215.647
1.22917 2 4.4 1015.84 -1.7 71.2222 0 0 215.14
1.25 2 4.05 1015.73 -1.9 71.5 0 0 215.751
1.27083 2 3.7 1015.62 -2.1 71.7778 0 0 216.363
1.29167 2 4.05 1015.45 -2.35 71.5555 0 0 216.401
1.3125 2 4.4 1015.29 -2.6 71.3333 0 0 216.438
1.33333 2 4.2 1015.14 -2.65 71.2222 0 0 216.12
1.35417 2 4 1014.99 -2.7 71.1111 0 0 215.803
1.375 2 4.2 1014.82 -2.45 71.1666 0 0 215.576
1.39583 2 4.4 1014.64 -2.2 71.2222 0 0 215.349
1.41667 2 4.6 1014.42 -2 71.1111 0 0 215.771
1.4375 2 4.8 1014.19 -1.8 71 0 0 216.192
1.45833 2 4.6 1013.97 -2.15 70.8334 0 0 218.475
1.47917 2 4.4 1013.76 -2.5 70.6667 0 0 220.759
1.5 2 4.45 1013.55 -2.35 70.9048 0 0 240.077
1.52083 2 4.5 1013.33 -2.2 71.1429 0 0 259.395
1.54167 2 4.6 1013.09 -2.3 71.2381 0 0 241.627
1.5625 2 4.7 1012.85 -2.4 71.3333 0 0 223.859
1.58333 2 5.05 1012.6 -2.4 71.5555 0 0 226.111
1.60417 2 5.4 1012.35 -2.4 71.7778 0 0 228.362
1.625 2 5.55 1012.04 -2.1 71.7778 0 0 238.945
1.64583 2 5.7 1011.73 -1.8 71.7778 0 0 249.529
1.66667 2 6.05 1011.43 -1.35 72.2223 0 1.68816 266.527
1.6875 2 6.4 1011.13 -0.9 72.6667 0 3.37633 283.526
1.70833 2 6.3 1010.87 -0.7 72.7778 0 6.67616 276.486
1.72917 2 6.2 1010.61 -0.5 72.8889 0 9.976 269.446
1.75 2 6 1010.41 -0.2 77.4445 1.79675e-006 25.0378 269.208
1.77083 2 5.8 1010.2 0.1 82 3.5935e-006 40.0995 268.971
1.79167 2 5.95 1010.07 0.5 81.5 3.5716e-006 67.4104 262.139
1.8125 2 6.1 1009.93 0.9 81 3.54969e-006 94.7213 255.307
1.83333 2 5.5 1009.85 1.1 82 3.59351e-006 100.709 253.452
1.85417 2 4.9 1009.77 1.3 83 3.63733e-006 106.697 251.597
1.875 2 5.1 1009.66 1.75 82 3.59351e-006 139.73 259.079
1.89583 2 5.3 1009.55 2.2 81 3.54969e-006 172.763 266.562
1.91667 2 5.05 1009.39 2.65 80 1.77485e-006 168.193 264.932
1.9375 2 4.8 1009.23 3.1 79 0 163.622 263.303
1.95833 2 4.45 1009.19 3.15 80.5 1.79675e-006 139.821 265.697
1.97917 2 4.1 1009.16 3.2 82 3.5935e-006 116.02 268.091
2 2 3.95 1009.03 3.05 83 3.63733e-006 98.9398 269.365
2.02083 2 3.8 1008.91 2.9 84 3.68117e-006 81.8597 270.639
2.04167 2 3.75 1008.83 2.8 84.5 3.70307e-006 68.9033 273.749
2.0625 2 3.7 1008.75 2.7 85 3.72497e-006 55.9468 276.858
2.08333 2 4 1008.67 2.7 84.5 3.70307e-006 42.886 271.969
2.10417 2 4.3 1008.59 2.7 84 3.68117e-006 29.8252 267.079
2.125 2 4.5 1008.56 2.4 85 3.72499e-006 17.3694 267.072
2.14583 2 4.7 1008.52 2.1 86 3.76881e-006 4.9135 267.064
2.16667 2 4.7 1008.51 1.95 87 3.81262e-006 2.48775 268.654
2.1875 2 4.7 1008.49 1.8 88 3.85644e-006 0.062 270.245
2.20833 2 4.8 1008.43 1.95 87.5 3.83454e-006 0.031 273.18
2.22917 2 4.9 1008.37 2.1 87 3.81264e-006 0 276.114
2.25 2 4.95 1008.26 2.05 86.5 3.79072e-006 0 272.788
2.27083 2 5 1008.15 2 86 3.76881e-006 0 269.461
2.29167 2 5.1 1008.16 1.95 86.5 3.79072e-006 0 269.204
2.3125 2 5.2 1008.17 1.9 87 3.81264e-006 0 268.947
2.33333 2 4.7 1008.18 1.75 88 3.85646e-006 0 269.102
2.35417 2 4.2 1008.19 1.6 89 3.90028e-006 0 269.258
2.375 2 3.7 1008.18 1.4 90.5 3.96601e-006 0 271.397
2.39583 2 3.2 1008.17 1.2 92 4.03175e-006 0 273.536
2.41667 2 3.6 1008.07 1.45 91 3.98793e-006 0 275.127
2.4375 2 4 1007.97 1.7 90 3.94411e-006 0 276.718
2.45833 2 4.5 1007.91 1.75 90 3.94411e-006 0 275.871
2.47917 2 5 1007.84 1.8 90 3.94411e-006 0 275.024
2.5 2 4.85 1007.86 1.65 90.5 3.96601e-006 0 270.943
2.52083 2 4.7 1007.88 1.5 91 3.98792e-006 0 266.862
2.54167 2 4.3 1007.93 1.35 92 4.03174e-006 0 270.719
2.5625 2 3.9 1007.99 1.2 93 4.07556e-006 0 274.577
2.58333 2 3.8 1008.07 1.45 92.5 4.05365e-006 0 279.768
2.60417 2 3.7 1008.15 1.7 92 4.03175e-006 0 284.959
2.625 2 3.6 1008.23 1.65 92.5 4.05365e-006 0 293.986
2.64583 2 3.5 1008.31 1.6 93 4.07556e-006 0 303.013
2.66667 2 3.6 1008.34 1.75 92.5 4.05365e-006 0.431166 295.706
2.6875 2 3.7 1008.37 1.9 92 4.03175e-006 0.862333 288.399
2.70833 2 4.6 1008.43 2 91.5 4.00983e-006 5.07517 289.407
2.72917 2 5.5 1008.5 2.1 91 3.98792e-006 9.288 290.415
2.75 2 5.35 1008.75 2.05 91.5 4.00983e-006 27.0354 289.869
2.77083 2 5.2 1009 2 92 4.03175e-006 44.7827 289.323
2.79167 2 5.1 1009.2 2.1 91.5 4.00983e-006 58.007 290.057
2.8125 2 5 1009.41 2.2 91 3.98792e-006 71.2312 290.791
2.83333 2 5.45 1009.65 2.45 91 3.98792e-006 85.4911 278.988
2.85417 2 5.9 1009.89 2.7 91 3.98792e-006 99.751 267.185
2.875 2 6.3 1010.1 2.8 90.5 3.96601e-006 92.7294 282.784
2.89583 2 6.7 1010.32 2.9 90 3.94411e-006 85.7078 298.384
2.91667 2 6.85 1010.51 2.85 90.5 3.96601e-006 71.6349 306.586
2.9375 2 7 1010.7 2.8 91 3.98792e-006 57.562 314.789
2.95833 2 6.9 1010.9 2.7 91.5 4.00983e-006 49.5179 315.779
2.97917 2 6.8 1011.09 2.6 92 4.03175e-006 41.4738 316.768
3 2 6.7 1011.18 2.55 92.5 4.05365e-006 36.0236 318.668
3.02083 2 6.6 1011.26 2.5 93 4.07556e-006 30.5733 320.568
3.04167 2 7.25 1011.38 2.55 93 4.07556e-006 28.5511 319.987
3.0625 2 7.9 1011.5 2.6 93 4.07556e-006 26.529 319.405
3.08333 2 8.05 1011.65 2.6 93 4.07556e-006 18.7338 319.663
3.10417 2 8.2 1011.79 2.6 93 4.07556e-006 10.9387 319.92
3.125 2 8 1011.93 2.5 93 4.07556e-006 6.79535 319.531
3.14583 2 7.8 1012.07 2.4 93 4.07556e-006 2.652 319.142
3.16667 2 7.45 1012.22 2.35 94 4.11939e-006 1.37125 320.558
3.1875 2 7.1 1012.38 2.3 95 4.16322e-006 0.0905 321.974
3.20833 2 6.35 1012.57 2.3 96.5 4.22896e-006 0.04525 323.469
3.22917 2 5.6 1012.76 2.3 98 4.29469e-006 0 324.963
3.25 2 5.1 1012.93 2.4 98 4.29469e-006 0 323.888
3.27083 2 4.6 1013.11 2.5 98 4.29469e-006 0 322.814
3.29167 2 4.15 1013.39 1.95 98.5 4.3166e-006 0 306.138
3.3125 2 3.7 1013.66 1.4 99 4.3385e-006 0 289.461
3.33333 2 3.45 1013.95 1.25 99.5 4.36042e-006 0 296.638
3.35417 2 3.2 1014.24 1.1 100 4.38233e-006 0 303.816
3.375 2 2.8 1014.32 1.1 100 4.38233e-006 0 308.045
3.39583 2 2.4 1014.41 1.1 100 4.38233e-006 0 312.274
3.41667 2 2.45 1014.52 1.2 100 4.38233e-006 0 315.035
3.4375 2 2.5 1014.62 1.3 100 4.38233e-006 0 317.796
3.45833 2 2.7 1014.65 1.25 99.5 4.36042e-006 0 313.868
3.47917 2 2.9 1014.67 1.2 99 4.3385e-006 0 309.941
3.5 2 3 1014.81 1.15 98.5 4.3166e-006 0 305.512
3.52083 2 3.1 1014.95 1.1 98 4.29469e-006 0 301.083
3.54167 2 2.9 1015.07 0.8 98.5 4.3166e-006 0 284.765
3.5625 2 2.7 1015.18 0.5 99 4.3385e-006 0 268.446
3.58333 2 2.2 1015.19 0.25 99 4.3385e-006 0 258.161
3.60417 2 1.7 1015.2 0 99 4.3385e-006 0 247.875
3.625 2 2.35 1015.13 0.1 99 4.3385e-006 0 263.111
3.64583 2 3 1015.06 0.2 99 4.3385e-006 0 278.346
3.66667 2 3.25 1015.03 0.3 97.5 4.27276e-006 0.507 291.372
3.6875 2 3.5 1015 0.4 96 4.20703e-006 1.014 304.397
3.70833 2 3.4 1015.06 0.5 95.5 4.18512e-006 6.46685 305.622
3.72917 2 3.3 1015.12 0.6 95 4.16322e-006 11.9197 306.846
3.75 2 3.5 1015.17 0.6 96 4.20704e-006 29.5023 302.915
3.77083 2 3.7 1015.21 0.6 97 4.25086e-006 47.0848 298.985
3.79167 2 4 1015.28 0.8 96 4.20704e-006 57.9367 303.667
3.8125 2 4.3 1015.34 1 95 4.16322e-006 68.7887 308.35
3.83333 2 5.25 1015.36 0.9 96.5 4.22896e-006 79.7939 310.361
3.85417 2 6.2 1015.39 0.8 98 4.29469e-006 90.7992 312.371
3.875 2 6.35 1015.36 0.75 98 4.29469e-006 92.1232 310.422
3.89583 2 6.5 1015.33 0.7 98 4.29469e-006 93.4472 308.473
3.91667 2 6.55 1015.3 0.65 97.5 4.27278e-006 89.3435 305.771
3.9375 2 6.6 1015.26 0.6 97 4.25086e-006 85.2398 303.068
3.95833 2 6.8 1015.18 0.6 96.5 4.22894e-006 78.2429 304.69
3.97917 2 7 1015.1 0.6 96 4.20703e-006 71.246 306.311
4 2 7.2 1014.89 0.6 95 4.16321e-006 58.4955 304.697
4.02083 2 7.4 1014.67 0.6 94 4.11939e-006 45.745 303.082
4.04167 2 7.65 1014.55 0.65 93.5 4.09747e-006 38.466 304.393
4.0625 2 7.9 1014.43 0.7 93 4.07556e-006 31.187 305.703
4.08333 2 8.1 1014.36 0.75 92.5 4.05365e-006 24.4831 307.151
4.10417 2 8.3 1014.29 0.8 92 4.03175e-006 17.7792 308.6
4.125 2 8.35 1014.17 0.85 92 4.03175e-006 9.96651 307.09
4.14583 2 8.4 1014.05 0.9 92 4.03175e-006 2.15383 305.58
4.16667 2 8.75 1013.95 0.95 92 4.03175e-006 1.06941 307.678
4.1875 2 9.1 1013.86 1 92 4.03175e-006 -0.015 309.776
4.20833 2 9.1 1013.74 1.05 92 4.03175e-006 -0.0075 310.737
4.22917 2 9.1 1013.63 1.1 92 4.03175e-006 0 311.699
4.25 2 9.45 1013.51 1.15 92 4.03175e-006 0 311.662
4.27083 2 9.8 1013.39 1.2 92 4.03175e-006 0 311.625
4.29167 2 9.7 1013.18 1.25 93 4.07557e-006 0 313.126
4.3125 2 9.6 1012.98 1.3 94 4.11939e-006 0 314.628
4.33333 2 9.85 1012.81 1.35 93.5 4.09747e-006 0 315.124
4.35417 2 10.1 1012.64 1.4 93 4.07556e-006 0 315.62
4.375 2 10.2 1012.36 1.45 93.5 4.09747e-006 0 316.177
4.39583 2 10.3 1012.09 1.5 94 4.11939e-006 0 316.733
4.41667 2 10.65 1011.76 1.6 94 4.11939e-006 0 316.299
4.4375 2 11 1011.43 1.7 94 4.11939e-006 0 315.866
4.45833 2 10.95 1011.17 1.8 93.5 4.09747e-006 0 316.854
4.47917 2 10.9 1010.9 1.9 93 4.07556e-006 0 317.843
4.5 2 10.8 1010.49 1.9 94 4.11939e-006 0 318.93
4.52083 2 10.7 1010.08 1.9 95 4.16322e-006 0 320.016
4.54167 2 11 1009.67 2 95 4.16322e-006 0 320.673
4.5625 2 11.3 1009.26 2.1 95 4.16322e-006 0 321.331
4.58333 2 11.35 1009.01 2.2 95.5 4.18512e-006 0 322.02
4.60417 2 11.4 1008.75 2.3 96 4.20703e-006 0 322.708
4.625 2 11 1008.54 2.25 96.5 4.22894e-006 0 322.76
4.64583 2 10.6 1008.32 2.2 97 4.25086e-006 0 322.813
4.66667 2 10.5 1008.15 1.95 97.5 4.27278e-006 0.358083 320.258
4.6875 2 10.4 1007.97 1.7 98 4.29469e-006 0.716167 317.702
4.70833 2 9.1 1007.83 1.4 98.5 4.3166e-006 3.83292 316.001
4.72917 2 7.8 1007.69 1.1 99 4.3385e-006 6.94967 314.3
4.75 2 5.85 1007.56 1.1 98.5 4.3166e-006 9.43369 311.658
4.77083 2 3.9 1007.43 1.1 98 4.29469e-006 11.9177 309.016
4.79167 2 3.75 1007.57 1.25 97.5 4.27278e-006 24.2865 305.997
4.8125 2 3.6 1007.7 1.4 97 4.25086e-006 36.6553 302.979
4.83333 2 4.2 1007.88 2.05 96.5 4.22894e-006 73.7151 309.27
4.85417 2 4.8 1008.06 2.7 96 4.20703e-006 110.775 315.561
4.875 2 4.85 1008.32 2.9 95.5 4.18512e-006 82.6526 318.566
4.89583 2 4.9 1008.57 3.1 95 4.16322e-006 54.5302 321.571
4.91667 2 4.5 1008.64 3.25 95.5 4.18512e-006 61.0313 317.819
4.9375 2 4.1 1008.7 3.4 96 4.20703e-006 67.5323 314.066
4.95833 2 3.7 1008.66 3.85 95 4.16321e-006 100.906 291.922
4.97917 2 3.3 1008.62 4.3 94 4.11939e-006 134.279 269.779
5 2 3.35 1008.53 4.4 93.5 4.09747e-006 138.4 261.292
5.02083 2 3.4 1008.43 4.5 93 4.07556e-006 142.52 252.805
5.04167 2 3.45 1008.26 3.85 94 4.11939e-006 95.0145 249.181
5.0625 2 3.5 1008.08 3.2 95 4.16322e-006 47.509 245.558
5.08333 2 3.35 1007.98 2.65 95.5 4.18512e-006 35.2763 247.627
5.10417 2 3.2 1007.89 2.1 96 4.20703e-006 23.0437 249.696
5.125 2 3.2 1007.77 1.95 95.5 4.18512e-006 13.1723 247.626
5.14583 2 3.2 1007.65 1.8 95 4.16322e-006 3.301 245.557
5.16667 2 3.4 1007.53 1.35 95 4.16322e-006 1.65258 243.751
5.1875 2 3.6 1007.41 0.9 95 4.16322e-006 0.00416667 241.944
5.20833 2 3.35 1007.36 1.15 94 4.11939e-006 0.00208334 245.676
5.22917 2 3.1 1007.32 1.4 93 4.07556e-006 0 249.407
5.25 2 3.4 1007.24 1.2 93.5 4.09747e-006 0 256.16
5.27083 2 3.7 1007.17 1 94 4.11939e-006 0 262.913
5.29167 2 3.2 1007.09 1.05 93 4.07557e-006 0 268.374
5.3125 2 2.7 1007.01 1.1 92 4.03175e-006 0 273.834
5.33333 2 2.8 1006.92 1.35 91 3.98793e-006 0 271.724
5.35417 2 2.9 1006.83 1.6 90 3.94411e-006 0 269.613
5.375 2 3.3 1006.82 1.6 89.5 3.92219e-006 0 267.112
5.39583 2 3.7 1006.8 1.6 89 3.90028e-006 0 264.61
5.41667 2 4 1006.67 1.55 88 3.85646e-006 0 261.477
5.4375 2 4.3 1006.53 1.5 87 3.81264e-006 0 258.345
5.45833 2 3.9 1006.32 1.25 88 3.85646e-006 0 264.721
5.47917 2 3.5 1006.1 1 89 3.90028e-006 0 271.097
5.5 2 3.65 1006 1.15 89 3.90028e-006 0 273.732
5.52083 2 3.8 1005.9 1.3 89 3.90028e-006 0 276.366
5.54167 2 3.7 1005.8 1.3 90 3.9441e-006 0 279.945
5.5625 2 3.6 1005.7 1.3 91 3.98792e-006 0 283.524
5.58333 2 3.9 1005.65 1.35 91.5 4.00983e-006 0 284.188
5.60417 2 4.2 1005.59 1.4 92 4.03175e-006 0 284.851
5.625 2 4.3 1005.62 1.4 92 4.03175e-006 0 286.997
5.64583 2 4.4 1005.65 1.4 92 4.03175e-006 0 289.144
5.66667 2 4.15 1005.72 1.4 92 4.03175e-006 0.0763335 292.698
5.6875 2 3.9 1005.8 1.4 92 4.03175e-006 0.152667 296.252
5.70833 2 3.55 1005.86 1.35 92.5 4.05365e-006 3.44933 292.121
5.72917 2 3.2 1005.93 1.3 93 4.07556e-006 6.746 287.989
5.75 2 3.05 1006.04 1.25 93.5 4.09747e-006 17.5319 284.163
5.77083 2 2.9 1006.16 1.2 94 4.11939e-006 28.3178 280.336
5.79167 2 3 1006.31 1.4 93.5 4.09747e-006 45.4165 281.423
5.8125 2 3.1 1006.46 1.6 93 4.07556e-006 62.5153 282.511
5.83333 2 3.4 1006.66 1.9 92 4.03174e-006 73.2716 271.628
5.85417 2 3.7 1006.86 2.2 91 3.98792e-006 84.0278 260.744
5.875 2 3.95 1007.06 2.55 90 3.9441e-006 82.5168 280.255
5.89583 2 4.2 1007.26 2.9 89 3.90028e-006 81.0057 299.767
5.91667 2 4.2 1007.41 3 89 3.90028e-006 69.3053 304.999
5.9375 2 4.2 1007.55 3.1 89 3.90028e-006 57.6048 310.23
5.95833 2 4.1 1007.62 3.2 89 3.90028e-006 63.6008 308.403
5.97917 2 4 1007.69 3.3 89 3.90028e-006 69.5967 306.575
6 2 3.9 1007.82 3.2 90.5 3.96601e-006 54.4466 313.044
6.02083 2 3.8 1007.95 3.1 92 4.03175e-006 39.2965 319.514
6.04167 2 4.2 1008.13 3.1 93.5 4.09749e-006 26.1217 321.548
6.0625 2 4.6 1008.3 3.1 95 4.16322e-006 12.947 323.582
6.08333 2 4.35 1008.59 3.2 96 4.20704e-006 9.02683 324.098
6.10417 2 4.1 1008.89 3.3 97 4.25086e-006 5.10667 324.613
6.125 2 4.5 1009.14 3.1 97.5 4.27278e-006 2.83742 324.13
6.14583 2 4.9 1009.39 2.9 98 4.29469e-006 0.568167 323.648
6.16667 2 5.7 1009.63 3.15 97 4.25086e-006 0.284083 314.844
6.1875 2 6.5 1009.87 3.4 96 4.20703e-006 0 306.04
6.20833 2 5.9 1010.24 3.25 95.5 4.18512e-006 0 295.413
6.22917 2 5.3 1010.62 3.1 95 4.16322e-006 0 284.785
6.25 2 4.85 1010.94 2.45 96.5 4.22896e-006 0 294.801
6.27083 2 4.4 1011.26 1.8 98 4.29469e-006 0 304.817
6.29167 2 4.7 1011.43 1.75 98 4.29469e-006 0 298.721
6.3125 2 5 1011.61 1.7 98 4.29469e-006 0 292.626
6.33333 2 4.85 1011.79 1.45 98 4.29469e-006 0 275.926
6.35417 2 4.7 1011.97 1.2 98 4.29469e-006 0 259.226
6.375 2 4.25 1012.08 0.85 97.5 4.27278e-006 0 246.789
6.39583 2 3.8 1012.2 0.5 97 4.25086e-006 0 234.351
6.41667 2 3.9 1012.4 0.1 96 4.20704e-006 0 232.452
6.4375 2 4 1012.59 -0.3 95 4.16322e-006 0 230.554
6.45833 2 3.35 1012.63 -0.6 94.5 4.14131e-006 0 230.28
6.47917 2 2.7 1012.67 -0.9 94 4.11939e-006 0 230.006
6.5 2 2.85 1012.7 -1.05 93.5 4.09747e-006 0 230.689
6.52083 2 3 1012.74 -1.2 93 4.07556e-006 0 231.371
6.54167 2 2.8 1012.8 -1.35 93.5 4.09747e-006 0 234.51
6.5625 2 2.6 1012.87 -1.5 94 4.11939e-006 0 237.649
6.58333 2 2.55 1012.95 -1.25 94.5 4.14131e-006 0 256.087
6.60417 2 2.5 1013.04 -1 95 4.16322e-006 0 274.525
6.625 2 2.6 1013.15 -0.65 95.5 4.18512e-006 0 284.999
6.64583 2 2.7 1013.26 -0.3 96 4.20703e-006 0 295.473
6.66667 2 2.75 1013.42 0.25 97 4.25086e-006 -0.0721665 305.943
6.6875 2 2.8 1013.58 0.8 98 4.29469e-006 -0.144333 316.413
6.70833 2 3.3 1013.81 1.25 97.5 4.27278e-006 0.634583 318.311
6.72917 2 3.8 1014.04 1.7 97 4.25086e-006 1.4135 320.21
6.75 2 3.75 1014.25 2 96 4.20704e-006 5.7565 320.541
6.77083 2 3.7 1014.46 2.3 95 4.16322e-006 10.0995 320.872
6.79167 2 3.8 1014.63 1.95 96 4.20704e-006 23.2384 319.491
6.8125 2 3.9 1014.8 1.6 97 4.25086e-006 36.3773 318.109
6.83333 2 4.6 1015.02 2.05 96.5 4.22894e-006 47.5261 320.005
6.85417 2 5.3 1015.23 2.5 96 4.20703e-006 58.675 321.9
6.875 2 5.3 1015.55 2.45 96.5 4.22894e-006 73.3819 314.159
6.89583 2 5.3 1015.87 2.4 97 4.25086e-006 88.0887 306.418
6.91667 2 4.8 1016.12 2.4 97 4.25086e-006 97.0554 306.06
6.9375 2 4.3 1016.37 2.4 97 4.25086e-006 106.022 305.701
6.95833 2 4.35 1016.66 2.45 97 4.25086e-006 85.4249 313.849
6.97917 2 4.4 1016.94 2.5 97 4.25086e-006 64.8277 321.998
7 2 4.15 1017.1 2.4 97.5 4.27278e-006 66.3039 321.998
7.02083 2 3.9 1017.27 2.3 98 4.29469e-006 67.7802 321.998
7.04167 2 4.05 1017.51 2.1 98 4.29469e-006 46.2272 321.405
7.0625 2 4.2 1017.74 1.9 98 4.29469e-006 24.6743 320.812
7.08333 2 5.2 1018.2 1.5 96.5 4.22896e-006 15.3821 317.997
7.10417 2 6.2 1018.67 1.1 95 4.16322e-006 6.09 315.183
7.125 2 6 1019.07 0.95 94.5 4.14131e-006 3.16067 313.59
7.14583 2 5.8 1019.48 0.8 94 4.11939e-006 0.231333 311.996
7.16667 2 5.85 1019.88 0.8 92.5 4.05365e-006 0.115667 309.607
7.1875 2 5.9 1020.28 0.8 91 3.98792e-006 0 307.219
7.20833 2 5.7 1020.67 0.95 87.5 3.83454e-006 0 304.648
7.22917 2 5.5 1021.05 1.1 84 3.68117e-006 0 302.078
7.25 2 5.45 1021.28 1.1 83.5 3.65925e-006 0 300.164
7.27083 2 5.4 1021.51 1.1 83 3.63733e-006 0 298.25
7.29167 2 5.35 1021.92 1 85.5 3.74689e-006 0 300.913
7.3125 2 5.3 1022.33 0.9 88 3.85644e-006 0 303.575
7.33333 2 5.45 1022.7 0.7 89 3.90028e-006 0 303.654
7.35417 2 5.6 1023.06 0.5 90 3.94411e-006 0 303.733
7.375 2 5.4 1023.32 0.35 90.5 3.96601e-006 0 301.116
7.39583 2 5.2 1023.58 0.2 91 3.98792e-006 0 298.499
7.41667 2 4.65 1023.78 0.15 90 3.9441e-006 0 301.787
7.4375 2 4.1 1023.98 0.1 89 3.90028e-006 0 305.075
7.45833 2 5.05 1024.29 -0.05 87 3.81262e-006 0 304.064
7.47917 2 6 1024.6 -0.2 85 3.72497e-006 0 303.052
7.5 2 5.8 1024.79 -0.1 82 1.86249e-006 0 299.773
7.52083 2 5.6 1024.99 0 79 0 0 296.494
7.54167 2 4.95 1025.16 0 76.5 0 0 295.172
7.5625 2 4.3 1025.32 0 74 0 0 293.849
7.58333 2 5 1025.56 0.05 74.5 0 0 291.059
7.60417 2 5.7 1025.81 0.1 75 0 0 288.268
7.625 2 5.95 1026.09 -0.1 78.5 1.79675e-006 0 285.348
7.64583 2 6.2 1026.38 -0.3 82 3.5935e-006 0 282.428
7.66667 2 5.6 1026.64 -0.4 81 1.79675e-006 0.0763335 287.479
7.6875 2 5 1026.89 -0.5 80 0 0.152667 292.531
7.70833 2 5.2 1027.06 -0.4 77.5 0 2.64817 286.955
7.72917 2 5.4 1027.24 -0.3 75 0 5.14367 281.379
7.75 2 5.65 1027.51 -0.3 75 0 11.7917 283.014
7.77083 2 5.9 1027.78 -0.3 75 0 18.4398 284.65
7.79167 2 6.15 1028.06 -0.35 70.5 0 33.0177 276.707
7.8125 2 6.4 1028.35 -0.4 66 0 47.5957 268.764
7.83333 2 6.3 1028.56 -0.4 69 0 63.1192 264.704
7.85417 2 6.2 1028.77 -0.4 72 0 78.6427 260.645
7.875 2 6.55 1029.03 -0.3 74 0 120.352 263.203
7.89583 2 6.9 1029.28 -0.2 76 0 162.062 265.761
7.91667 2 7.4 1029.47 -0.1 75.5 0 160.191 263.867
7.9375 2 7.9 1029.65 0 75 0 158.32 261.973
7.95833 2 7.8 1019.56 -0.15 76 0 131.08 254.638
7.97917 2 7.7 1009.46 -0.3 77 0 103.84 247.304
8 2 7.6 1009.4 -0.2 76 0 93.2636 261.234
8.02083 2 7.5 1009.34 -0.1 75 0 82.6873 275.165
8.04167 2 7.7 1009.3 -0.15 75 0 61.3804 276.005
8.0625 2 7.9 1009.26 -0.2 75 0 40.0735 276.845
8.08333 2 8.1 1009.26 -0.2 75.5 0 26.6093 277.408
8.10417 2 8.3 1009.26 -0.2 76 0 13.145 277.971
8.125 2 8.2 1009.26 -0.15 76.5 0 7.30625 283.477
8.14583 2 8.1 1009.25 -0.1 77 0 1.4675 288.982
8.16667 2 8.05 1009.24 0.05 79 1.77485e-006 0.73375 290.581
8.1875 2 8 1009.23 0.2 81 3.54969e-006 0 292.181
8.20833 2 7.95 1009.19 0.25 82.5 3.61543e-006 0 278.806
8.22917 2 7.9 1009.16 0.3 84 3.68117e-006 0 265.431
8.25 2 7.4 1009.11 0.35 79.5 1.84058e-006 0 265.823
8.27083 2 6.9 1009.07 0.4 75 0 0 266.216
8.29167 2 7.05 1008.96 0.4 77.5 0 0 271.174
8.3125 2 7.2 1008.84 0.4 80 0 0 276.132
8.33333 2 7.05 1008.79 0.4 79 0 0 287.688
8.35417 2 6.9 1008.73 0.4 78 0 0 299.243
8.375 2 6.95 1008.69 0.5 80 1.79675e-006 0 301.017
8.39583 2 7 1008.65 0.6 82 3.5935e-006 0 302.791
8.41667 2 7.55 1008.59 0.7 84 3.68115e-006 0 299.547
8.4375 2 8.1 1008.54 0.8 86 3.76881e-006 0 296.303
8.45833 2 8.45 1008.39 0.85 85.5 3.74689e-006 0 293.752
8.47917 2 8.8 1008.23 0.9 85 3.72497e-006 0 291.201
8.5 2 8.7 1008.09 1 83.5 3.65924e-006 0 293.418
8.52083 2 8.6 1007.95 1.1 82 3.5935e-006 0 295.635
8.54167 2 8.3 1007.83 1 81.5 3.5716e-006 0 285.109
8.5625 2 8 1007.71 0.9 81 3.54969e-006 0 274.583
8.58333 2 7.55 1007.67 0.75 80 1.77485e-006 0 263.07
8.60417 2 7.1 1007.62 0.6 79 0 0 251.558
8.625 2 6.9 1007.53 0.65 79.5 0 0 260.419
8.64583 2 6.7 1007.44 0.7 80 0 0 269.28
8.66667 2 6.9 1007.44 0.7 81 1.79675e-006 0.062 283.5
8.6875 2 7.1 1007.44 0.7 82 3.5935e-006 0.124 297.72
8.70833 2 7.9 1007.37 0.7 81.5 3.5716e-006 1.2563 297.69
8.72917 2 8.7 1007.3 0.7 81 3.54969e-006 2.3886 297.66
8.75 2 8.15 1007.23 0.65 79.5 1.77485e-006 10.7577 291.987
8.77083 2 7.6 1007.17 0.6 78 0 19.1268 286.314
8.79167 2 6.9 1007.21 0.4 82 1.8844e-006 36.3983 288.492
8.8125 2 6.2 1007.26 0.2 86 3.76881e-006 53.6697 290.669
8.83333 2 6.3 1007.23 0.35 85 3.72499e-006 53.3185 293.143
8.85417 2 6.4 1007.21 0.5 84 3.68117e-006 52.9672 295.618
8.875 2 6.45 1007.22 0.55 84 3.68117e-006 69.7104 294.759
8.89583 2 6.5 1007.24 0.6 84 3.68117e-006 86.4537 293.9
8.91667 2 7 1007.23 0.75 79.5 1.84058e-006 72.3097 296.549
8.9375 2 7.5 1007.23 0.9 75 0 58.1658 299.199
8.95833 2 7.7 1007.17 0.85 76 0 71.0068 295.743
8.97917 2 7.9 1007.11 0.8 77 0 83.8477 292.288
9 2 7.8 1007.06 0.6 80 1.81867e-006 75.5542 267.258
9.02083 2 7.7 1007.01 0.4 83 3.63733e-006 67.2607 242.227
9.04167 2 7.15 1006.97 0.3 81 1.81867e-006 50.4169 254.523
9.0625 2 6.6 1006.93 0.2 79 0 33.5732 266.819
9.08333 2 6.75 1006.92 0.2 78 0 22.1635 280.008
9.10417 2 6.9 1006.9 0.2 77 0 10.7537 293.196
9.125 2 6.4 1006.95 0.05 74.5 0 5.7901 294.285
9.14583 2 5.9 1007 -0.1 72 0 0.8265 295.374
9.16667 2 5.9 1007.05 -0.15 73 0 0.41325 296.211
9.1875 2 5.9 1007.09 -0.2 74 0 0 297.047
9.20833 2 5.95 1007.07 -0.35 74 0 0 296.583
9.22917 2 6 1007.05 -0.5 74 0 0 296.12
9.25 2 5.75 1007.09 -0.55 72 0 0 295.901
9.27083 2 5.5 1007.14 -0.6 70 0 0 295.682
9.29167 2 5.6 1007.19 -0.7 72 0 0 296.221
9.3125 2 5.7 1007.24 -0.8 74 0 0 296.759
9.33333 2 5.6 1007.26 -0.9 74 0 0 296.246
9.35417 2 5.5 1007.28 -1 74 0 0 295.733
9.375 2 5.2 1007.34 -1.05 74 0 0 295.56
9.39583 2 4.9 1007.41 -1.1 74 0 0 295.387
9.41667 2 5.3 1007.45 -0.9 72.5 0 0 295.195
9.4375 2 5.7 1007.49 -0.7 71 0 0 295.003
9.45833 2 5.75 1007.53 -0.75 70.5 0 0 294.753
9.47917 2 5.8 1007.57 -0.8 70 0 0 294.503
9.5 2 6.1 1007.6 -0.85 71.5 0 0 294.644
9.52083 2 6.4 1007.63 -0.9 73 0 0 294.785
9.54167 2 6.05 1007.68 -0.95 76 0 0 293.953
9.5625 2 5.7 1007.74 -1 79 0 0 293.122
9.58333 2 5.95 1007.82 -0.95 77.5 0 0 293.601
9.60417 2 6.2 1007.9 -0.9 76 0 0 294.079
9.625 2 5.95 1007.97 -0.95 75.5 0 0 294.356
9.64583 2 5.7 1008.03 -1 75 0 0 294.633
9.66667 2 5.1 1008.09 -1 77.5 0 0.0994165 295.406
9.6875 2 4.5 1008.16 -1 80 0 0.198833 296.179
9.70833 2 4.35 1008.09 -0.95 78.5 0 1.44033 296.052
9.72917 2 4.2 1008.03 -0.9 77 0 2.68183 295.925
9.75 2 4.1 1008.15 -0.95 75.5 0 5.996 295.33
9.77083 2 4 1008.26 -1 74 0 9.31017 294.735
9.79167 2 3.95 1008.4 -1.05 74 0 14.3077 294.329
9.8125 2 3.9 1008.53 -1.1 74 0 19.3052 293.923
9.83333 2 4.05 1008.66 -1.1 75.5 0 20.5782 294.522
9.85417 2 4.2 1008.78 -1.1 77 0 21.8512 295.121
9.875 2 4.1 1008.91 -1.1 77 0 30.6226 294.214
9.89583 2 4 1009.04 -1.1 77 0 39.394 293.307
9.91667 2 4.3 1009.16 -1.6 84 1.99396e-006 34.9309 294.269
9.9375 2 4.6 1009.28 -2.1 91 3.98792e-006 30.4678 295.231
9.95833 2 5.3 1009.23 -2.4 93 4.07557e-006 37.0455 296.184
9.97917 2 6 1009.18 -2.7 95 4.16322e-006 43.6233 297.137
10 2 5.8 1009.18 -2.75 92.5 4.05367e-006 45.7618 296.815
10.0208 2 5.6 1009.18 -2.8 90 3.94411e-006 47.9003 296.492
10.0417 2 5.95 1009.26 -2.85 91 3.98793e-006 38.7789 296.038
10.0625 2 6.3 1009.33 -2.9 92 4.03175e-006 29.6575 295.584
10.0833 2 6.3 1009.36 -3.15 91 3.98793e-006 18.7995 294.255
10.1042 2 6.3 1009.4 -3.4 90 3.94411e-006 7.9415 292.925
10.125 2 5.85 1009.47 -3.85 91.5 4.00983e-006 4.52325 277.447
10.1458 2 5.4 1009.53 -4.3 93 4.07556e-006 1.105 261.969
10.1667 2 5.1 1009.59 -5 93.5 4.09747e-006 0.5525 241.008
10.1875 2 4.8 1009.65 -5.7 94 4.11939e-006 0 220.048
10.2083 2 4.5 1019.36 -6 94 4.11939e-006 0 216.115
10.2292 2 4.2 1029.07 -6.3 94 4.11939e-006 0 212.182
10.25 2 4.15 1028.8 -6.05 93 4.07557e-006 0 232.517
10.2708 2 4.1 1028.53 -5.8 92 4.03175e-006 0 252.852
10.2917 2 4.15 1028.1 -5 91.5 4.00983e-006 0 271.862
10.3125 2 4.2 1027.67 -4.2 91 3.98792e-006 0 290.873
10.3333 2 4.3 1027.22 -4.1 91 3.98792e-006 0 291.251
10.3542 2 4.4 1026.76 -4 91 3.98792e-006 0 291.63
10.375 2 4.15 1026.24 -3.85 91.5 4.00983e-006 0 291.193
10.3958 2 3.9 1025.73 -3.7 92 4.03175e-006 0 290.756
10.4167 2 4.25 1025.34 -3.65 93 4.07557e-006 0 290.965
10.4375 2 4.6 1024.96 -3.6 94 4.11939e-006 0 291.173
10.4583 2 5 1024.44 -3.55 92.5 4.05365e-006 0 291.671
10.4792 2 5.4 1023.93 -3.5 91 3.98792e-006 0 292.169
10.5 2 5.3 1023.46 -3.55 91 3.98792e-006 0 292.81
10.5208 2 5.2 1022.99 -3.6 91 3.98792e-006 0 293.451
10.5417 2 4.95 1022.41 -3.55 92 4.03174e-006 0 295.265
10.5625 2 4.7 1021.82 -3.5 93 4.07556e-006 0 297.079
10.5833 2 5.1 1021.18 -2.25 93.5 4.09747e-006 0 300.799
10.6042 2 5.5 1020.53 -1 94 4.11939e-006 0 304.518
10.625 2 6.6 1019.94 -0.65 93 4.07557e-006 0 304.279
10.6458 2 7.7 1019.35 -0.3 92 4.03175e-006 0 304.041
10.6667 2 7.95 1018.97 -0.3 89.5 3.92219e-006 0.0503335 302.966
10.6875 2 8.2 1018.59 -0.3 87 3.81264e-006 0.100667 301.891
10.7083 2 8.55 1018.33 -0.4 81 1.90632e-006 1.68333 298.871
10.7292 2 8.9 1018.06 -0.5 75 0 3.266 295.851
10.75 2 8.5 1017.79 -0.55 74.5 0 9.08815 294.292
10.7708 2 8.1 1017.51 -0.6 74 0 14.9103 292.733
10.7917 2 8.3 1017.24 -0.5 76 0 27.1623 292.281
10.8125 2 8.5 1016.98 -0.4 78 0 39.4143 291.83
10.8333 2 8.65 1016.7 -0.4 78.5 0 50.8594 288.784
10.8542 2 8.8 1016.43 -0.4 79 0 62.3045 285.737
10.875 2 9 1016.09 -0.3 79.5 0 68.5104 288.672
10.8958 2 9.2 1015.75 -0.2 80 0 74.7162 291.608
10.9167 2 8.85 1015.35 -0.4 86 2.01587e-006 70.5704 293.062
10.9375 2 8.5 1014.95 -0.6 92 4.03175e-006 66.4245 294.516
10.9583 2 8.65 1014.61 -0.15 86 2.01587e-006 75.166 285.464
10.9792 2 8.8 1014.27 0.3 80 0 83.9075 276.411
11 2 9.15 1014.16 0.05 83.5 1.90632e-006 69.0363 283.951
11.0208 2 9.5 1014.04 -0.2 87 3.81264e-006 54.165 291.491
11.0417 2 9.65 1013.82 -0.05 84 3.68117e-006 39.4219 292.594
11.0625 2 9.8 1013.59 0.1 81 3.54969e-006 24.6787 293.696
11.0833 2 9.85 1013.41 0.05 81.5 3.5716e-006 14.9784 292.737
11.1042 2 9.9 1013.22 0 82 3.5935e-006 5.27817 291.779
11.125 2 9.8 1013.08 0 79.5 1.79675e-006 2.85408 289.974
11.1458 2 9.7 1012.94 0 77 0 0.43 288.168
11.1667 2 9.75 1012.79 -0.35 84 1.99396e-006 0.215 293.189
11.1875 2 9.8 1012.63 -0.7 91 3.98792e-006 0 298.21
11.2083 2 8.8 1012.4 -0.7 90 3.9441e-006 0 291.957
11.2292 2 7.8 1012.16 -0.7 89 3.90028e-006 0 285.705
11.25 2 8.3 1012.1 -0.65 85 3.72499e-006 0 286.336
11.2708 2 8.8 1012.04 -0.6 81 3.54969e-006 0 286.968
11.2917 2 8.85 1012.02 -0.5 78 1.77485e-006 0 289.529
11.3125 2 8.9 1012 -0.4 75 0 0 292.091
11.3333 2 8.9 1011.97 -0.55 77.5 0 0 288.01
11.3542 2 8.9 1011.95 -0.7 80 0 0 283.93
11.375 2 8.55 1011.96 -0.8 78.5 0 0 288.052
11.3958 2 8.2 1011.98 -0.9 77 0 0 292.174
11.4167 2 7.9 1011.97 -0.9 76.5 0 0 286.781
11.4375 2 7.6 1011.96 -0.9 76 0 0 281.387
11.4583 2 7.4 1011.89 -0.8 76.5 0 0 287.604
11.4792 2 7.2 1011.81 -0.7 77 0 0 293.822
11.5 2 7.4 1011.73 -0.7 78.5 0 0 279.514
11.5208 2 7.6 1011.65 -0.7 80 0 0 265.207
11.5417 2 7.85 1011.51 -0.6 77.5 0 0 266.408
11.5625 2 8.1 1011.36 -0.5 75 0 0 267.608
11.5833 2 8.3 1011.22 -0.55 78.5 1.79675e-006 0 275.102
11.6042 2 8.5 1011.09 -0.6 82 3.5935e-006 0 282.596
11.625 2 8.05 1011.01 -0.8 83 3.63733e-006 0 279.932
11.6458 2 7.6 1010.92 -1 84 3.68117e-006 0 277.267
11.6667 2 7.85 1010.88 -0.9 78.5 1.84058e-006 0.0119167 283.475
11.6875 2 8.1 1010.83 -0.8 73 0 0.0238333 289.683
11.7083 2 7.9 1010.93 -1 72 0 1.18458 289.576
11.7292 2 7.7 1011.03 -1.2 71 0 2.34533 289.468
11.75 2 7.2 1010.99 -1.4 71 0 11.6603 288.599
11.7708 2 6.7 1010.95 -1.6 71 0 20.9752 287.731
11.7917 2 6.55 1010.96 -1.6 71.5 0 32.1495 288.139
11.8125 2 6.4 1010.98 -1.6 72 0 43.3237 288.548
11.8333 2 6.25 1010.95 -1.55 72 0 50.2868 288.454
11.8542 2 6.1 1010.92 -1.5 72 0 57.25 288.36
11.875 2 6 1010.72 -1.35 70.5 0 66.8573 286.732
11.8958 2 5.9 1010.53 -1.2 69 0 76.4647 285.104
11.9167 2 5.85 1010.34 -1.05 70 0 73.8019 288.57
11.9375 2 5.8 1010.14 -0.9 71 0 71.1392 292.037
11.9583 2 6.45 1009.91 -0.9 74 0 66.612 292.479
11.9792 2 7.1 1009.68 -0.9 77 0 62.0847 292.922
12 2 7 1009.36 -0.85 79 1.77485e-006 48.7219 295.221
12.0208 2 6.9 1009.04 -0.8 81 3.54969e-006 35.359 297.519
12.0417 2 7.1 1008.68 -0.75 83.5 3.65925e-006 33.2009 288.492
12.0625 2 7.3 1008.33 -0.7 86 3.76881e-006 31.0428 279.464
12.0833 2 7.65 1007.97 -0.55 87.5 3.83454e-006 19.9242 282.086
12.1042 2 8 1007.62 -0.4 89 3.90028e-006 8.80567 284.709
12.125 2 8.55 1007.35 -0.3 87.5 3.83454e-006 4.69525 285.392
12.1458 2 9.1 1007.08 -0.2 86 3.76881e-006 0.584833 286.074
12.1667 2 9.3 1006.93 -0.35 84 3.68115e-006 0.292417 275.213
12.1875 2 9.5 1006.78 -0.5 82 3.5935e-006 0 264.352
12.2083 2 8.9 1006.63 -0.75 84.5 3.70307e-006 0 261.339
12.2292 2 8.3 1006.47 -1 87 3.81264e-006 0 258.327
12.25 2 8.75 1006.38 -0.9 81.5 1.90632e-006 0 260.094
12.2708 2 9.2 1006.28 -0.8 76 0 0 261.862
12.2917 2 8.75 1006.09 -0.95 78.5 1.77485e-006 0 262.467
12.3125 2 8.3 1005.9 -1.1 81 3.54969e-006 0 263.072
12.3333 2 8.25 1005.66 -1.1 80.5 1.77485e-006 0 258.016
12.3542 2 8.2 1005.42 -1.1 80 0 0 252.96
12.375 2 8.35 1005.22 -1.1 80.5 1.77485e-006 0 262.842
12.3958 2 8.5 1005.02 -1.1 81 3.54969e-006 0 272.724
12.4167 2 8.65 1004.8 -1.1 80.5 1.77485e-006 0 262.093
12.4375 2 8.8 1004.57 -1.1 80 0 0 251.462
12.4583 2 8.45 1004.46 -1.15 81.5 1.81867e-006 0 261.206
12.4792 2 8.1 1004.36 -1.2 83 3.63733e-006 0 270.95
12.5 2 8.25 1004.22 -1.2 82 3.59351e-006 0 262.984
12.5208 2 8.4 1004.08 -1.2 81 3.54969e-006 0 255.017
12.5417 2 8.15 1004.01 -1.25 78.5 1.77485e-006 0 249.262
12.5625 2 7.9 1003.94 -1.3 76 0 0 243.508
12.5833 2 7.65 1003.73 -1.3 76 0 0 251.132
12.6042 2 7.4 1003.52 -1.3 76 0 0 258.757
12.625 2 7.15 1003.42 -1.3 77 0 0 257.069
12.6458 2 6.9 1003.32 -1.3 78 0 0 255.381
12.6667 2 6.9 1003.17 -1.25 75 0 0.01225 258.047
12.6875 2 6.9 1003.01 -1.2 72 0 0.0245 260.712
12.7083 2 6.6 1002.8 -1.2 74 0 2.516 268.406
12.7292 2 6.3 1002.59 -1.2 76 0 5.0075 276.099
12.75 2 6.2 1002.48 -1.35 78.5 1.77485e-006 15.2358 271.32
12.7708 2 6.1 1002.37 -1.5 81 3.54969e-006 25.4642 266.541
12.7917 2 5.8 1002.26 -1.45 82 3.59351e-006 36.5126 274.672
12.8125 2 5.5 1002.15 -1.4 83 3.63733e-006 47.561 282.802
12.8333 2 5.7 1001.93 -1.2 79.5 1.81867e-006 60.0914 277.349
12.8542 2 5.9 1001.7 -1 76 0 72.6218 271.897
12.875 2 6.25 1001.58 -1.15 79.5 1.81867e-006 72.957 272.685
12.8958 2 6.6 1001.46 -1.3 83 3.63733e-006 73.2922 273.473
12.9167 2 6.75 1001.31 -1.3 82 3.59351e-006 81.8916 274.152
12.9375 2 6.9 1001.16 -1.3 81 3.54969e-006 90.4911 274.831
12.9583 2 7 1000.96 -1.35 81.5 3.5716e-006 108.147 277.466
12.9792 2 7.1 1000.76 -1.4 82 3.5935e-006 125.803 280.1
13 2 7.1 1000.52 -1.45 79 1.79675e-006 91.4281 282.893
13.0208 2 7.1 1000.27 -1.5 76 0 57.0532 285.686
13.0417 2 7.25 1000.09 -1.65 78.5 1.77485e-006 39.953 274.791
13.0625 2 7.4 999.91 -1.8 81 3.54969e-006 22.8528 263.896
13.0833 2 7.2 999.735 -1.85 81.5 3.5716e-006 15.4881 269.093
13.1042 2 7 999.56 -1.9 82 3.5935e-006 8.12333 274.29
13.125 2 6.9 999.35 -1.85 78.5 1.79675e-006 3.97875 280.084
13.1458 2 6.8 999.14 -1.8 75 0 -0.165833 285.878
13.1667 2 6.6 998.85 -1.75 73.5 0 -0.0829165 285.248
13.1875 2 6.4 998.56 -1.7 72 0 0 284.618
13.2083 2 6.45 998.345 -1.6 73.5 0 0 284.368
13.2292 2 6.5 998.13 -1.5 75 0 0 284.118
13.25 2 6.5 997.865 -1.5 74.5 0 0 281.848
13.2708 2 6.5 997.6 -1.5 74 0 0 279.578
13.2917 2 6.65 997.375 -2.55 85.5 2.12543e-006 0 287.216
13.3125 2 6.8 997.15 -3.6 97 4.25086e-006 0 294.854
13.3333 2 6.75 996.885 -3.9 97.5 4.27278e-006 0 286.323
13.3542 2 6.7 996.62 -4.2 98 4.29469e-006 0 277.792
13.375 2 7.2 996.365 -4.2 97.5 4.27278e-006 0 282.81
13.3958 2 7.7 996.11 -4.2 97 4.25086e-006 0 287.829
13.4167 2 7.7 995.88 -4.45 97 4.25086e-006 0 282.786
13.4375 2 7.7 995.65 -4.7 97 4.25086e-006 0 277.743
13.4583 2 7.5 995.425 -4.95 97 4.25086e-006 0 271.086
13.4792 2 7.3 995.2 -5.2 97 4.25086e-006 0 264.429
13.5 2 7.25 994.91 -5.55 97 4.25086e-006 0 259.034
13.5208 2 7.2 994.62 -5.9 97 4.25086e-006 0 253.64
13.5417 2 6.95 994.43 -5.7 97 4.25086e-006 0 264.667
13.5625 2 6.7 994.24 -5.5 97 4.25086e-006 0 275.693
13.5833 2 6 994.14 -4.9 97.5 4.27278e-006 0 286.142
13.6042 2 5.3 994.04 -4.3 98 4.29469e-006 0 296.591
13.625 2 6.05 994.02 -3.05 92 4.03175e-006 0 294.855
13.6458 2 6.8 994 -1.8 86 3.76881e-006 0 293.12
13.6667 2 6.3 994.11 -1.9 80 1.8844e-006 0 287.271
13.6875 2 5.8 994.22 -2 74 0 0 281.421
13.7083 2 5.4 994.315 -2.1 72 0 1.46834 281.185
13.7292 2 5 994.41 -2.2 70 0 2.93667 280.949
13.75 2 5.1 994.475 -2.15 65.5 0 19.3776 272.24
13.7708 2 5.2 994.54 -2.1 61 0 35.8185 263.53
13.7917 2 5.6 994.645 -2.2 66.5 0 47.9537 263.928
13.8125 2 6 994.75 -2.3 72 0 60.0888 264.326
13.8333 2 5.65 994.885 -2.45 71 0 67.6861 263.077
13.8542 2 5.3 995.02 -2.6 70 0 75.2833 261.828
13.875 2 5 995.135 -2.6 68.5 0 77.4364 266.151
13.8958 2 4.7 995.25 -2.6 67 0 79.5895 270.473
13.9167 2 5.05 995.395 -2.75 70 0 67.4694 273.188
13.9375 2 5.4 995.54 -2.9 73 0 55.3493 275.904
13.9583 2 4.45 995.61 -2.95 70 0 67.7538 267.96
13.9792 2 3.5 995.68 -3 67 0 80.1583 260.016
14 2 3.65 995.725 -3.2 64 0 84.8242 240.163
14.0208 2 3.8 995.77 -3.4 61 0 89.4902 220.311
14.0417 2 3.65 995.94 -3.75 58 0 63.8499 216.405
14.0625 2 3.5 996.11 -4.1 55 0 38.2097 212.499
14.0833 2 3.2 996.225 -4.05 58 0 24.4517 230.516
14.1042 2 2.9 996.34 -4 61 0 10.6937 248.533
14.125 2 3.1 996.395 -3.95 64 0 5.57277 247.686
14.1458 2 3.3 996.45 -3.9 67 0 0.451833 246.839
14.1667 2 3.4 996.525 -4.15 70 0 0.225917 239.233
14.1875 2 3.5 996.6 -4.4 73 0 0 231.627
14.2083 2 2.65 996.71 -5.7 71 0 0 232.745
14.2292 2 1.8 996.82 -7 69 0 0 233.864
14.25 2 2.55 996.86 -9.05 82 2.08161e-006 0 222.042
14.2708 2 3.3 996.9 -11.1 95 4.16322e-006 0 210.221
14.2917 2 3.45 996.95 -11.25 95.5 4.18512e-006 0 218.272
14.3125 2 3.6 997 -11.4 96 4.20703e-006 0 226.323
14.3333 2 3.55 997.14 -10.85 95.5 4.18512e-006 0 233.773
14.3542 2 3.5 997.28 -10.3 95 4.16322e-006 0 241.223
14.375 2 3.65 997.44 -10.7 95 4.16322e-006 0 238.639
14.3958 2 3.8 997.6 -11.1 95 4.16322e-006 0 236.054
14.4167 2 3.65 997.74 -11.1 93 4.07557e-006 0 221.01
14.4375 2 3.5 997.88 -11.1 91 3.98792e-006 0 205.966
14.4583 2 3.5 997.95 -11.5 91 3.98792e-006 0 207.178
14.4792 2 3.5 998.02 -11.9 91 3.98792e-006 0 208.391
14.5 2 3.5 998.1 -11.7 90 3.9441e-006 0 220.307
14.5208 2 3.5 998.18 -11.5 89 3.90028e-006 0 232.223
14.5417 2 3.1 998.26 -10.4 86 3.76881e-006 0 242.264
14.5625 2 2.7 998.34 -9.3 83 3.63733e-006 0 252.304
14.5833 2 2 998.47 -7.6 75 1.81867e-006 0 251.421
14.6042 2 1.3 998.6 -5.9 67 0 0 250.537
14.625 2 1.8 998.66 -4.75 63 0 0 254.656
14.6458 2 2.3 998.72 -3.6 59 0 0 258.776
14.6667 2 2.5 998.87 -3.4 58.5 0 0 260.992
14.6875 2 2.7 999.02 -3.2 58 0 0 263.207
14.7083 2 2.65 999.21 -3.35 59.5 0 1.20875 262.098
14.7292 2 2.6 999.4 -3.5 61 0 2.4175 260.989
14.75 2 2.65 999.59 -3.4 59 0 8.1054 247.734
14.7708 2 2.7 999.78 -3.3 57 0 13.7933 234.48
14.7917 2 2.75 999.92 -3.2 58.5 0 29.1672 241.836
14.8125 2 2.8 1000.06 -3.1 60 0 44.541 249.192
14.8333 2 4.05 1000.22 -3.3 66 0 45.3474 233.834
14.8542 2 5.3 1000.39 -3.5 72 0 46.1537 218.476
14.875 2 4.1 1000.48 -3.5 72.5 0 81.1749 217.495
14.8958 2 2.9 1000.58 -3.5 73 0 116.196 216.513
14.9167 2 3.4 1000.72 -3.35 72 0 119.013 216.592
14.9375 2 3.9 1000.86 -3.2 71 0 121.83 216.671
14.9583 2 3.8 1001.03 -3.2 71 0 131.783 215.248
14.9792 2 3.7 1001.19 -3.2 71 0 141.735 213.825
15 2 4.25 1001.35 -3.1 71 0 107.757 223.561
15.0208 2 4.8 1001.51 -3 71 0 73.7782 233.296
15.0417 2 4.4 1001.58 -3 73 0 52.4567 239.15
15.0625 2 4 1001.64 -3 75 0 31.1352 245.003
15.0833 2 3.75 1001.73 -3.2 72.5 0 18.1647 228.652
15.1042 2 3.5 1001.82 -3.4 70 0 5.19417 212.301
15.125 2 3.55 1001.94 -3.45 69.5 0 2.63075 214.594
15.1458 2 3.6 1002.06 -3.5 69 0 0.0673333 216.888
15.1667 2 3.75 1002.23 -3.4 69 0 0.0336667 216.948
15.1875 2 3.9 1002.4 -3.3 69 0 0 217.007
15.2083 2 4.25 1002.62 -3.25 68.5 0 0 218.043
15.2292 2 4.6 1002.84 -3.2 68 0 0 219.078
15.25 2 4.85 1003.05 -3 67.5 0 0 228.357
15.2708 2 5.1 1003.25 -2.8 67 0 0 237.636
15.2917 2 5.25 1003.41 -2.85 68 0 0 227.819
15.3125 2 5.4 1003.57 -2.9 69 0 0 218.001
15.3333 2 5.5 1003.76 -2.9 67.5 0 0 214.84
15.3542 2 5.6 1003.94 -2.9 66 0 0 211.679
15.375 2 5.95 1004.17 -2.7 65 0 0 225.561
15.3958 2 6.3 1004.39 -2.5 64 0 0 239.442
15.4167 2 6.4 1004.63 -2.45 63.5 0 0 237.241
15.4375 2 6.5 1004.86 -2.4 63 0 0 235.04
15.4583 2 6.85 1005.09 -2.3 64 0 0 244.828
15.4792 2 7.2 1005.33 -2.2 65 0 0 254.617
15.5 2 7.3 1005.49 -2.3 65.5 0 0 245.54
15.5208 2 7.4 1005.66 -2.4 66 0 0 236.462
15.5417 2 7.5 1005.89 -2.4 66 0 0 230.324
15.5625 2 7.6 1006.12 -2.4 66 0 0 224.187
15.5833 2 7.8 1006.41 -2.35 66 0 0 230.817
15.6042 2 8 1006.7 -2.3 66 0 0 237.447
15.625 2 7.75 1006.87 -2.25 66 0 0 237.38
15.6458 2 7.5 1007.04 -2.2 66 0 0 237.314
15.6667 2 7.85 1007.29 -2.2 68.5 0 0 240.464
15.6875 2 8.2 1007.53 -2.2 71 0 0 243.613
15.7083 2 8.85 1007.81 -2.2 74.5 0 0.752835 253.527
15.7292 2 9.5 1008.08 -2.2 78 0 1.50567 263.441
15.75 2 9.55 1008.28 -2.05 75.5 0 6.20643 266.457
15.7708 2 9.6 1008.48 -1.9 73 0 10.9072 269.473
15.7917 2 10.5 1008.7 -1.9 72 0 18.0667 273.085
15.8125 2 11.4 1008.93 -1.9 71 0 25.2262 276.696
15.8333 2 11.15 1009.23 -2 70 0 44.8935 258.858
15.8542 2 10.9 1009.53 -2.1 69 0 64.5608 241.02
15.875 2 10.3 1009.8 -2.15 69.5 0 68.0695 241.499
15.8958 2 9.7 1010.07 -2.2 70 0 71.5782 241.978
15.9167 2 9.9 1010.26 -2 71.5 0 75.5809 259.85
15.9375 2 10.1 1010.45 -1.8 73 0 79.5835 277.723
15.9583 2 10.25 1010.6 -1.8 73.5 0 64.7916 281.37
15.9792 2 10.4 1010.76 -1.8 74 0 49.9997 285.016
16 2 10.25 1010.87 -1.75 75.5 0 40.396 285.398
16.0208 2 10.1 1010.98 -1.7 77 0 30.7922 285.781
16.0417 2 9.85 1011.15 -1.85 79 1.77485e-006 24.5765 280.331
16.0625 2 9.6 1011.32 -2 81 3.54969e-006 18.3607 274.88
16.0833 2 9.75 1011.52 -1.85 78 1.77485e-006 11.085 272.346
16.1042 2 9.9 1011.72 -1.7 75 0 3.80933 269.812
16.125 2 9.6 1011.88 -1.75 80 1.86249e-006 1.858 274.189
16.1458 2 9.3 1012.03 -1.8 85 3.72497e-006 -0.0933333 278.565
16.1667 2 9.35 1012.16 -1.7 86.5 3.79071e-006 -0.0466666 284.266
16.1875 2 9.4 1012.28 -1.6 88 3.85644e-006 0 289.968
16.2083 2 9.35 1012.45 -1.6 85 3.72497e-006 0 286.957
16.2292 2 9.3 1012.62 -1.6 82 3.5935e-006 0 283.947
16.25 2 10.2 1012.89 -1.65 82 3.5935e-006 0 280.553
16.2708 2 11.1 1013.16 -1.7 82 3.5935e-006 0 277.159
16.2917 2 10.65 1013.34 -1.75 79.5 1.79675e-006 0 267.879
16.3125 2 10.2 1013.52 -1.8 77 0 0 258.599
16.3333 2 10 1013.59 -1.7 79 1.77485e-006 0 267.45
16.3542 2 9.8 1013.66 -1.6 81 3.54969e-006 0 276.301
16.375 2 10.3 1013.74 -1.65 82.5 3.61543e-006 0 283.7
16.3958 2 10.8 1013.83 -1.7 84 3.68117e-006 0 291.099
16.4167 2 11.4 1013.96 -1.75 85.5 3.7469e-006 0 291.92
16.4375 2 12 1014.1 -1.8 87 3.81264e-006 0 292.741
16.4583 2 12.2 1014.3 -1.9 87 3.81264e-006 0 292.87
16.4792 2 12.4 1014.5 -2 87 3.81264e-006 0 292.999
16.5 2 12.55 1014.59 -2.05 88 3.85646e-006 0 293.808
16.5208 2 12.7 1014.69 -2.1 89 3.90028e-006 0 294.617
16.5417 2 12.8 1014.72 -2.05 90 3.9441e-006 0 296.055
16.5625 2 12.9 1014.76 -2 91 3.98792e-006 0 297.493
16.5833 2 13.05 1014.73 -1.85 91 3.98792e-006 0 297.956
16.6042 2 13.2 1014.71 -1.7 91 3.98792e-006 0 298.418
16.625 2 13.3 1014.78 -1.65 91.5 4.00983e-006 0 299.539
16.6458 2 13.4 1014.85 -1.6 92 4.03175e-006 0 300.661
16.6667 2 13.4 1015.01 -1.6 93.5 4.09749e-006 0 301.479
16.6875 2 13.4 1015.17 -1.6 95 4.16322e-006 0 302.297
16.7083 2 13.4 1015.31 -1.5 95 4.16322e-006 0.39525 302.029
16.7292 2 13.4 1015.45 -1.4 95 4.16322e-006 0.7905 301.761
16.75 2 13.1 1015.65 -1.2 94.5 4.14131e-006 4.90516 301.803
16.7708 2 12.8 1015.84 -1 94 4.11939e-006 9.01983 301.846
16.7917 2 12.85 1016.03 -0.95 94 4.11939e-006 19.5902 303.031
16.8125 2 12.9 1016.21 -0.9 94 4.11939e-006 30.1605 304.217
16.8333 2 13.2 1016.34 -0.9 94 4.11939e-006 37.5154 304.286
16.8542 2 13.5 1016.46 -0.9 94 4.11939e-006 44.8702 304.356
16.875 2 13.35 1016.59 -0.85 94 4.11939e-006 49.7483 304.57
16.8958 2 13.2 1016.73 -0.8 94 4.11939e-006 54.6263 304.784
16.9167 2 12.9 1016.96 -0.65 94 4.11939e-006 55.6077 305.786
16.9375 2 12.6 1017.19 -0.5 94 4.11939e-006 56.589 306.788
16.9583 2 11.95 1017.42 -0.45 95 4.16321e-006 49.413 308.436
16.9792 2 11.3 1017.66 -0.4 96 4.20703e-006 42.237 310.084
17 2 10.9 1017.87 -0.3 96 4.20703e-006 34.1026 310.001
17.0208 2 10.5 1018.08 -0.2 96 4.20703e-006 25.9682 309.918
17.0417 2 10.3 1018.26 -0.15 95 4.16321e-006 20.3752 307.732
17.0625 2 10.1 1018.43 -0.1 94 4.11939e-006 14.7822 305.545
17.0833 2 10.05 1018.65 -0.1 94 4.11939e-006 8.67385 302.498
17.1042 2 10 1018.86 -0.1 94 4.11939e-006 2.5655 299.451
17.125 2 9.2 1019.14 -0.2 95 4.16321e-006 1.28317 304.466
17.1458 2 8.4 1019.42 -0.3 96 4.20703e-006 0.000833333 309.48
17.1667 2 7.15 1019.65 -0.35 92.5 4.05365e-006 0.000416667 305.107
17.1875 2 5.9 1019.87 -0.4 89 3.90028e-006 0 300.734
17.2083 2 6.05 1020.14 -0.4 83 1.95014e-006 0 292.348
17.2292 2 6.2 1020.4 -0.4 77 0 0 283.962
17.25 2 6.35 1020.61 -0.4 76 0 0 287.685
17.2708 2 6.5 1020.82 -0.4 75 0 0 291.409
17.2917 2 6.8 1021.01 -0.4 74.5 0 0 284.544
17.3125 2 7.1 1021.19 -0.4 74 0 0 277.678
17.3333 2 7.25 1021.36 -0.55 74.5 0 0 268.77
17.3542 2 7.4 1021.53 -0.7 75 0 0 259.862
17.375 2 7.3 1021.72 -0.85 74.5 0 0 254.889
17.3958 2 7.2 1021.9 -1 74 0 0 249.917
17.4167 2 7.2 1022.11 -1.1 72.5 0 0 244.298
17.4375 2 7.2 1022.32 -1.2 71 0 0 238.678
17.4583 2 7.25 1022.49 -1.25 72.5 0 0 237.587
17.4792 2 7.3 1022.66 -1.3 74 0 0 236.496
17.5 2 7.1 1022.84 -1.45 74 0 0 232.599
17.5208 2 6.9 1023.02 -1.6 74 0 0 228.701
17.5417 2 6.85 1023.18 -1.65 74.5 0 0 228.488
17.5625 2 6.8 1023.33 -1.7 75 0 0 228.275
17.5833 2 6.6 1023.45 -1.7 75.5 0 0 229.832
17.6042 2 6.4 1023.57 -1.7 76 0 0 231.389
17.625 2 6.15 1023.78 -1.65 76 0 0 242.704
17.6458 2 5.9 1023.98 -1.6 76 0 0 254.019
17.6667 2 5.8 1024.04 -1.55 76 0 0 252.663
17.6875 2 5.7 1024.1 -1.5 76 0 0 251.307
17.7083 2 5.7 1024.15 -1.45 76 0 0.48425 259.281
17.7292 2 5.7 1024.2 -1.4 76 0 0.9685 267.256
17.75 2 5.8 1024.31 -1.25 74.5 0 4.69283 278.679
17.7708 2 5.9 1024.43 -1.1 73 0 8.41717 290.102
17.7917 2 5.8 1024.63 -1.1 73.5 0 19.4494 289.789
17.8125 2 5.7 1024.82 -1.1 74 0 30.4817 289.477
17.8333 2 5.75 1024.93 -1.35 74.5 0 46.533 268.125
17.8542 2 5.8 1025.04 -1.6 75 0 62.5842 246.773
17.875 2 5.8 1025.14 -1.7 73.5 0 78.0358 238.352
17.8958 2 5.8 1025.23 -1.8 72 0 93.4873 229.931
17.9167 2 5.4 1025.34 -1.9 72 0 106.412 228.417
17.9375 2 5 1025.46 -2 72 0 119.337 226.902
17.9583 2 4.85 1025.52 -1.95 71.5 0 101.813 241.04
17.9792 2 4.7 1025.59 -1.9 71 0 84.2898 255.178
18 2 4.55 1025.61 -1.8 70.5 0 74.1207 261.503
18.0208 2 4.4 1025.63 -1.7 70 0 63.9515 267.827
18.0417 2 4.25 1025.69 -1.75 71 0 39.7654 271.533
18.0625 2 4.1 1025.74 -1.8 72 0 15.5792 275.238
18.0833 2 3.85 1025.69 -1.9 72.5 0 8.95301 275.698
18.1042 2 3.6 1025.63 -2 73 0 2.32683 276.158
18.125 2 3.75 1025.55 -1.95 72.5 0 1.16341 280.88
18.1458 2 3.9 1025.48 -1.9 72 0 0 285.603
18.1667 2 3.3 1025.46 -2 72 0 0 283.215
18.1875 2 2.7 1025.44 -2.1 72 0 0 280.827
18.2083 2 2.9 1025.44 -2.1 74 0 0 279.754
18.2292 2 3.1 1025.44 -2.1 76 0 0 278.681
18.25 2 3.25 1025.49 -2.3 75 0 0 271.165
18.2708 2 3.4 1025.54 -2.5 74 0 0 263.649
18.2917 2 2.8 1025.55 -2.4 75 0 0 263.752
18.3125 2 2.2 1025.55 -2.3 76 0 0 263.855
18.3333 2 2.3 1025.52 -2.4 77 0 0 244.432
18.3542 2 2.4 1025.49 -2.5 78 0 0 225.009
18.375 2 2.25 1025.47 -2.4 76.5 0 0 228.695
18.3958 2 2.1 1025.46 -2.3 75 0 0 232.381
18.4167 2 1.7 1025.43 -3 77 0 0 255.4
18.4375 2 1.3 1025.39 -3.7 79 0 0 278.418
18.4583 2 1.15 1025.41 -3.85 80.5 1.79675e-006 0 280.646
18.4792 2 1 1025.43 -4 82 3.5935e-006 0 282.875
18.5 2 0.9 1025.41 -3.45 84 3.68115e-006 0 284.493
18.5208 2 0.8 1025.39 -2.9 86 3.76881e-006 0 286.112
18.5417 2 1.35 1025.4 -2.8 84.5 3.70307e-006 0 286.452
18.5625 2 1.9 1025.4 -2.7 83 3.63733e-006 0 286.792
18.5833 2 1.25 1025.41 -3.05 85 3.72499e-006 0 282.33
18.6042 2 0.6 1025.42 -3.4 87 3.81264e-006 0 277.868
18.625 2 1.2 1025.39 -3.75 90 3.9441e-006 0 280.172
18.6458 2 1.8 1025.35 -4.1 93 4.07556e-006 0 282.475
18.6667 2 1.9 1025.42 -4 92 4.03174e-006 0 276.264
18.6875 2 2 1025.49 -3.9 91 3.98792e-006 0 270.054
18.7083 2 2 1025.54 -4 90 3.9441e-006 0.577 270.35
18.7292 2 2 1025.59 -4.1 89 3.90028e-006 1.154 270.647
18.75 2 1.9 1025.65 -4 89 3.90028e-006 12.4754 268.387
18.7708 2 1.8 1025.7 -3.9 89 3.90028e-006 23.7968 266.127
18.7917 2 1.25 1025.74 -3.7 88 3.85646e-006 39.1775 253.371
18.8125 2 0.7 1025.79 -3.5 87 3.81264e-006 54.5582 240.614
18.8333 2 1 1025.79 -3.9 87.5 3.83454e-006 72.6733 230.227
18.8542 2 1.3 1025.79 -4.3 88 3.85644e-006 90.7884 219.84
18.875 2 1.4 1025.82 -4.5 90.5 3.966e-006 91.4107 218.88
18.8958 2 1.5 1025.85 -4.7 93 4.07556e-006 92.033 217.921
18.9167 2 1 1025.91 -4.15 92 4.03174e-006 85.9437 218.087
18.9375 2 0.5 1025.96 -3.6 91 3.98792e-006 79.8545 218.253
18.9583 2 0.35 1025.97 -3.55 89 3.90028e-006 81.2536 216.497
18.9792 2 0.2 1025.98 -3.5 87 3.81264e-006 82.6526 214.742
19 2 0.7 1025.97 -5.35 92.5 4.05367e-006 77.7883 218.452
19.0208 2 1.2 1025.97 -7.2 98 4.29469e-006 72.9239 222.161
19.0417 2 1.25 1026.09 -6.4 98 4.29469e-006 47.0756 219.258
19.0625 2 1.3 1026.22 -5.6 98 4.29469e-006 21.2273 216.356
19.0833 2 2.4 1026.27 -7.6 98 4.29469e-006 10.9992 208.628
19.1042 2 3.5 1026.32 -9.6 98 4.29469e-006 0.771167 200.9
19.125 2 4.25 1026.42 -10.6 97.5 4.27278e-006 0.385583 201.887
19.1458 2 5 1026.52 -11.6 97 4.25086e-006 0 202.873
19.1667 2 4.75 1026.54 -11.95 96.5 4.22894e-006 0 210.824
19.1875 2 4.5 1026.57 -12.3 96 4.20703e-006 0 218.776
19.2083 2 4.35 1026.68 -12.2 96.5 4.22894e-006 0 219.88
19.2292 2 4.2 1026.78 -12.1 97 4.25086e-006 0 220.985
19.25 2 4.1 1026.74 -12.05 96 4.20704e-006 0 217.492
19.2708 2 4 1026.7 -12 95 4.16322e-006 0 213.998
19.2917 2 4 1026.76 -12.1 95 4.16322e-006 0 218.17
19.3125 2 4 1026.83 -12.2 95 4.16322e-006 0 222.342
19.3333 2 3.85 1026.97 -11.85 95 4.16322e-006 0 235.645
19.3542 2 3.7 1027.11 -11.5 95 4.16322e-006 0 248.947
19.375 2 3.65 1027.2 -9.9 94.5 4.14131e-006 0 260.869
19.3958 2 3.6 1027.28 -8.3 94 4.11939e-006 0 272.791
19.4167 2 3.75 1027.3 -8.2 93.5 4.09747e-006 0 263.432
19.4375 2 3.9 1027.31 -8.1 93 4.07556e-006 0 254.073
19.4583 2 3.65 1027.3 -10.4 95 4.16321e-006 0 224.841
19.4792 2 3.4 1027.28 -12.7 97 4.25086e-006 0 195.61
19.5 2 3.1 1027.3 -14.2 97 4.25086e-006 0 193.566
19.5208 2 2.8 1027.33 -15.7 97 4.25086e-006 0 191.522
19.5417 2 2.7 1027.32 -16 97 4.25086e-006 0 191.229
19.5625 2 2.6 1027.31 -16.3 97 4.25086e-006 0 190.936
19.5833 2 3.15 1027.32 -16.95 97 4.25086e-006 0 189.263
19.6042 2 3.7 1027.34 -17.6 97 4.25086e-006 0 187.59
19.625 2 3.45 1027.34 -17.9 97 4.25086e-006 0 187.986
19.6458 2 3.2 1027.35 -18.2 97 4.25086e-006 0 188.381
19.6667 2 3.2 1027.14 -17.5 96.5 4.22894e-006 0 213.088
19.6875 2 3.2 1026.93 -16.8 96 4.20703e-006 0 237.795
19.7083 2 3.4 1026.82 -14.25 95.5 4.18512e-006 0.184833 255.513
19.7292 2 3.6 1026.72 -11.7 95 4.16322e-006 0.369667 273.232
19.75 2 4 1026.68 -10.45 95 4.16322e-006 3.87667 273.5
19.7708 2 4.4 1026.63 -9.2 95 4.16322e-006 7.38367 273.767
19.7917 2 4.55 1026.66 -8.2 95.5 4.18512e-006 15.6592 276.677
19.8125 2 4.7 1026.69 -7.2 96 4.20703e-006 23.9348 279.587
19.8333 2 4.65 1026.77 -6.6 95.5 4.18512e-006 29.2025 280.839
19.8542 2 4.6 1026.86 -6 95 4.16322e-006 34.4703 282.091
19.875 2 5.1 1026.77 -5.6 94.5 4.14131e-006 44.2995 281.434
19.8958 2 5.6 1026.67 -5.2 94 4.11939e-006 54.1288 280.777
19.9167 2 5.35 1026.58 -5 92.5 4.05365e-006 56.1555 278.851
19.9375 2 5.1 1026.5 -4.8 91 3.98792e-006 58.1823 276.924
19.9583 2 5.3 1026.33 -4.75 90 3.9441e-006 53.8998 280.645
19.9792 2 5.5 1026.16 -4.7 89 3.90028e-006 49.6173 284.365
20 2 5.7 1026.04 -4.55 89.5 3.92219e-006 39.5812 286.258
20.0208 2 5.9 1025.92 -4.4 90 3.94411e-006 29.5452 288.15
20.0417 2 6.2 1025.84 -4.2 91.5 4.00983e-006 20.6465 285.625
20.0625 2 6.5 1025.77 -4 93 4.07556e-006 11.7478 283.101
20.0833 2 6.35 1025.7 -3.65 94 4.11939e-006 6.32457 286.592
20.1042 2 6.2 1025.63 -3.3 95 4.16322e-006 0.901333 290.083
20.125 2 6 1025.57 -3 94 4.11939e-006 0.450666 292.347
20.1458 2 5.8 1025.51 -2.7 93 4.07556e-006 0 294.611
20.1667 2 5.8 1025.49 -2.35 93 4.07556e-006 0 295.296
20.1875 2 5.8 1025.47 -2 93 4.07556e-006 0 295.98
20.2083 2 6.2 1025.46 -1.8 92.5 4.05365e-006 0 294.21
20.2292 2 6.6 1025.46 -1.6 92 4.03175e-006 0 292.44
20.25 2 6.7 1025.46 -1.5 90.5 3.96601e-006 0 291.51
20.2708 2 6.8 1025.46 -1.4 89 3.90028e-006 0 290.579
20.2917 2 6.85 1025.51 -1.3 90 3.9441e-006 0 292.862
20.3125 2 6.9 1025.55 -1.2 91 3.98792e-006 0 295.145
20.3333 2 6.8 1025.57 -1.25 91 3.98792e-006 0 293.612
20.3542 2 6.7 1025.6 -1.3 91 3.98792e-006 0 292.078
20.375 2 6.65 1025.58 -1.4 91 3.98792e-006 0 292.025
20.3958 2 6.6 1025.57 -1.5 91 3.98792e-006 0 291.972
20.4167 2 6.55 1025.51 -1.65 91 3.98792e-006 0 285.914
20.4375 2 6.5 1025.46 -1.8 91 3.98792e-006 0 279.856
20.4583 2 6.2 1025.42 -2.3 91 3.98792e-006 0 267.063
20.4792 2 5.9 1025.38 -2.8 91 3.98792e-006 0 254.269
20.5 2 6.45 1025.36 -2.5 90 3.9441e-006 0 273.151
20.5208 2 7 1025.34 -2.2 89 3.90028e-006 0 292.033
20.5417 2 6.65 1025.37 -2 90 3.9441e-006 0 293.045
20.5625 2 6.3 1025.4 -1.8 91 3.98792e-006 0 294.057
20.5833 2 5.85 1025.38 -1.75 90 3.9441e-006 0 296.545
20.6042 2 5.4 1025.35 -1.7 89 3.90028e-006 0 299.033
20.625 2 5.55 1025.27 -1.65 89 3.90028e-006 0 299.755
20.6458 2 5.7 1025.19 -1.6 89 3.90028e-006 0 300.476
20.6667 2 5.8 1025.2 -1.65 89 3.90028e-006 0 299.958
20.6875 2 5.9 1025.21 -1.7 89 3.90028e-006 0 299.439
20.7083 2 6.6 1025.1 -1.85 89 3.90028e-006 0.125334 296.423
20.7292 2 7.3 1024.99 -2 89 3.90028e-006 0.250667 293.408
20.75 2 6.9 1025.05 -1.95 89.5 3.92219e-006 1.98417 295.755
20.7708 2 6.5 1025.11 -1.9 90 3.94411e-006 3.71767 298.101
20.7917 2 6.05 1025.06 -2.05 91 3.98793e-006 9.56719 296.802
20.8125 2 5.6 1025.01 -2.2 92 4.03175e-006 15.4167 295.504
20.8333 2 5.35 1024.98 -2.35 92.5 4.05365e-006 17.5856 297.242
20.8542 2 5.1 1024.95 -2.5 93 4.07556e-006 19.7545 298.979
20.875 2 4.6 1024.92 -2.65 93.5 4.09747e-006 25.9921 298.415
20.8958 2 4.1 1024.88 -2.8 94 4.11939e-006 32.2297 297.851
20.9167 2 4.2 1024.72 -3.2 93.5 4.09747e-006 31.8448 296.332
20.9375 2 4.3 1024.56 -3.6 93 4.07556e-006 31.46 294.812
20.9583 2 4.15 1024.47 -3.85 92.5 4.05365e-006 31.0602 293.504
20.9792 2 4 1024.37 -4.1 92 4.03175e-006 30.6603 292.195
21 2 4.2 1024.22 -4.6 92 4.03175e-006 25.6702 281.81
21.0208 2 4.4 1024.07 -5.1 92 4.03175e-006 20.6802 271.424
21.0417 2 4.35 1023.97 -5.55 92.5 4.05365e-006 13.888 267.234
21.0625 2 4.3 1023.87 -6 93 4.07556e-006 7.09583 263.044
21.0833 2 3.85 1023.79 -6.25 93 4.07556e-006 4.00983 260.516
21.1042 2 3.4 1023.72 -6.5 93 4.07556e-006 0.923833 257.988
21.125 2 3.7 1023.63 -6.7 93 4.07556e-006 0.461917 252.396
21.1458 2 4 1023.54 -6.9 93 4.07556e-006 0 246.803
21.1667 2 4.15 1023.4 -7.05 93 4.07556e-006 0 244.132
21.1875 2 4.3 1023.26 -7.2 93 4.07556e-006 0 241.461
21.2083 2 4.5 1023.01 -7.45 92.5 4.05365e-006 0 234.761
21.2292 2 4.7 1022.76 -7.7 92 4.03175e-006 0 228.061
21.25 2 5 1022.63 -7.65 90.5 3.96601e-006 0 225.698
21.2708 2 5.3 1022.49 -7.6 89 3.90028e-006 0 223.335
21.2917 2 5.4 1022.42 -7.55 89 3.90028e-006 0 225.626
21.3125 2 5.5 1022.35 -7.5 89 3.90028e-006 0 227.917
21.3333 2 5.5 1022.36 -7.5 89.5 3.92219e-006 0 223.704
21.3542 2 5.5 1022.38 -7.5 90 3.94411e-006 0 219.492
21.375 2 5.75 1022.45 -7.65 90 3.94411e-006 0 220.006
21.3958 2 6 1022.51 -7.8 90 3.94411e-006 0 220.52
21.4167 2 5.75 1022.49 -8.1 90 3.94411e-006 0 217.019
21.4375 2 5.5 1022.48 -8.4 90 3.94411e-006 0 213.518
21.4583 2 5.45 1022.42 -8.8 90 3.94411e-006 0 212.613
21.4792 2 5.4 1022.37 -9.2 90 3.94411e-006 0 211.709
21.5 2 5.95 1022.35 -9.1 88.5 3.87838e-006 0 212.635
21.5208 2 6.5 1022.34 -9 87 3.81264e-006 0 213.561
21.5417 2 6.15 1022.36 -9.5 88 3.85646e-006 0 211.486
21.5625 2 5.8 1022.38 -10 89 3.90028e-006 0 209.41
21.5833 2 5.75 1022.46 -10.15 89 3.90028e-006 0 209.521
21.6042 2 5.7 1022.54 -10.3 89 3.90028e-006 0 209.631
21.625 2 5.6 1022.66 -10.65 89.5 3.92219e-006 0 209.702
21.6458 2 5.5 1022.79 -11 90 3.94411e-006 0 209.774
21.6667 2 5.6 1022.83 -11.25 90 3.94411e-006 0 210.245
21.6875 2 5.7 1022.87 -11.5 90 3.94411e-006 0 210.717
21.7083 2 5.25 1023.05 -11.45 90 3.94411e-006 0.131416 210.333
21.7292 2 4.8 1023.23 -11.4 90 3.94411e-006 0.262833 209.95
21.75 2 4.15 1023.46 -11.75 90.5 3.96601e-006 4.19633 209.82
21.7708 2 3.5 1023.7 -12.1 91 3.98792e-006 8.12983 209.691
21.7917 2 3.85 1023.89 -11.75 91 3.98792e-006 22.8313 211.066
21.8125 2 4.2 1024.08 -11.4 91 3.98792e-006 37.5328 212.441
21.8333 2 4.4 1024.23 -11.5 91 3.98792e-006 51.3749 213.436
21.8542 2 4.6 1024.38 -11.6 91 3.98792e-006 65.217 214.432
21.875 2 4.45 1024.54 -11.1 91 3.98792e-006 69.751 224.156
21.8958 2 4.3 1024.71 -10.6 91 3.98792e-006 74.285 233.88
21.9167 2 4.45 1024.81 -9.05 90.5 3.96601e-006 61.1276 262.008
21.9375 2 4.6 1024.92 -7.5 90 3.94411e-006 47.9702 290.135
21.9583 2 4.8 1025.14 -6.25 89.5 3.92219e-006 42.0033 294.619
21.9792 2 5 1025.36 -5 89 3.90028e-006 36.0363 299.103
22 2 4.75 1025.54 -4.3 89 3.90028e-006 30.0574 296.833
22.0208 2 4.5 1025.73 -3.6 89 3.90028e-006 24.0785 294.564
22.0417 2 4.25 1025.95 -3.3 89.5 3.92219e-006 15.7082 295.847
22.0625 2 4 1026.16 -3 90 3.94411e-006 7.33783 297.13
22.0833 2 4.25 1026.43 -2.65 90 3.94411e-006 4.39575 295.268
22.1042 2 4.5 1026.69 -2.3 90 3.94411e-006 1.45367 293.406
22.125 2 4.9 1026.9 -1.85 90.5 3.96601e-006 0.726835 296.776
22.1458 2 5.3 1027.1 -1.4 91 3.98792e-006 0 300.147
22.1667 2 6 1027.23 -0.75 91 3.98792e-006 0 301.53
22.1875 2 6.7 1027.37 -0.1 91 3.98792e-006 0 302.913
22.2083 2 6.9 1027.48 -0.05 91 3.98792e-006 0 303.022
22.2292 2 7.1 1027.6 0 91 3.98792e-006 0 303.131
22.25 2 6.95 1027.83 0 91 3.98792e-006 0 302.906
22.2708 2 6.8 1028.07 0 91 3.98792e-006 0 302.68
22.2917 2 7.4 1028.33 0.1 90.5 3.96601e-006 0 302.568
22.3125 2 8 1028.59 0.2 90 3.94411e-006 0 302.456
22.3333 2 8 1028.74 0.15 90.5 3.96601e-006 0 302.462
22.3542 2 8 1028.9 0.1 91 3.98792e-006 0 302.469
22.375 2 8.1 1020.73 0.1 90.5 3.96601e-006 0 301.895
22.3958 2 8.2 1012.56 0.1 90 3.94411e-006 0 301.321
22.4167 2 8.3 1012.37 0.1 91 3.98793e-006 0 303.609
22.4375 2 8.4 1012.18 0.1 92 4.03175e-006 0 305.896
22.4583 2 8.3 1011.96 0.15 92.5 4.05365e-006 0 304.263
22.4792 2 8.2 1011.74 0.2 93 4.07556e-006 0 302.629
22.5 2 8.1 1011.57 0.15 93 4.07556e-006 0 303.435
22.5208 2 8 1011.39 0.1 93 4.07556e-006 0 304.24
22.5417 2 7.25 1011.23 0.05 94 4.11939e-006 0 301.99
22.5625 2 6.5 1011.08 0 95 4.16322e-006 0 299.739
22.5833 2 6.75 1010.97 -0.05 89 3.90028e-006 0 298.927
22.6042 2 7 1010.87 -0.1 83 3.63733e-006 0 298.114
22.625 2 6.7 1010.77 -0.2 83 3.63733e-006 0 298.338
22.6458 2 6.4 1010.66 -0.3 83 3.63733e-006 0 298.562
22.6667 2 6.75 1010.58 -0.45 83.5 3.65925e-006 0 298.997
22.6875 2 7.1 1010.51 -0.6 84 3.68117e-006 0 299.432
22.7083 2 7.15 1010.42 -0.75 85.5 3.7469e-006 0.0485834 299.115
22.7292 2 7.2 1010.33 -0.9 87 3.81264e-006 0.0971667 298.798
22.75 2 7.05 1010.28 -0.85 85 3.72499e-006 1.8535 298.859
22.7708 2 6.9 1010.23 -0.8 83 3.63733e-006 3.60983 298.921
22.7917 2 6.45 1010.14 -0.85 84 3.68115e-006 9.16541 299.128
22.8125 2 6 1010.04 -0.9 85 3.72497e-006 14.721 299.335
22.8333 2 5.7 1009.99 -0.9 85.5 3.74689e-006 19.1821 299.158
22.8542 2 5.4 1009.95 -0.9 86 3.76881e-006 23.6432 298.981
22.875 2 5.2 1009.85 -0.9 88 3.85646e-006 26.8671 298.725
22.8958 2 5 1009.75 -0.9 90 3.94411e-006 30.091 298.469
22.9167 2 5.15 1009.7 -0.85 89.5 3.92219e-006 27.7492 299.733
22.9375 2 5.3 1009.65 -0.8 89 3.90028e-006 25.4075 300.997
22.9583 2 5.4 1009.49 -0.8 88.5 3.87836e-006 25.7239 300.603
22.9792 2 5.5 1009.33 -0.8 88 3.85644e-006 26.0403 300.209
23 2 5.7 1009.21 -0.8 86 3.76881e-006 18.6075 300.255
23.0208 2 5.9 1009.09 -0.8 84 3.68117e-006 11.1748 300.3
23.0417 2 5.7 1009.02 -0.85 85 3.72499e-006 7.17248 300.401
23.0625 2 5.5 1008.94 -0.9 86 3.76881e-006 3.17017 300.503
23.0833 2 5.05 1008.88 -1 87.5 3.83454e-006 1.53867 300.404
23.1042 2 4.6 1008.81 -1.1 89 3.90028e-006 -0.0928333 300.305
23.125 2 4.4 1008.73 -1.15 88 3.85646e-006 -0.0464167 300.459
23.1458 2 4.2 1008.66 -1.2 87 3.81264e-006 0 300.613
23.1667 2 4.35 1008.67 -1.25 86.5 3.79072e-006 0 300.155
23.1875 2 4.5 1008.68 -1.3 86 3.76881e-006 0 299.697
23.2083 2 4 1008.73 -1.35 86 3.76881e-006 0 299.553
23.2292 2 3.5 1008.78 -1.4 86 3.76881e-006 0 299.409
23.25 2 3.5 1008.79 -1.5 85 3.72499e-006 0 299.075
23.2708 2 3.5 1008.8 -1.6 84 3.68117e-006 0 298.741
23.2917 2 3.15 1008.78 -1.65 83.5 3.65925e-006 0 298.386
23.3125 2 2.8 1008.75 -1.7 83 3.63733e-006 0 298.031
23.3333 2 2.4 1008.8 -1.75 84 3.68115e-006 0 298.283
23.3542 2 2 1008.85 -1.8 85 3.72497e-006 0 298.535
23.375 2 2.2 1008.9 -1.85 85 3.72497e-006 0 298.385
23.3958 2 2.4 1008.94 -1.9 85 3.72497e-006 0 298.234
23.4167 2 1.6 1008.88 -1.9 84.5 3.70307e-006 0 298.018
23.4375 2 0.8 1008.82 -1.9 84 3.68117e-006 0 297.803
23.4583 2 0.6 1008.72 -2 86 3.76881e-006 0 298.236
23.4792 2 0.4 1008.62 -2.1 88 3.85644e-006 0 298.668
23.5 2 0.4 1008.55 -2 87 3.81262e-006 0 298.624
23.5208 2 0.4 1008.48 -1.9 86 3.76881e-006 0 298.579
23.5417 2 0.45 1008.36 -2 87.5 3.83454e-006 0 298.629
23.5625 2 0.5 1008.25 -2.1 89 3.90028e-006 0 298.679
23.5833 2 0.7 1008.2 -2.05 88 3.85646e-006 0 298.854
23.6042 2 0.9 1008.15 -2 87 3.81264e-006 0 299.028
23.625 2 1.3 1008.09 -2.05 87.5 3.83454e-006 0 298.708
23.6458 2 1.7 1008.03 -2.1 88 3.85644e-006 0 298.389
23.6667 2 1.95 1007.98 -2.15 87.5 3.83454e-006 0 297.8
23.6875 2 2.2 1007.94 -2.2 87 3.81264e-006 0 297.211
23.7083 2 2.65 1007.9 -2.3 87 3.81264e-006 0.10825 296.596
23.7292 2 3.1 1007.86 -2.4 87 3.81264e-006 0.2165 295.982
23.75 2 3.55 1007.89 -2.4 87 3.81264e-006 2.67658 295.728
23.7708 2 4 1007.91 -2.4 87 3.81264e-006 5.13667 295.474
23.7917 2 3.65 1007.93 -2.4 87 3.81264e-006 10.2934 295.169
23.8125 2 3.3 1007.95 -2.4 87 3.81264e-006 15.4502 294.863
23.8333 2 3.1 1007.95 -2.45 87.5 3.83454e-006 20.1022 295.629
23.8542 2 2.9 1007.95 -2.5 88 3.85644e-006 24.7543 296.394
23.875 2 3.3 1008.02 -2.45 90 3.9441e-006 27.8235 295.02
23.8958 2 3.7 1008.09 -2.4 92 4.03175e-006 30.8928 293.645
23.9167 2 4.7 1008.07 -2.45 93.5 4.09749e-006 30.8592 287.554
23.9375 2 5.7 1008.04 -2.5 95 4.16322e-006 30.8257 281.463
23.9583 2 5.7 1007.99 -2.6 94.5 4.14131e-006 32.4852 277.919
23.9792 2 5.7 1007.95 -2.7 94 4.11939e-006 34.1447 274.375
24 2 5.75 1007.94 -2.75 93.5 2.05969e-006 27.6581 270.653
24.0208 2 5.8 1007.93 -2.8 93 0 21.1715 266.931
24.0417 2 7 1007.93 -2.8 93.5 0 12.7224 272.047
24.0625 2 8.2 1007.93 -2.8 94 0 4.27333 277.162
24.0833 2 7.85 1007.95 -2.7 95 0 2.38667 285.323
24.1042 2 7.5 1007.97 -2.6 96 0 0.5 293.484
24.125 2 7.25 1008.03 -2.6 97 0 0.25 293.116
24.1458 2 7 1008.09 -2.6 98 0 0 292.747
24.1667 2 6.5 1008.15 -2.85 98 0 0 286.319
24.1875 2 6 1008.2 -3.1 98 0 0 279.89
24.2083 2 5.65 1008.2 -3.25 97 0 0 277.186
24.2292 2 5.3 1008.19 -3.4 96 0 0 274.482
24.25 2 5.65 1008.21 -3.5 92 0 0 274.516
24.2708 2 6 1008.23 -3.6 88 0 0 274.551
24.2917 2 6.05 1008.26 -3.6 87 0 0 277.177
24.3125 2 6.1 1008.29 -3.6 86 0 0 279.804
24.3333 2 5.9 1008.33 -3.65 86 0 0 281.935
24.3542 2 5.7 1008.37 -3.7 86 0 0 284.066
24.375 2 5.4 1008.97 -3.6 86.5 0 0 286.758
24.3958 2 5.1 1009.57 -3.5 87 0 0 289.449
24.4167 2 5 1009.47 -3.35 87.5 0 0 290.749
24.4375 2 4.9 1009.37 -3.2 88 0 0 292.048
24.4583 2 4.85 1009.39 -2.65 86.5 0 0 297.509
24.4792 2 4.8 1009.41 -2.1 85 0 0 302.97
24.5 2 5.5 1009.39 -1.55 85.5 0 0 304.508
24.5208 2 6.2 1009.37 -1 86 0 0 306.045
24.5417 2 8.05 1009.41 -0.25 91 0 0 308.47
24.5625 2 9.9 1009.45 0.5 96 0 0 310.895
24.5833 2 10.25 1018.98 0.5 95 0 0 310.693
24.6042 2 10.6 1028.52 0.5 94 0 0 310.492
24.625 2 10.05 1028.6 0.5 92 0 0 308.195
24.6458 2 9.5 1028.68 0.5 90 0 0 305.899
24.6667 2 9.85 1028.38 0.5 87.5 0 0 304.252
24.6875 2 10.2 1028.07 0.5 85 0 0 302.605
24.7083 2 10.65 1027.78 0.3 87 0 0.04725 302.47
24.7292 2 11.1 1027.5 0.1 89 0 0.0945 302.335
24.75 2 10.55 1027.36 0.25 90 0 1.21192 304.286
24.7708 2 10 1027.23 0.4 91 0 2.32933 306.237
24.7917 2 9.55 1027.09 0.55 89.5 0 4.14633 306.962
24.8125 2 9.1 1026.96 0.7 88 0 5.96333 307.688
24.8333 2 8.8 1026.93 0.6 89 0 11.5482 308.428
24.8542 2 8.5 1026.89 0.5 90 0 17.133 309.168
24.875 2 8.6 1026.79 0.6 89.5 0 22.5431 310.115
24.8958 2 8.7 1026.68 0.7 89 0 27.9533 311.062
24.9167 2 8.45 1026.58 0.7 90.5 0 29.2849 311.66
24.9375 2 8.2 1026.49 0.7 92 0 30.6165 312.258
24.9583 2 8.1 1026.43 0.75 93.5 0 27.0728 311.17
24.9792 2 8 1026.36 0.8 95 0 23.5292 310.082
25 2 7.55 1026.2 0.7 95.5 0 18.5494 305.976
25.0208 2 7.1 1026.04 0.6 96 0 13.5695 301.87
25.0417 2 7.05 1025.98 0.55 96 0 8.56559 305.597
25.0625 2 7 1025.91 0.5 96 0 3.56167 309.324
25.0833 2 6.4 1025.88 0.45 96.5 0 1.94667 310.844
25.1042 2 5.8 1025.85 0.4 97 0 0.331667 312.363
25.125 2 5.45 1025.88 0.3 97.5 0 0.165834 312.719
25.1458 2 5.1 1025.91 0.2 98 0 0 313.074
25.1667 2 5.3 1025.85 0.25 98 0 0 313.013
25.1875 2 5.5 1025.79 0.3 98 0 0 312.953
25.2083 2 5.65 1025.78 0.2 97 0 0 312.385
25.2292 2 5.8 1025.77 0.1 96 0 0 311.817
25.25 2 6 1025.8 0 96.5 0 0 311.602
25.2708 2 6.2 1025.83 -0.1 97 0 0 311.387
25.2917 2 5.65 1025.93 -0.15 97.5 0 0 311.563
25.3125 2 5.1 1026.03 -0.2 98 0 0 311.74
25.3333 2 4.9 1026.08 -0.35 98 0 0 311.034
25.3542 2 4.7 1026.14 -0.5 98 0 0 310.327
25.375 2 4.3 1026.28 -0.7 98 0 0 309.229
25.3958 2 3.9 1026.42 -0.9 98 0 0 308.13
25.4167 2 4.15 1026.49 -1 96.5 0 0 306.521
25.4375 2 4.4 1026.56 -1.1 95 0 0 304.913
25.4583 2 4.4 1026.64 -1.25 95 0 0 292.818
25.4792 2 4.4 1026.71 -1.4 95 0 0 280.723
25.5 2 4.25 1026.62 -1.65 95 0 0 270.684
25.5208 2 4.1 1026.53 -1.9 95 0 0 260.644
25.5417 2 4.3 1026.58 -1.7 94 0 0 276.477
25.5625 2 4.5 1026.63 -1.5 93 0 0 292.31
25.5833 2 4.4 1026.63 -1.6 93.5 0 0 292.277
25.6042 2 4.3 1026.63 -1.7 94 0 0 292.245
25.625 2 4.55 1026.78 -1.8 94.5 0 0 291.505
25.6458 2 4.8 1026.93 -1.9 95 0 0 290.766
25.6667 2 4.3 1027.01 -2 95.5 0 0 289.316
25.6875 2 3.8 1027.08 -2.1 96 0 0 287.867
25.7083 2 3.2 1027.05 -2.25 96 0 -0.00425 284.461
25.7292 2 2.6 1027.02 -2.4 96 0 -0.0085 281.055
25.75 2 2.45 1027.1 -2.45 95 0 1.37633 286.105
25.7708 2 2.3 1027.18 -2.5 94 0 2.76117 291.155
25.7917 2 2.1 1027.29 -2.65 93.5 0 8.37973 284.318
25.8125 2 1.9 1027.4 -2.8 93 0 13.9983 277.482
25.8333 2 1.55 1027.31 -2.85 93 0 32.474 274.877
25.8542 2 1.2 1027.22 -2.9 93 0 50.9497 272.272
25.875 2 0.75 1027.24 -2.9 93 0 59.8655 278.422
25.8958 2 0.3 1027.26 -2.9 93 0 68.7813 284.571
25.9167 2 1.2 1027.3 -3 94.5 0 64.7206 287.764
25.9375 2 2.1 1027.34 -3.1 96 0 60.66 290.957
25.9583 2 1.85 1027.31 -2.9 96 0 40.6721 295.693
25.9792 2 1.6 1027.28 -2.7 96 0 20.6843 300.429
26 2 1.7 1026.99 -2.7 96.5 0 14.948 301.39
26.0208 2 1.8 1026.7 -2.7 97 0 9.21167 302.351
26.0417 2 2 1026.45 -2.55 97.5 0 6.32584 303.149
26.0625 2 2.2 1026.2 -2.4 98 0 3.44 303.947
26.0833 2 2.25 1026.11 -2.25 98.5 0 1.75367 304.344
26.1042 2 2.3 1026.02 -2.1 99 0 0.0673333 304.741
26.125 2 2.7 1025.91 -1.85 99 0 0.0336667 306.44
26.1458 2 3.1 1025.8 -1.6 99 0 0 308.14
26.1667 2 3 1025.64 -1.2 99 0 0 309.628
26.1875 2 2.9 1025.47 -0.8 99 0 0 311.116
26.2083 2 3.4 1025.22 -0.95 98.5 0 0 309.662
26.2292 2 3.9 1024.97 -1.1 98 0 0 308.208
26.25 2 4.05 1024.8 -1.1 97 0 0 308.663
26.2708 2 4.2 1024.63 -1.1 96 0 0 309.118
26.2917 2 4.3 1024.51 -1.05 96 0 0 309.387
26.3125 2 4.4 1024.39 -1 96 0 0 309.656
26.3333 2 4.1 1024.23 -1 96 0 0 309.669
26.3542 2 3.8 1024.08 -1 96 0 0 309.682
26.375 2 4.2 1023.89 -0.75 96.5 0 0 310.701
26.3958 2 4.6 1023.69 -0.5 97 0 0 311.72
26.4167 2 5.4 1023.41 -0.1 97.5 0 0 312.615
26.4375 2 6.2 1023.12 0.3 98 0 0 313.51
26.4583 2 6.35 1022.86 0.25 98.5 0 0 313.633
26.4792 2 6.5 1022.6 0.2 99 0 0 313.757
26.5 2 6.9 1022.26 0.3 99 0 0 314
26.5208 2 7.3 1021.92 0.4 99 0 0 314.243
26.5417 2 6.95 1021.57 0.3 98.5 0 0 312.719
26.5625 2 6.6 1021.22 0.2 98 0 0 311.194
26.5833 2 6.55 1020.98 0.05 97.5 0 0 310.484
26.6042 2 6.5 1020.74 -0.1 97 0 0 309.774
26.625 2 6.5 1020.67 -0.3 96.5 0 0 309.159
26.6458 2 6.5 1020.59 -0.5 96 0 0 308.544
26.6667 2 6.8 1020.64 -0.55 96 0 0 307.727
26.6875 2 7.1 1020.68 -0.6 96 0 0 306.909
26.7083 2 7.1 1020.57 -0.5 96.5 0 0 309.052
26.7292 2 7.1 1020.47 -0.4 97 0 0 311.196
26.75 2 7 1020.21 -0.25 97 0 0.735415 311.182
26.7708 2 6.9 1019.96 -0.1 97 0 1.47083 311.168
26.7917 2 7.05 1019.9 -0.15 97 0 5.26508 307.911
26.8125 2 7.2 1019.84 -0.2 97 0 9.05933 304.653
26.8333 2 7.4 1019.83 -0.15 97.5 0 17.4001 304.862
26.8542 2 7.6 1019.82 -0.1 98 0 25.7408 305.07
26.875 2 8.1 1019.79 -0.1 98 0 37.6192 289.026
26.8958 2 8.6 1019.75 -0.1 98 0 49.4975 272.981
26.9167 2 9.2 1019.92 -0.4 98 0 45.1112 290.946
26.9375 2 9.8 1020.08 -0.7 98 0 40.7248 308.911
26.9583 2 9.6 1020.24 -1.1 98 0 36.7852 305.419
26.9792 2 9.4 1020.41 -1.5 98 0 32.8457 301.927
27 2 9.3 1020.37 -1.6 98.5 0 25.5229 299.348
27.0208 2 9.2 1020.33 -1.7 99 0 18.2002 296.768
27.0417 2 9.2 1020.37 -1.6 98 0 11.1138 296.021
27.0625 2 9.2 1020.41 -1.5 97 0 4.02733 295.274
27.0833 2 8.7 1020.29 -1.2 95.5 0 2.06175 292.434
27.1042 2 8.2 1020.17 -0.9 94 0 0.0961667 289.594
27.125 2 8.75 1019.98 -0.65 91.5 0 0.0480834 288.776
27.1458 2 9.3 1019.79 -0.4 89 0 0 287.959
27.1667 2 10.65 1019.67 -0.65 87 0 0 272.723
27.1875 2 12 1019.56 -0.9 85 0 0 257.487
27.2083 2 12.35 1019.67 -1.4 83 0 0 273.219
27.2292 2 12.7 1019.78 -1.9 81 0 0 288.952
27.25 2 12.45 1019.81 -2.15 82 0 0 290.756
27.2708 2 12.2 1019.84 -2.4 83 0 0 292.56
27.2917 2 12.05 1019.92 -2.5 83.5 0 0 292.204
27.3125 2 11.9 1019.99 -2.6 84 0 0 291.848
27.3333 2 12 1020.04 -2.65 84 0 0 291.322
27.3542 2 12.1 1020.09 -2.7 84 0 0 290.796
27.375 2 11.7 1020.14 -2.75 84 0 0 290.75
27.3958 2 11.3 1020.18 -2.8 84 0 0 290.705
27.4167 2 11.25 1020.16 -2.95 83.5 0 0 289.205
27.4375 2 11.2 1020.13 -3.1 83 0 0 287.705
27.4583 2 10.55 1020.15 -3.15 84.5 0 0 282.885
27.4792 2 9.9 1020.17 -3.2 86 0 0 278.066
27.5 2 9.45 1020.25 -3.1 86.5 0 0 284.368
27.5208 2 9 1020.33 -3 87 0 0 290.67
27.5417 2 9.05 1020.34 -2.9 85 0 0 286.293
27.5625 2 9.1 1020.35 -2.8 83 0 0 281.916
27.5833 2 9.3 1020.26 -2.75 80.5 0 0 279.133
27.6042 2 9.5 1020.17 -2.7 78 0 0 276.349
27.625 2 9.45 1020.03 -2.7 79 0 0 266.466
27.6458 2 9.4 1019.88 -2.7 80 0 0 256.584
27.6667 2 9.75 1019.85 -2.7 82 0 0 266.97
27.6875 2 10.1 1019.83 -2.7 84 0 0 277.355
27.7083 2 9.8 1019.78 -2.75 84.5 0 0 281.241
27.7292 2 9.5 1019.72 -2.8 85 0 0 285.126
27.75 2 9.3 1019.59 -2.85 83 0 0.784665 283.959
27.7708 2 9.1 1019.46 -2.9 81 0 1.56933 282.792
27.7917 2 8.95 1019.47 -3.05 83 0 4.56808 283.365
27.8125 2 8.8 1019.49 -3.2 85 0 7.56683 283.939
27.8333 2 8.55 1019.32 -3 83 0 10.9126 286.143
27.8542 2 8.3 1019.16 -2.8 81 0 14.2583 288.348
27.875 2 8.45 1018.85 -2.8 83 0 22.4525 285.773
27.8958 2 8.6 1018.54 -2.8 85 0 30.6467 283.198
27.9167 2 8.9 1018.36 -2.8 83 0 30.895 280.64
27.9375 2 9.2 1018.18 -2.8 81 0 31.1432 278.082
27.9583 2 8.95 1017.92 -2.9 84.5 0 26.714 282.221
27.9792 2 8.7 1017.66 -3 88 0 22.2847 286.361
28 2 9.25 1017.46 -3.1 86.5 0 17.166 283.984
28.0208 2 9.8 1017.27 -3.2 85 0 12.0472 281.607
28.0417 2 9.4 1016.99 -3.35 86 0 7.60151 282.667
28.0625 2 9 1016.71 -3.5 87 0 3.15583 283.728
28.0833 2 10.05 1016.46 -3.7 83.5 0 1.62691 281.084
28.1042 2 11.1 1016.21 -3.9 80 0 0.098 278.44
28.125 2 10.35 1015.97 -3.65 76.5 0 0.049 279.103
28.1458 2 9.6 1015.74 -3.4 73 0 0 279.766
28.1667 2 9.75 1015.39 -3.65 80 0 0 279.482
28.1875 2 9.9 1015.04 -3.9 87 0 0 279.199
28.2083 2 9.75 1014.71 -3.85 85 0 0 274.963
28.2292 2 9.6 1014.38 -3.8 83 0 0 270.726
28.25 2 9.9 1014.03 -3.7 81 0 0 273.138
28.2708 2 10.2 1013.68 -3.6 79 0 0 275.551
28.2917 2 10.2 1013.46 -3.6 80 0 0 274.167
28.3125 2 10.2 1013.24 -3.6 81 0 0 272.784
28.3333 2 9.9 1013.12 -3.9 86.5 0 0 270.295
28.3542 2 9.6 1013 -4.2 92 0 0 267.806
28.375 2 8.7 1012.9 -4.15 90.5 0 0 262.615
28.3958 2 7.8 1012.8 -4.1 89 0 0 257.424
28.4167 2 8.25 1012.6 -3.9 84 0 0 243.226
28.4375 2 8.7 1012.4 -3.7 79 0 0 229.028
28.4583 2 8.75 1012.26 -3.4 76 0 0 248.181
28.4792 2 8.8 1012.11 -3.1 73 0 0 267.334
28.5 2 8.95 1012.01 -3 72 0 0 271.499
28.5208 2 9.1 1011.91 -2.9 71 0 0 275.663
28.5417 2 8.65 1011.84 -2.95 73 0 0 267.761
28.5625 2 8.2 1011.77 -3 75 0 0 259.859
28.5833 2 9.1 1011.84 -3.25 78.5 0 0 268.715
28.6042 2 10 1011.9 -3.5 82 0 0 277.571
28.625 2 9.7 1012.08 -3.6 81 0 0 272.131
28.6458 2 9.4 1012.25 -3.7 80 0 0 266.691
28.6667 2 9.35 1012.4 -3.85 80 0 0 264.532
28.6875 2 9.3 1012.54 -4 80 0 0 262.373
28.7083 2 9.35 1012.66 -4.15 81.5 0 0 264.12
28.7292 2 9.4 1012.77 -4.3 83 0 0 265.867
28.75 2 9.2 1012.9 -4.35 82.5 0 0.705585 264.38
28.7708 2 9 1013.03 -4.4 82 0 1.41117 262.893
28.7917 2 9 1013.15 -4.35 83 0 4.73759 269.578
28.8125 2 9 1013.27 -4.3 84 0 8.064 276.264
28.8333 2 8.8 1013.4 -4.15 79 0 17.0973 261.014
28.8542 2 8.6 1013.52 -4 74 0 26.1307 245.764
28.875 2 8.7 1013.67 -3.85 75 0 30.5064 260.14
28.8958 2 8.8 1013.81 -3.7 76 0 34.8822 274.516
28.9167 2 8.45 1013.93 -3.8 80.5 0 31.5066 277.891
28.9375 2 8.1 1014.06 -3.9 85 0 28.131 281.267
28.9583 2 8.05 1014.21 -3.95 86 0 32.3136 276.638
28.9792 2 8 1014.37 -4 87 0 36.4962 272.009
29 2 8.15 1014.46 -3.9 87 0 23.3801 273.484
29.0208 2 8.3 1014.55 -3.8 87 0 10.264 274.958
29.0417 2 9 1014.78 -3.75 85 0 6.20191 269.87
29.0625 2 9.7 1015 -3.7 83 0 2.13983 264.783
29.0833 2 8.95 1015.21 -3.7 83 0 1.06042 264.872
29.1042 2 8.2 1015.43 -3.7 83 0 -0.019 264.961
29.125 2 7.7 1015.58 -3.7 83 0 -0.0095 261.883
29.1458 2 7.2 1015.74 -3.7 83 0 0 258.804
29.1667 2 6.6 1015.95 -3.6 85.5 0 0 270.206
29.1875 2 6 1016.16 -3.5 88 0 0 281.608
29.2083 2 6.75 1016.43 -3.45 86.5 0 0 280.689
29.2292 2 7.5 1016.7 -3.4 85 0 0 279.769
29.25 2 7.35 1017.11 -3.2 80.5 0 0 280.701
29.2708 2 7.2 1017.52 -3 76 0 0 281.633
29.2917 2 7.5 1018.06 -3 77.5 0 0 284.384
29.3125 2 7.8 1018.6 -3 79 0 0 287.136
29.3333 2 8.3 1019.22 -3.2 79 0 0 280.185
29.3542 2 8.8 1019.85 -3.4 79 0 0 273.233
29.375 2 9.6 1020.42 -3.55 83.5 0 0 278.664
29.3958 2 10.4 1021 -3.7 88 0 0 284.096
29.4167 2 10.55 1021.52 -3.85 86 0 0 275.188
29.4375 2 10.7 1022.04 -4 84 0 0 266.279
29.4583 2 11.55 1022.47 -4 84.5 0 0 267.496
29.4792 2 12.4 1022.91 -4 85 0 0 268.714
29.5 2 12.8 1023.39 -4.3 87 0 0 274.66
29.5208 2 13.2 1023.87 -4.6 89 0 0 280.606
29.5417 2 12.55 1024.31 -4.7 88.5 0 0 281.469
29.5625 2 11.9 1024.76 -4.8 88 0 0 282.331
29.5833 2 12.1 1025.05 -4.9 90 0 0 283.24
29.6042 2 12.3 1025.34 -5 92 0 0 284.149
29.625 2 11.95 1025.66 -4.8 91 0 0 284.543
29.6458 2 11.6 1025.98 -4.6 90 0 0 284.937
29.6667 2 11.3 1026.34 -4.35 89.5 0 0 286.249
29.6875 2 11 1026.7 -4.1 89 0 0 287.561
29.7083 2 10.85 1027.15 -3.75 88 0 0 288.534
29.7292 2 10.7 1027.6 -3.4 87 0 0 289.507
29.75 2 11.2 1028.04 -3.5 88 0 0.300333 289.375
29.7708 2 11.7 1028.49 -3.6 89 0 0.600667 289.244
29.7917 2 11.75 1022.1 -3.8 89 0 2.985 288.641
29.8125 2 11.8 1015.71 -4 89 0 5.36933 288.039
29.8333 2 11.55 1015.77 -4.25 89.5 0 10.7926 288.281
29.8542 2 11.3 1015.83 -4.5 90 0 16.2158 288.524
29.875 2 10.85 1015.75 -4.65 90.5 0 19.9615 288.755
29.8958 2 10.4 1015.67 -4.8 91 0 23.7073 288.987
29.9167 2 9.95 1015.66 -4.95 90.5 0 24.4053 287.941
29.9375 2 9.5 1015.64 -5.1 90 0 25.1032 286.895
29.9583 2 9.25 1015.53 -5.15 90.5 0 21.567 286.507
29.9792 2 9 1015.42 -5.2 91 0 18.0307 286.119
30 2 9.05 1015.34 -5.1 90 0 13.2925 285.424
30.0208 2 9.1 1015.27 -5 89 0 8.55433 284.73
30.0417 2 9.15 1015.26 -5 88 0 5.051 283.675
30.0625 2 9.2 1015.25 -5 87 0 1.54767 282.62
30.0833 2 9.25 1015.18 -5.1 87 0 0.774668 281.982
30.1042 2 9.3 1015.11 -5.2 87 0 0.00166667 281.344
30.125 2 9.2 1015.11 -5.25 87 0 0.000833335 281.04
30.1458 2 9.1 1015.12 -5.3 87 0 0 280.737
30.1667 2 9.4 1015.15 -5.35 86.5 0 0 280.068
30.1875 2 9.7 1015.18 -5.4 86 0 0 279.398
30.2083 2 10.25 1015.2 -5.4 86 0 0 278.669
30.2292 2 10.8 1015.22 -5.4 86 0 0 277.941
30.25 2 11 1015.91 -5.55 83 0 0 275.439
30.2708 2 11.2 1016.6 -5.7 80 0 0 272.936
30.2917 2 11.15 1016.57 -5.75 78.5 0 0 267.484
30.3125 2 11.1 1016.54 -5.8 77 0 0 262.031
30.3333 2 10.75 1016.57 -5.85 78.5 0 0 266.302
30.3542 2 10.4 1016.6 -5.9 80 0 0 270.573
30.375 2 10.45 1016.57 -5.85 82 0 0 272.069
30.3958 2 10.5 1016.53 -5.8 84 0 0 273.565
30.4167 2 10.3 1016.61 -5.85 81.5 0 0 261.339
30.4375 2 10.1 1016.7 -5.9 79 0 0 249.113
30.4583 2 10.05 1016.65 -5.9 77.5 0 0 245.378
30.4792 2 10 1016.6 -5.9 76 0 0 241.642
30.5 2 10 1016.55 -5.8 77.5 0 0 250.251
30.5208 2 10 1016.51 -5.7 79 0 0 258.86
30.5417 2 9.8 1016.52 -5.7 79.5 0 0 258.099
30.5625 2 9.6 1016.52 -5.7 80 0 0 257.337
30.5833 2 9.2 1016.53 -5.8 79.5 0 0 250.355
30.6042 2 8.8 1016.54 -5.9 79 0 0 243.374
30.625 2 8.65 1016.58 -5.95 79 0 0 241.568
30.6458 2 8.5 1016.63 -6 79 0 0 239.761
30.6667 2 8.35 1016.67 -5.9 79.5 0 0 252.724
30.6875 2 8.2 1016.7 -5.8 80 0 0 265.688
30.7083 2 7.85 1016.71 -5.8 79 0 0 264.32
30.7292 2 7.5 1016.73 -5.8 78 0 0 262.952
30.75 2 7.35 1016.85 -5.75 77 0 0.456834 263.023
30.7708 2 7.2 1016.97 -5.7 76 0 0.913667 263.095
30.7917 2 6.85 1017.07 -5.65 76 0 4.20775 263.913
30.8125 2 6.5 1017.18 -5.6 76 0 7.50183 264.731
30.8333 2 5.95 1017.24 -5.65 79.5 0 15.131 265.794
30.8542 2 5.4 1017.3 -5.7 83 0 22.7602 266.858
30.875 2 5.25 1016.79 -5.8 81.5 0 27.5924 254.985
30.8958 2 5.1 1016.29 -5.9 80 0 32.4245 243.112
30.9167 2 4.3 1016.4 -5.85 78.5 0 38.2399 248.25
30.9375 2 3.5 1016.5 -5.8 77 0 44.0553 253.388
30.9583 2 3.25 1016.57 -5.85 75.5 0 34.687 248.682
30.9792 2 3 1016.64 -5.9 74 0 25.3188 243.975
