0 2 1.7 1002.58 -38.05 55.5 0 10.2136 118.412
0.0208333 2 1.6 1002.65 -38.5 55 0 5.74733 118.276
0.0416667 2 1.55 1002.71 -38.25 55 0 3.43925 117.424
0.0625 2 1.5 1002.77 -38 55 0 1.13117 116.572
0.0833333 2 1.45 1002.84 -38.2 55 0 0.565585 116.279
0.104167 2 1.4 1002.92 -38.4 55 0 0 115.985
0.125 2 1.3 1002.97 -38.4 55 0 0 119.492
0.145833 2 1.2 1003.03 -38.4 55 0 0 122.998
0.166667 2 1.05 1003.08 -38.3 55 0 0 124.202
0.1875 2 0.9 1003.12 -38.2 55 0 0 125.407
0.208333 2 1.2 1003.2 -38.7 54.5 0 0 122.383
0.229167 2 1.5 1003.28 -39.2 54 0 0 119.359
0.25 2 1.3 1003.33 -38.7 54.5 0 0 118.801
0.270833 2 1.1 1003.37 -38.2 55 0 0 118.244
0.291667 2 0.65 1003.54 -38.9 54.5 0 0 117.391
0.3125 2 0.2 1003.71 -39.6 54 0 0 116.537
0.333333 2 0.45 1003.87 -39.15 62.5 0 0 117.178
0.354167 2 0.7 1004.03 -38.7 71 0 0 117.818
0.375 2 0.9 1004.22 -36.65 64.5 0 0 117.393
0.395833 2 1.1 1004.42 -34.6 58 0 0 116.968
0.416667 2 1.05 1004.6 -34.35 58.5 0 0 117.374
0.4375 2 1 1004.79 -34.1 59 0 0 117.779
0.458333 2 1.15 1004.91 -34.6 58 0 0 117.412
0.479167 2 1.3 1005.04 -35.1 57 0 0 117.046
0.5 2 1.2 1005.12 -35 57.5 0 0 116.66
0.520833 2 1.1 1005.2 -34.9 58 0 0 116.275
0.541667 2 1 1005.3 -35.65 57 0 0 116.818
0.5625 2 0.9 1005.41 -36.4 56 0 0 117.361
0.583333 2 1.1 1005.48 -35.75 57 0 0 121.535
0.604167 2 1.3 1005.56 -35.1 58 0 0 125.709
0.625 2 1.35 1005.7 -35.4 57.5 0 0 123.672
0.645833 2 1.4 1005.84 -35.7 57 0 0 121.635
0.666667 2 1.1 1005.98 -36.4 56 0 0 118.587
0.6875 2 0.8 1006.13 -37.1 55 0 0 115.538
0.708333 2 0.6 1006.27 -37.7 54 0 0 116.566
0.729167 2 0.4 1006.41 -38.3 53 0 0 117.594
0.75 2 0.8 1006.57 -39.15 53 0 0 117.073
0.770833 2 1.2 1006.73 -40 53 0 0 116.552
0.791667 2 1.9 1006.9 -40.45 52 0 0.39775 117.473
0.8125 2 2.6 1007.07 -40.9 51 0 0.7955 118.394
0.833333 2 2.25 1007.13 -39.3 52 0 3.32958 118.869
0.854167 2 1.9 1007.18 -37.7 53 0 5.86367 119.345
0.875 2 1.35 1007.34 -37.65 53.5 0 9.61893 119.482
0.895833 2 0.8 1007.5 -37.6 54 0 13.3742 119.62
0.916667 2 0.65 1007.61 -37.25 54.5 0 16.6143 118.921
0.9375 2 0.5 1007.73 -36.9 55 0 19.8545 118.221
0.958333 2 0.3 1007.81 -37.55 55 0 18.1302 116.099
0.979167 2 0.1 1007.89 -38.2 55 0 16.406 113.977
1 2 0.05 1007.73 -38.05 54.5 0 12.1333 113.35
1.02083 2 0 1007.57 -37.9 54 0 7.86067 112.724
1.04167 2 0.25 1007.46 -37.25 55 0 4.77517 112.8
1.0625 2 0.5 1007.36 -36.6 56 0 1.68967 112.876
1.08333 2 0.9 1007.21 -36.5 56.5 0 0.844835 113.169
1.10417 2 1.3 1007.07 -36.4 57 0 0 113.461
1.125 2 1 1006.93 -36.2 57 0 0 113.416
1.14583 2 0.7 1006.79 -36 57 0 0 113.371
1.16667 2 0.75 1006.8 -37 56 0 0 112.862
1.1875 2 0.8 1006.82 -38 55 0 0 112.353
1.20833 2 1.45 1006.68 -39 54 0 0 112.273
1.22917 2 2.1 1006.55 -40 53 0 0 112.193
1.25 2 2 1006.41 -39.85 53.5 0 0 111.93
1.27083 2 1.9 1006.26 -39.7 54 0 0 111.667
1.29167 2 2 1006.09 -39.05 55 0 0 112.016
1.3125 2 2.1 1005.92 -38.4 56 0 0 112.366
1.33333 2 2.8 1005.68 -38.85 58.5625 0 0 112.444
1.35417 2 3.5 1005.45 -39.3 61.125 0 0 112.522
1.375 2 3.7 1005.35 -39.25 57.5625 0 0 112.706
1.39583 2 3.9 1005.26 -39.2 54 0 0 112.891
1.41667 2 3.85 1005.18 -39.35 53.5 0 0 113.711
1.4375 2 3.8 1005.11 -39.5 53 0 0 114.531
1.45833 2 3.85 1004.98 -39.5 53 0 0 114.021
1.47917 2 3.9 1004.85 -39.5 53 0 0 113.51
1.5 2 3.85 1004.64 -39.3 53.5 0 0 116.415
1.52083 2 3.8 1004.43 -39.1 54 0 0 119.32
1.54167 2 3.75 1004.28 -38.7 54 0 0 134.883
1.5625 2 3.7 1004.12 -38.3 54 0 0 150.445
1.58333 2 3.6 1004.04 -37.8 54 0 0 143.961
1.60417 2 3.5 1003.96 -37.3 54 0 0 137.477
1.625 2 3.5 1003.89 -37.45 54 0 0 130.372
1.64583 2 3.5 1003.82 -37.6 54 0 0 123.268
1.66667 2 3.65 1003.79 -37.75 54 0 0 122.333
1.6875 2 3.8 1003.76 -37.9 54 0 0 121.397
1.70833 2 3.8 1003.69 -37.65 54.5 0 0 124.589
1.72917 2 3.8 1003.62 -37.4 55 0 0 127.781
1.75 2 3.75 1003.68 -37.2 55 0 0 131.902
1.77083 2 3.7 1003.75 -37 55 0 0 136.024
1.79167 2 4.05 1003.84 -36.85 55.5 0 0.181416 134.085
1.8125 2 4.4 1003.94 -36.7 56 0 0.362833 132.145
1.83333 2 4.45 1004.11 -36.5 56 0 2.29592 140.296
1.85417 2 4.5 1004.29 -36.3 56 0 4.229 148.447
1.875 2 4.9 1004.25 -35.65 56.5 0 9.4076 155.627
1.89583 2 5.3 1004.21 -35 57 0 14.5862 162.807
1.91667 2 5.75 1004.28 -34.6 57 0 18.3715 163.46
1.9375 2 6.2 1004.35 -34.2 57 0 22.1568 164.112
1.95833 2 6.5 1004.36 -33.95 57.5 0 20.415 168.963
1.97917 2 6.8 1004.37 -33.7 58 0 18.6732 173.814
2 2 7 1004.4 -33.6 58 0 13.0569 172.111
2.02083 2 7.2 1004.42 -33.5 58 0 7.44067 170.408
2.04167 2 7.15 1004.34 -33.45 58 0 4.2205 166.254
2.0625 2 7.1 1004.26 -33.4 58 0 1.00033 162.099
2.08333 2 7.2 1004.26 -33.3 58 0 0.500165 166.192
2.10417 2 7.3 1004.25 -33.2 58 0 0 170.285
2.125 2 7.3 1004.32 -32.95 58.5 0 0 178.105
2.14583 2 7.3 1004.39 -32.7 59 0 0 185.925
2.16667 2 7.75 1004.23 -32.55 59 0 0 187.77
2.1875 2 8.2 1004.08 -32.4 59 0 0 189.615
2.20833 2 8.4 1004.09 -32.3 59.5 0 0 189.936
2.22917 2 8.6 1004.11 -32.2 60 0 0 190.258
2.25 2 8.45 1004.08 -32.1 60 0 0 192.664
2.27083 2 8.3 1004.06 -32 60 0 0 195.07
2.29167 2 8.25 1004.05 -31.8 60.5 0 0 192.409
2.3125 2 8.2 1004.05 -31.6 61 0 0 189.747
2.33333 2 7.85 1004.17 -31.3 61.8571 0 0 193.468
2.35417 2 7.5 1004.28 -31 62.7143 0 0 197.189
2.375 2 7.35 1004.22 -30.6 62.3571 0 0 196.423
2.39583 2 7.2 1004.16 -30.2 62 0 0 195.658
2.41667 2 7.65 1004.03 -29.95 62.5 0 0 187.633
2.4375 2 8.1 1003.91 -29.7 63 0 0 179.608
2.45833 2 7.9 1003.9 -29.8 62.5 0 0 180.721
2.47917 2 7.7 1003.89 -29.9 62 0 0 181.835
2.5 2 7.85 1003.65 -29.8 62.5 0 0 189.273
2.52083 2 8 1003.41 -29.7 63 0 0 196.712
2.54167 2 8.2 1003.1 -29.65 63 0 0 197.247
2.5625 2 8.4 1002.8 -29.6 63 0 0 197.781
2.58333 2 8.05 1002.79 -29.45 63 0 0 196.639
2.60417 2 7.7 1002.78 -29.3 63 0 0 195.497
2.625 2 7.25 1002.77 -29.15 63 0 0 201.129
2.64583 2 6.8 1002.75 -29 63 0 0 206.761
2.66667 2 7.1 1002.55 -28.85 62.5 0 0 209.045
2.6875 2 7.4 1002.34 -28.7 62 0 0 211.329
2.70833 2 7 1002.03 -28.7 62.5 0 0 205.803
2.72917 2 6.6 1001.72 -28.7 63 0 0 200.277
2.75 2 6.25 1001.67 -28.65 63 0 0 201.581
2.77083 2 5.9 1001.62 -28.6 63 0 0 202.886
2.79167 2 5.8 1001.67 -28.45 63 0 0.297834 206.393
2.8125 2 5.7 1001.72 -28.3 63 0 0.595667 209.899
2.83333 2 5.5 1001.75 -28.25 63.5 0 2.75842 208.294
2.85417 2 5.3 1001.78 -28.2 64 0 4.92117 206.689
2.875 2 4.6 1001.89 -28.1 64 0 8.60784 204.684
2.89583 2 3.9 1002 -28 64 0 12.2945 202.678
2.91667 2 3.05 1002.06 -28 64.5 0 15.5517 202.354
2.9375 2 2.2 1002.12 -28 65 0 18.8088 202.029
2.95833 2 2 1002.25 -28.05 65 0 19.1719 201.733
2.97917 2 1.8 1002.38 -28.1 65 0 19.535 201.436
3 2 2.8 1002.49 -28.1 64.5 0 16.9118 196.204
3.02083 2 3.8 1002.61 -28.1 64 0 14.2885 190.972
3.04167 2 5.05 1002.97 -28.15 64 0 8.94759 191.975
3.0625 2 6.3 1003.34 -28.2 64 0 3.60667 192.979
3.08333 2 7.05 1003.73 -28.5 64 0 1.80333 191.75
3.10417 2 7.8 1004.12 -28.8 64 0 0 190.52
3.125 2 7.4 1004.55 -28.75 63.5 0 0 189.666
3.14583 2 7 1004.99 -28.7 63 0 0 188.812
3.16667 2 7.05 1005.39 -29.4 62.5 0 0 182.124
3.1875 2 7.1 1005.78 -30.1 62 0 0 175.437
3.20833 2 7.25 1006.3 -31.2 60.5 0 0 162.707
3.22917 2 7.4 1006.81 -32.3 59 0 0 149.977
3.25 2 7.6 1007.24 -32.7 59 0 0 144.943
3.27083 2 7.8 1007.68 -33.1 59 0 0 139.908
3.29167 2 7.45 1008.32 -34.35 57.5 0 0 129.226
3.3125 2 7.1 1008.97 -35.6 56 0 0 118.544
3.33333 2 6.75 1009.52 -36.65 61.6428 0 0 115.655
3.35417 2 6.4 1010.06 -37.7 67.2857 0 0 112.766
3.375 2 5.65 1010.58 -38.35 59.6428 0 0 112.784
3.39583 2 4.9 1011.09 -39 52 0 0 112.802
3.41667 2 4.15 1011.42 -39.5 51.5 0 0 112.982
3.4375 2 3.4 1011.75 -40 51 0 0 113.163
3.45833 2 3.35 1012.14 -40.25 50.5 0 0 114.601
3.47917 2 3.3 1012.52 -40.5 50 0 0 116.038
3.5 2 3.35 1012.72 -40.4 50.5 0 0 116.795
3.52083 2 3.4 1012.92 -40.3 51 0 0 117.552
3.54167 2 3.8 1013.15 -40.35 51 0 0 117.126
3.5625 2 4.2 1013.37 -40.4 51 0 0 116.7
3.58333 2 4.35 1013.72 -40.3 51 0 0 116.641
3.60417 2 4.5 1014.07 -40.2 51 0 0 116.583
3.625 2 4.1 1014.26 -40.3 51 0 0 116.773
3.64583 2 3.7 1014.44 -40.4 51 0 0 116.964
3.66667 2 4.15 1014.52 -39.95 51 0 0 117.425
3.6875 2 4.6 1014.6 -39.5 51 0 0 117.886
3.70833 2 4.8 1014.85 -39.1 51.5 0 0 118.321
3.72917 2 5 1015.1 -38.7 52 0 0 118.756
3.75 2 4.8 1015.18 -38.75 51.5 0 0 119.093
3.77083 2 4.6 1015.26 -38.8 51 0 0 119.43
3.79167 2 5.3 1015.44 -39 51 0 0.48825 119.566
3.8125 2 6 1015.62 -39.2 51 0 0.9765 119.703
3.83333 2 5 1015.86 -39.5 51 0 3.562 119.927
3.85417 2 4 1016.11 -39.8 51 0 6.1475 120.151
3.875 2 4.3 1016.23 -40 51 0 9.14085 122.1
3.89583 2 4.6 1016.35 -40.2 51 0 12.1342 124.049
3.91667 2 4.35 1016.49 -40.05 51.5 0 15.6493 130.061
3.9375 2 4.1 1016.63 -39.9 52 0 19.1645 136.073
3.95833 2 4.2 1016.64 -38.75 52.5 0 16.9619 150.525
3.97917 2 4.3 1016.64 -37.6 53 0 14.7593 164.976
4 2 4.25 1016.33 -35.95 54.5 0 12.6933 177.521
4.02083 2 4.2 1016.02 -34.3 56 0 10.6273 190.065
4.04167 2 4.5 1015.72 -32.9 57 0 6.52774 197.586
4.0625 2 4.8 1015.43 -31.5 58 0 2.42817 205.106
4.08333 2 4.55 1015.01 -31 58.5 0 1.23184 206.652
4.10417 2 4.3 1014.58 -30.5 59 0 0.0355 208.198
4.125 2 4.5 1014.1 -30.15 59.5 0 0.01775 211.607
4.14583 2 4.7 1013.63 -29.8 60 0 0 215.016
4.16667 2 5.25 1012.81 -29.45 60.5 0 0 218.861
4.1875 2 5.8 1011.99 -29.1 61 0 0 222.706
4.20833 2 6.15 1011.36 -28.35 62 0 0 223.984
4.22917 2 6.5 1010.74 -27.6 63 0 0 225.263
4.25 2 6.4 1010.27 -27.15 63.5 0 0 224.859
4.27083 2 6.3 1009.8 -26.7 64 0 0 224.456
4.29167 2 6.35 1009.67 -26.45 64.5 0 0 216.207
4.3125 2 6.4 1009.54 -26.2 65 0 0 207.958
4.33333 2 5.85 1009.58 -26.05 63.0714 0 0 210.13
4.35417 2 5.3 1009.63 -25.9 61.1429 0 0 212.303
4.375 2 5 1009.78 -25.7 64.0714 0 0 208.315
4.39583 2 4.7 1009.92 -25.5 67 0 0 204.327
4.41667 2 4.3 1010.15 -25.45 67 0 0 203.375
4.4375 2 3.9 1010.37 -25.4 67 0 0 202.423
4.45833 2 3.3 1010.58 -25.4 67 0 0 200.464
4.47917 2 2.7 1010.79 -25.4 67 0 0 198.505
4.5 2 2.5 1011.17 -25.4 67 0 0 191.345
4.52083 2 2.3 1011.55 -25.4 67 0 0 184.185
4.54167 2 3.15 1011.79 -25.5 67 0 0 186.516
4.5625 2 4 1012.04 -25.6 67 0 0 188.847
4.58333 2 4 1012.49 -25.5 67 0 0 189.126
4.60417 2 4 1012.94 -25.4 67 0 0 189.404
4.625 2 4.15 1013.27 -25.7 66.5 0 0 184.942
4.64583 2 4.3 1013.59 -26 66 0 0 180.48
4.66667 2 4.65 1013.57 -25.9 66.5 0 0 178.743
4.6875 2 5 1013.55 -25.8 67 0 0 177.007
4.70833 2 5.15 1014.03 -25.85 66.5 0 0 177.147
4.72917 2 5.3 1014.51 -25.9 66 0 0 177.288
4.75 2 5.8 1014.49 -25.85 66 0 0 179.146
4.77083 2 6.3 1014.47 -25.8 66 0 0 181.003
4.79167 2 6.15 1014.85 -25.75 66 0 0.145834 180.288
4.8125 2 6 1015.23 -25.7 66 0 0.291667 179.572
4.83333 2 6.15 1015.39 -25.75 65.5 0 3.09817 180.457
4.85417 2 6.3 1015.54 -25.8 65 0 5.90467 181.342
4.875 2 6.55 1015.66 -25.6 65.5 0 9.53518 181.595
4.89583 2 6.8 1015.78 -25.4 66 0 13.1657 181.849
4.91667 2 7.1 1015.54 -25 66 0 19.2675 183.982
4.9375 2 7.4 1015.29 -24.6 66 0 25.3692 186.114
4.95833 2 7.1 1015.07 -24.55 66.5 0 22.3507 190.093
4.97917 2 6.8 1014.85 -24.5 67 0 19.3323 194.072
5 2 7.25 1014.78 -24.55 67.5 0 14.5815 190.876
5.02083 2 7.7 1014.7 -24.6 68 0 9.83067 187.679
5.04167 2 8.05 1014.53 -24.05 68 0 5.99159 209.555
5.0625 2 8.4 1014.36 -23.5 68 0 2.1525 231.43
5.08333 2 8.9 1014.2 -22.65 69 0 1.09708 242.725
5.10417 2 9.4 1014.03 -21.8 70 0 0.0416667 254.021
5.125 2 9.3 1013.81 -21.2 71.5 0 0.0208334 257.815
5.14583 2 9.2 1013.58 -20.6 73 0 0 261.61
5.16667 2 9.5 1013.18 -20.5 73.5 0 0 259.804
5.1875 2 9.8 1012.79 -20.4 74 0 0 257.998
5.20833 2 10 1012.42 -20.15 74.5 0 0 246.106
5.22917 2 10.2 1012.05 -19.9 75 0 0 234.215
5.25 2 10.1 1012.33 -19.8 75 0 0 243.818
5.27083 2 10 1012.61 -19.7 75 0 0 253.421
5.29167 2 10.45 1012.41 -19.5 75.5 0 0 257.638
5.3125 2 10.9 1012.22 -19.3 76 0 0 261.856
5.33333 2 10.9 1012.38 -19.1 76 0 0 261.728
5.35417 2 10.9 1012.54 -18.9 76 0 0 261.6
5.375 2 10.6 1012.46 -18.75 76 0 0 252.608
5.39583 2 10.3 1012.38 -18.6 76 0 0 243.615
5.41667 2 10.25 1012.48 -18.5 76.5 0 0 240.712
5.4375 2 10.2 1012.58 -18.4 77 0 0 237.81
5.45833 2 10.05 1012.67 -18.5 77 0 0 221.074
5.47917 2 9.9 1012.76 -18.6 77 0 0 204.338
5.5 2 9.8 1012.78 -18.6 77 0 0 207.009
5.52083 2 9.7 1012.79 -18.6 77 0 0 209.681
5.54167 2 9.85 1012.86 -18.35 77 0 0 212.18
5.5625 2 10 1012.93 -18.1 77 0 0 214.678
5.58333 2 9.4 1013.09 -18.2 77 0 0 207.715
5.60417 2 8.8 1013.25 -18.3 77 0 0 200.751
5.625 2 9.45 1013.08 -17.95 77.5 0 0 211.041
5.64583 2 10.1 1012.91 -17.6 78 0 0 221.331
5.66667 2 9.75 1013.26 -17.4 78 0 0 230.65
5.6875 2 9.4 1013.61 -17.2 78 0 0 239.97
5.70833 2 9.55 1013.67 -17.1 78 0 0 238.345
5.72917 2 9.7 1013.74 -17 78 0 0 236.721
5.75 2 9.2 1013.88 -16.8 78 0 0 239.183
5.77083 2 8.7 1014.01 -16.6 78 0 0 241.645
5.79167 2 8.45 1014.28 -16.5 78 0 0.415583 237.965
5.8125 2 8.2 1014.55 -16.4 78 0 0.831167 234.285
5.83333 2 8.4 1014.77 -16.45 78 0 3.4755 235.476
5.85417 2 8.6 1014.99 -16.5 78 0 6.11983 236.667
5.875 2 8.65 1015.2 -16.55 77.5 0 12.1494 230.224
5.89583 2 8.7 1015.4 -16.6 77 0 18.179 223.78
5.91667 2 8.2 1015.54 -16.55 77 0 19.8263 232.725
5.9375 2 7.7 1015.68 -16.5 77 0 21.4735 241.669
5.95833 2 7.6 1015.72 -16.15 77.5 0 19.0319 248.652
5.97917 2 7.5 1015.77 -15.8 78 0 16.5903 255.636
6 2 7.25 1015.83 -15.35 78.5 0 12.323 262.6
6.02083 2 7 1015.88 -14.9 79 0 8.05567 269.564
6.04167 2 7.1 1015.85 -14.3 79.5 0 5.12617 276.369
6.0625 2 7.2 1015.82 -13.7 80 0 2.19667 283.174
6.08333 2 6.9 1015.89 -13.3 80.5 4.95425e-006 1.14925 280.296
6.10417 2 6.6 1015.95 -12.9 81 9.9085e-006 0.101833 277.417
6.125 2 5.8 1016.03 -12.55 81 9.9085e-006 0.0509165 279.546
6.14583 2 5 1016.1 -12.2 81 9.9085e-006 0 281.675
6.16667 2 5.65 1016.19 -12 81 9.9085e-006 0 281.344
6.1875 2 6.3 1016.28 -11.8 81 9.9085e-006 0 281.013
6.20833 2 6.55 1016.22 -11.7 81 9.9085e-006 0 279.105
6.22917 2 6.8 1016.15 -11.6 81 9.9085e-006 0 277.198
6.25 2 6.65 1016.17 -11.6 81.5 9.96967e-006 0 270.87
6.27083 2 6.5 1016.18 -11.6 82 1.00308e-005 0 264.543
6.29167 2 7.05 1016.21 -11.85 81.5 9.96967e-006 0 263.796
6.3125 2 7.6 1016.24 -12.1 81 9.9085e-006 0 263.048
6.33333 2 7.15 1016.39 -12.35 80.5 4.95425e-006 0 256.677
6.35417 2 6.7 1016.54 -12.6 80 0 0 250.306
6.375 2 7.25 1016.54 -12.9 80 0 0 242.075
6.39583 2 7.8 1016.54 -13.2 80 0 0 233.844
6.41667 2 8.3 1016.57 -13.4 79.5 0 0 241.773
6.4375 2 8.8 1016.59 -13.6 79 0 0 249.702
6.45833 2 8.5 1016.6 -13.75 79 0 0 251.884
6.47917 2 8.2 1016.62 -13.9 79 0 0 254.067
6.5 2 7.25 1016.72 -14 78.5 0 0 250.177
6.52083 2 6.3 1016.82 -14.1 78 0 0 246.288
6.54167 2 6.4 1016.59 -14.3 77.5 0 0 246.404
6.5625 2 6.5 1016.36 -14.5 77 0 0 246.519
6.58333 2 6.95 1016.38 -14.65 77 0 0 247.262
6.60417 2 7.4 1016.4 -14.8 77 0 0 248.004
6.625 2 7.2 1016.48 -15 76.5 0 0 246.108
6.64583 2 7 1016.56 -15.2 76 0 0 244.212
6.66667 2 7.4 1016.59 -15.45 76 0 0 242.54
6.6875 2 7.8 1016.62 -15.7 76 0 0 240.869
6.70833 2 7.75 1016.69 -15.9 75.5 0 0 234.637
6.72917 2 7.7 1016.76 -16.1 75 0 0 228.405
6.75 2 7.2 1016.8 -16.15 75 0 0 226.123
6.77083 2 6.7 1016.84 -16.2 75 0 0 223.841
6.79167 2 7 1016.92 -16.15 75 0 1.29559 231.9
6.8125 2 7.3 1016.99 -16.1 75 0 2.59117 239.959
6.83333 2 7.5 1016.9 -16.05 75 0 6.14517 241.216
6.85417 2 7.7 1016.8 -16 75 0 9.69917 242.474
6.875 2 7.35 1016.75 -16.15 75 0 20.5322 235.107
6.89583 2 7 1016.7 -16.3 75 0 31.3652 227.741
6.91667 2 6.8 1016.5 -16.4 75 0 37.1267 222.827
6.9375 2 6.6 1016.3 -16.5 75 0 42.8882 217.914
6.95833 2 6.4 1016.07 -16.55 75 0 40.906 215.9
6.97917 2 6.2 1015.83 -16.6 75 0 38.9238 213.886
7 2 5.95 1015.59 -16.65 75.5 0 28.1641 217.144
7.02083 2 5.7 1015.35 -16.7 76 0 17.4043 220.402
7.04167 2 6.3 1015.03 -16.6 76 0 10.532 221.633
7.0625 2 6.9 1014.72 -16.5 76 0 3.65967 222.864
7.08333 2 6.8 1014.32 -16.55 76.5 0 1.97184 220.145
7.10417 2 6.7 1013.92 -16.6 77 0 0.284 217.426
7.125 2 6.35 1013.88 -17 77.5 0 0.142 207.266
7.14583 2 6 1013.83 -17.4 78 0 0 197.106
7.16667 2 5.95 1013.47 -17.75 77.5 0 0 193.747
7.1875 2 5.9 1013.12 -18.1 77 0 0 190.389
7.20833 2 5.8 1012.82 -18.55 76.5 0 0 191.905
7.22917 2 5.7 1012.52 -19 76 0 0 193.42
7.25 2 6.15 1012.13 -18.9 76 0 0 199.048
7.27083 2 6.6 1011.73 -18.8 76 0 0 204.675
7.29167 2 6.45 1011.51 -18.8 76 0 0 204.629
7.3125 2 6.3 1011.28 -18.8 76 0 0 204.583
7.33333 2 6.55 1010.92 -18.75 76 0 0 207.452
7.35417 2 6.8 1010.55 -18.7 76 0 0 210.322
7.375 2 6.5 1010.62 -18.75 75.5 0 0 206.877
7.39583 2 6.2 1010.69 -18.8 75 0 0 203.432
7.41667 2 6.05 1010.65 -19.2 74 0 0 199.992
7.4375 2 5.9 1010.6 -19.6 73 0 0 196.553
7.45833 2 6.05 1010.35 -19.85 72.5 0 0 195.117
7.47917 2 6.2 1010.11 -20.1 72 0 0 193.682
7.5 2 5.75 1009.89 -20.45 72 0 0 193.805
7.52083 2 5.3 1009.66 -20.8 72 0 0 193.927
7.54167 2 4.65 1009.58 -21.3 71 0 0 193.701
7.5625 2 4 1009.5 -21.8 70 0 0 193.474
7.58333 2 3.6 1009.39 -22.1 69.5 0 0 194.035
7.60417 2 3.2 1009.27 -22.4 69 0 0 194.597
7.625 2 3.25 1009.34 -22.55 68.5 0 0 194.544
7.64583 2 3.3 1009.4 -22.7 68 0 0 194.491
7.66667 2 2.6 1009.47 -22.9 68 0 0 194.43
7.6875 2 1.9 1009.54 -23.1 68 0 0 194.37
7.70833 2 2.5 1009.51 -23.15 67.5 0 0 193.633
7.72917 2 3.1 1009.47 -23.2 67 0 0 192.895
7.75 2 2.8 1009.51 -23.4 66.5 0 0.0134166 192.34
7.77083 2 2.5 1009.54 -23.6 66 0 0.0268333 191.784
7.79167 2 2.9 1009.53 -21.75 70.5 0 2.44875 193.297
7.8125 2 3.3 1009.51 -19.9 75 0 4.87067 194.81
7.83333 2 3.45 1009.64 -18.6 77.5 0 11.1224 195.206
7.85417 2 3.6 1009.77 -17.3 80 0 17.3742 195.603
7.875 2 3.9 1009.71 -17.05 80 0 26.6071 196.036
7.89583 2 4.2 1009.66 -16.8 80 0 35.84 196.469
7.91667 2 4.3 1009.52 -16.7 80.5 4.95425e-006 40.4633 196.426
7.9375 2 4.4 1009.38 -16.6 81 9.9085e-006 45.0867 196.383
7.95833 2 4.4 1009.2 -16.6 81 9.9085e-006 42.7395 195.49
7.97917 2 4.4 1009.02 -16.6 81 9.9085e-006 40.3923 194.597
8 2 4.6 1008.71 -16.55 81 9.9085e-006 31.3645 193.784
8.02083 2 4.8 1008.39 -16.5 81 9.9085e-006 22.3368 192.971
8.04167 2 5.15 1008.01 -16.4 81 9.9085e-006 14.3462 191.939
8.0625 2 5.5 1007.62 -16.3 81 9.9085e-006 6.35567 190.908
8.08333 2 5.35 1007.67 -16.6 80 4.95425e-006 3.31875 193.107
8.10417 2 5.2 1007.73 -16.9 79 0 0.281833 195.306
8.125 2 4.75 1007.73 -17 79.5 0 0.140916 197.255
8.14583 2 4.3 1007.73 -17.1 80 0 0 199.204
8.16667 2 3.85 1007.43 -17.3 80.5 4.95425e-006 0 197.408
8.1875 2 3.4 1007.14 -17.5 81 9.9085e-006 0 195.611
8.20833 2 3.4 1007.08 -17.5 81 9.9085e-006 0 213.042
8.22917 2 3.4 1007.02 -17.5 81 9.9085e-006 0 230.474
8.25 2 3.9 1006.72 -17.5 81 9.9085e-006 0 210.871
8.27083 2 4.4 1006.42 -17.5 81 9.9085e-006 0 191.268
8.29167 2 4.6 1006.35 -17.65 80.5 4.95425e-006 0 190.926
8.3125 2 4.8 1006.28 -17.8 80 0 0 190.583
8.33333 2 4.5 1006.34 -18 80 0 0 188.673
8.35417 2 4.2 1006.41 -18.2 80 0 0 186.764
8.375 2 3.55 1006.91 -18.45 79.5 0 0 189.444
8.39583 2 2.9 1007.41 -18.7 79 0 0 192.124
8.41667 2 4.05 1007.05 -18.95 78 0 0 188.137
8.4375 2 5.2 1006.7 -19.2 77 0 0 184.15
8.45833 2 4.3 1007.04 -19.3 77 0 0 183.025
8.47917 2 3.4 1007.37 -19.4 77 0 0 181.899
8.5 2 3.9 1007.56 -19.9 75.5 0 0 182.146
8.52083 2 4.4 1007.75 -20.4 74 0 0 182.394
8.54167 2 5.1 1007.44 -19.95 74.5 0 0 184.068
8.5625 2 5.8 1007.13 -19.5 75 0 0 185.743
8.58333 2 4.95 1007.36 -19.85 75 0 0 183.768
8.60417 2 4.1 1007.6 -20.2 75 0 0 181.793
8.625 2 4.05 1007.88 -20.65 74 0 0 180.67
8.64583 2 4 1008.16 -21.1 73 0 0 179.547
8.66667 2 3.9 1008.44 -21.25 72.5 0 0 179.831
8.6875 2 3.8 1008.72 -21.4 72 0 0 180.115
8.70833 2 4.1 1008.51 -21.65 72 0 0 181.03
8.72917 2 4.4 1008.29 -21.9 72 0 0 181.944
8.75 2 4.95 1007.81 -21.25 72.5 0 -0.0076271 185.754
8.77083 2 5.5 1007.33 -20.6 73 0 -0.0152542 189.563
8.79167 2 4.7 1007.72 -20 75.5 0 1.36079 202.179
8.8125 2 3.9 1008.11 -19.4 78 0 2.73683 214.795
8.83333 2 4.05 1008.13 -19.05 78.5 0 8.25827 224.324
8.85417 2 4.2 1008.15 -18.7 79 0 13.7797 233.853
8.875 2 4.75 1008.2 -18.15 79.5 0 20.4952 237.152
8.89583 2 5.3 1008.24 -17.6 80 0 27.2107 240.451
8.91667 2 4.9 1008.31 -17.35 80 0 28.8313 246.236
8.9375 2 4.5 1008.38 -17.1 80 0 30.452 252.021
8.95833 2 4.9 1008.09 -17 80 0 28.7441 254.382
8.97917 2 5.3 1007.81 -16.9 80 0 27.0362 256.742
9 2 6.1 1007.36 -16.75 80.5 4.95425e-006 20.5647 258.763
9.02083 2 6.9 1006.92 -16.6 81 9.9085e-006 14.0932 260.783
9.04167 2 6.75 1007.09 -16.55 81 9.9085e-006 9.04835 260.973
9.0625 2 6.6 1007.27 -16.5 81 9.9085e-006 4.0035 261.163
9.08333 2 6.55 1007.13 -16.5 81 9.9085e-006 2.17217 263.193
9.10417 2 6.5 1006.98 -16.5 81 9.9085e-006 0.340833 265.223
9.125 2 6.45 1006.9 -16.5 81 9.9085e-006 0.170417 265.787
9.14583 2 6.4 1006.81 -16.5 81 9.9085e-006 0 266.351
9.16667 2 6.9 1006.77 -16.5 80.5 4.95425e-006 0 267.445
9.1875 2 7.4 1006.73 -16.5 80 0 0 268.539
9.20833 2 6.7 1006.9 -16.45 80 0 0 263.861
9.22917 2 6 1007.06 -16.4 80 0 0 259.182
9.25 2 5.5 1006.96 -16.35 80 0 0 259.715
9.27083 2 5 1006.87 -16.3 80 0 0 260.247
9.29167 2 4.95 1006.75 -16.25 80 0 0 262.461
9.3125 2 4.9 1006.63 -16.2 80 0 0 264.675
9.33333 2 5.2 1006.42 -16 79.5 0 0 265.336
9.35417 2 5.5 1006.21 -15.8 79 0 0 265.996
9.375 2 5.35 1006.39 -15.65 79 0 0 265.086
9.39583 2 5.2 1006.56 -15.5 79 0 0 264.175
9.41667 2 5.3 1006.64 -15.45 79 0 0 256.743
9.4375 2 5.4 1006.72 -15.4 79 0 0 249.312
9.45833 2 5.4 1006.9 -15.35 79 0 0 255.309
9.47917 2 5.4 1007.07 -15.3 79 0 0 261.306
9.5 2 5 1006.91 -15.2 79 0 0 262.706
9.52083 2 4.6 1006.74 -15.1 79 0 0 264.107
9.54167 2 4.55 1006.52 -15.05 80 4.95425e-006 0 253.783
9.5625 2 4.5 1006.3 -15 81 9.9085e-006 0 243.458
9.58333 2 4.4 1006.04 -15.15 82.5 1.0092e-005 0 237.007
9.60417 2 4.3 1005.77 -15.3 84 1.02755e-005 0 230.556
9.625 2 3.75 1005.68 -15.55 83.5 1.02143e-005 0 232.807
9.64583 2 3.2 1005.58 -15.8 83 1.01531e-005 0 235.059
9.66667 2 3.95 1005.53 -15.6 83 1.01531e-005 0 237.554
9.6875 2 4.7 1005.47 -15.4 83 1.01531e-005 0 240.049
9.70833 2 5.15 1005.66 -15.1 83.5 1.02143e-005 0 244.382
9.72917 2 5.6 1005.84 -14.8 84 1.02755e-005 0 248.715
9.75 2 5.25 1005.68 -14.8 83.5 1.02143e-005 0.0394166 234.49
9.77083 2 4.9 1005.52 -14.8 83 1.01531e-005 0.0788333 220.264
9.79167 2 3.9 1005.17 -15.55 82 1.00308e-005 1.85358 213.32
9.8125 2 2.9 1004.82 -16.3 81 9.9085e-006 3.62833 206.376
9.83333 2 2.95 1004.77 -16.5 82 1.00308e-005 8.95191 212.576
9.85417 2 3 1004.72 -16.7 83 1.01531e-005 14.2755 218.776
9.875 2 2.45 1004.7 -16.5 82.5 1.0092e-005 19.5363 223.468
9.89583 2 1.9 1004.68 -16.3 82 1.00308e-005 24.797 228.16
9.91667 2 1.25 1004.77 -15.8 82 1.00308e-005 31.3403 237.19
9.9375 2 0.6 1004.86 -15.3 82 1.00308e-005 37.8835 246.22
9.95833 2 0.3 1004.74 -15 82 1.00308e-005 35.9654 246.926
9.97917 2 0 1004.62 -14.7 82 1.00308e-005 34.0473 247.631
10 2 0 1004.6 -14.45 82 1.00308e-005 27.4053 250.383
10.0208 2 0 1004.58 -14.2 82 1.00308e-005 20.7632 253.134
10.0417 2 0.8 1004.4 -14.05 83 1.01532e-005 13.5519 255.1
10.0625 2 1.6 1004.22 -13.9 84 1.02755e-005 6.3405 257.066
10.0833 2 1.6 1004.28 -13.8 84 1.02755e-005 3.53375 255.82
10.1042 2 1.6 1004.35 -13.7 84 1.02755e-005 0.727 254.573
10.125 2 1.2 1004.3 -13.55 84 1.02755e-005 0.3635 255.116
10.1458 2 0.8 1004.25 -13.4 84 1.02755e-005 0 255.659
10.1667 2 0.4 1004.02 -13.4 84 1.02755e-005 0 252.699
10.1875 2 0 1003.78 -13.4 84 1.02755e-005 0 249.738
10.2083 2 0 1003.88 -13.15 84 1.02755e-005 0 253.755
10.2292 2 0 1003.97 -12.9 84 1.02755e-005 0 257.771
10.25 2 1.05 1003.91 -12.85 84 1.02755e-005 0 258.132
10.2708 2 2.1 1003.85 -12.8 84 1.02755e-005 0 258.493
10.2917 2 1.6 1003.65 -12.75 84 1.02755e-005 0 257.388
10.3125 2 1.1 1003.45 -12.7 84 1.02755e-005 0 256.284
10.3333 2 0.65 1003.38 -12.8 84 1.02755e-005 0 253.824
10.3542 2 0.2 1003.3 -12.9 84 1.02755e-005 0 251.363
10.375 2 0.1 1003.5 -12.9 84 1.02755e-005 0 255.117
10.3958 2 0 1003.7 -12.9 84 1.02755e-005 0 258.87
10.4167 2 0 1003.77 -12.8 84.5 1.03366e-005 0 259.349
10.4375 2 0 1003.83 -12.7 85 1.03978e-005 0 259.827
10.4583 2 0 1003.75 -12.6 85 1.03978e-005 0 260.328
10.4792 2 0 1003.67 -12.5 85 1.03978e-005 0 260.83
10.5 2 0 1003.56 -12.5 85 1.03978e-005 0 260.454
10.5208 2 0 1003.45 -12.5 85 1.03978e-005 0 260.078
10.5417 2 0 1003.21 -12.5 85 1.03978e-005 0 257.964
10.5625 2 0 1002.98 -12.5 85 1.03978e-005 0 255.849
10.5833 2 0 1002.92 -12.9 84 1.02755e-005 0 248.617
10.6042 2 0 1002.87 -13.3 83 1.01531e-005 0 241.385
10.625 2 0 1002.88 -13.35 83 1.01531e-005 0 246.026
10.6458 2 0 1002.89 -13.4 83 1.01531e-005 0 250.668
10.6667 2 0 1002.92 -13.05 83 1.01531e-005 0 254.406
10.6875 2 0 1002.94 -12.7 83 1.01531e-005 0 258.144
10.7083 2 0 1002.95 -12.8 83 1.01531e-005 0 257.404
10.7292 2 0 1002.95 -12.9 83 1.01531e-005 0 256.663
10.75 2 0 1003.02 -13.05 83 1.01531e-005 0.0439167 255.462
10.7708 2 0 1003.08 -13.2 83 1.01531e-005 0.0878333 254.261
10.7917 2 0.45 1003.08 -13.5 83 1.01531e-005 2.31717 252.573
10.8125 2 0.9 1003.07 -13.8 83 1.01531e-005 4.5465 250.885
10.8333 2 1.35 1003.09 -14.3 84 1.02755e-005 12.9579 248.815
10.8542 2 1.8 1003.12 -14.8 85 1.03978e-005 21.3693 246.745
10.875 2 1 1003 -15.25 84 1.02755e-005 29.1993 241.626
10.8958 2 0.2 1002.88 -15.7 83 1.01531e-005 37.0292 236.508
10.9167 2 0.1 1002.77 -16.1 82.5 1.0092e-005 36.9061 231.302
10.9375 2 0 1002.65 -16.5 82 1.00308e-005 36.783 226.096
10.9583 2 0 1002.86 -16.75 81.5 9.96967e-006 37.7403 227.368
10.9792 2 0 1003.07 -17 81 9.9085e-006 38.6977 228.64
11 2 0 1003.26 -17 80 4.95425e-006 32.0502 234.775
11.0208 2 0 1003.45 -17 79 0 25.4027 240.911
11.0417 2 1.15 1003.2 -17.2 78.5 0 16.7719 238.965
11.0625 2 2.3 1002.95 -17.4 78 0 8.141 237.019
11.0833 2 2.1 1002.89 -17.4 78 0 4.39558 238.151
11.1042 2 1.9 1002.82 -17.4 78 0 0.650167 239.284
11.125 2 1.65 1002.6 -17.5 78 0 0.325083 238.248
11.1458 2 1.4 1002.38 -17.6 78 0 0 237.212
11.1667 2 1.1 1002.37 -17.65 78 0 0 238.779
11.1875 2 0.8 1002.36 -17.7 78 0 0 240.346
11.2083 2 0.55 1002.33 -17.65 77.5 0 0 240.875
11.2292 2 0.3 1002.31 -17.6 77 0 0 241.405
11.25 2 0.15 1002.27 -17.65 77 0 0 243.227
11.2708 2 0 1002.22 -17.7 77 0 0 245.048
11.2917 2 0.2 1002.3 -17.55 77 0 0 245.265
11.3125 2 0.4 1002.38 -17.4 77 0 0 245.482
11.3333 2 0.2 1002.35 -17.55 77 0 0 246.149
11.3542 2 0 1002.33 -17.7 77 0 0 246.816
11.375 2 0 1002.29 -17.6 77 0 0 248.559
11.3958 2 0 1002.25 -17.5 77 0 0 250.301
11.4167 2 0 1002.28 -17.5 77 0 0 249.286
11.4375 2 0 1002.3 -17.5 77 0 0 248.271
11.4583 2 0 1002.23 -17.4 77.5 0 0 249.365
11.4792 2 0 1002.17 -17.3 78 0 0 250.459
11.5 2 0 1002.02 -17.15 78 0 0 251.705
11.5208 2 0 1001.87 -17 78 0 0 252.951
11.5417 2 0 1001.84 -16.65 78.5 0 0 253.852
11.5625 2 0 1001.81 -16.3 79 0 0 254.752
11.5833 2 0 1001.65 -16.1 79 0 0 254.583
11.6042 2 0 1001.48 -15.9 79 0 0 254.415
11.625 2 0 1001.39 -15.75 79 0 0 251.943
11.6458 2 0 1001.29 -15.6 79 0 0 249.47
11.6667 2 0 1001.28 -15.6 79.5 0 0 248.393
11.6875 2 0 1001.27 -15.6 80 0 0 247.317
11.7083 2 0 1001.3 -15.5 79.5 0 0 249.235
11.7292 2 0 1001.33 -15.4 79 0 0 251.153
11.75 2 0 1001.48 -15.2 79.5 0 0.0889165 251.241
11.7708 2 0 1001.64 -15 80 0 0.177833 251.329
11.7917 2 0 1001.8 -15 80 0 2.3255 252.662
11.8125 2 0 1001.97 -15 80 0 4.47317 253.995
11.8333 2 0 1002.01 -14.95 80 0 10.7575 252.551
11.8542 2 0 1002.05 -14.9 80 0 17.0418 251.107
11.875 2 0 1002.04 -14.9 80 0 21.3541 247.632
11.8958 2 0 1002.04 -14.9 80 0 25.6665 244.157
11.9167 2 0.8 1002.17 -15.2 79.5 0 30.4774 244.47
11.9375 2 1.6 1002.3 -15.5 79 0 35.2883 244.783
11.9583 2 1.6 1002.28 -15.35 79.5 0 35.8582 245.328
11.9792 2 1.6 1002.25 -15.2 80 0 36.428 245.874
12 2 1.8 1002.27 -15.1 80 0 28.9932 246.962
12.0208 2 2 1002.28 -15 80 0 21.5583 248.05
12.0417 2 2.5 1002.22 -14.9 80 0 15.2079 247.573
12.0625 2 3 1002.16 -14.8 80 0 8.8575 247.096
12.0833 2 3 1002.13 -14.9 80 0 4.97 245.453
12.1042 2 3 1002.09 -15 80 0 1.0825 243.811
12.125 2 3.45 1002.23 -15.25 79.5 0 0.54125 243.482
12.1458 2 3.9 1002.37 -15.5 79 0 0 243.152
12.1667 2 3.95 1002.42 -15.8 79 0 0 234.396
12.1875 2 4 1002.46 -16.1 79 0 0 225.639
12.2083 2 3.55 1002.59 -16.15 78.5 0 0 228.561
12.2292 2 3.1 1002.71 -16.2 78 0 0 231.483
12.25 2 3.1 1002.82 -15.95 78.5 0 0 232.762
12.2708 2 3.1 1002.92 -15.7 79 0 0 234.04
12.2917 2 3.3 1002.97 -15.9 78.5 0 0 230.981
12.3125 2 3.5 1003.03 -16.1 78 0 0 227.922
12.3333 2 3.55 1003.09 -16.3 77.5 0 0 231.656
12.3542 2 3.6 1003.16 -16.5 77 0 0 235.39
12.375 2 3.25 1003.32 -16.2 78 0 0 241.842
12.3958 2 2.9 1003.49 -15.9 79 0 0 248.294
12.4167 2 3.35 1003.49 -15.75 78.5 0 0 249.057
12.4375 2 3.8 1003.5 -15.6 78 0 0 249.82
12.4583 2 4.15 1003.55 -15.6 78 0 0 250.147
12.4792 2 4.5 1003.59 -15.6 78 0 0 250.474
12.5 2 4.4 1003.61 -15.6 78 0 0 249.751
12.5208 2 4.3 1003.63 -15.6 78 0 0 249.028
12.5417 2 4.15 1003.67 -15.7 78 0 0 247.322
12.5625 2 4 1003.72 -15.8 78 0 0 245.616
12.5833 2 4.4 1003.72 -15.8 78 0 0 245.403
12.6042 2 4.8 1003.72 -15.8 78 0 0 245.19
12.625 2 5.25 1003.72 -15.9 78 0 0 246.185
12.6458 2 5.7 1003.73 -16 78 0 0 247.18
12.6667 2 5.85 1003.87 -16.05 78.5 0 0 247.801
12.6875 2 6 1004.01 -16.1 79 0 0 248.422
12.7083 2 5.85 1004.17 -16.15 78.5 0 0 247.961
12.7292 2 5.7 1004.33 -16.2 78 0 0 247.5
12.75 2 5.65 1004.47 -16.3 77.5 0 0.163 246.66
12.7708 2 5.6 1004.62 -16.4 77 0 0.326 245.821
12.7917 2 5.6 1004.88 -16.45 77 0 3.18684 246.791
12.8125 2 5.6 1005.13 -16.5 77 0 6.04767 247.761
12.8333 2 5.8 1005.29 -16.4 77 0 12.9268 248.225
12.8542 2 6 1005.44 -16.3 77 0 19.806 248.689
12.875 2 6.3 1005.61 -16.2 77 0 26.0786 249.579
12.8958 2 6.6 1005.78 -16.1 77 0 32.3512 250.47
12.9167 2 6.8 1005.83 -16.1 77 0 37.4501 249.444
12.9375 2 7 1005.87 -16.1 77 0 42.549 248.418
12.9583 2 7 1005.77 -16.2 77 0 41.6788 245.093
12.9792 2 7 1005.66 -16.3 77 0 40.8087 241.768
13 2 6.35 1005.78 -16.35 77 0 35.3264 239.76
13.0208 2 5.7 1005.91 -16.4 77 0 29.844 237.752
13.0417 2 5.35 1006.01 -16.5 76.5 0 19.7472 236.657
13.0625 2 5 1006.1 -16.6 76 0 9.65033 235.562
13.0833 2 4.9 1006.09 -16.75 76 0 5.2925 236.469
13.1042 2 4.8 1006.09 -16.9 76 0 0.934666 237.375
13.125 2 4.85 1006.18 -16.9 76.5 0 0.467333 241.61
13.1458 2 4.9 1006.26 -16.9 77 0 0 245.845
13.1667 2 5.65 1006.31 -16.95 76.5 0 0 242.385
13.1875 2 6.4 1006.36 -17 76 0 0 238.926
13.2083 2 6.2 1006.23 -17.4 75.5 0 0 232.888
13.2292 2 6 1006.1 -17.8 75 0 0 226.851
13.25 2 6.6 1006.07 -17.6 75 0 0 237.87
13.2708 2 7.2 1006.03 -17.4 75 0 0 248.89
13.2917 2 7.25 1006.47 -17.35 74.5 0 0 247.309
13.3125 2 7.3 1006.9 -17.3 74 0 0 245.728
13.3333 2 7.4 1007.05 -17.7 74 0 0 241.311
13.3542 2 7.5 1007.2 -18.1 74 0 0 236.893
13.375 2 7.2 1007.38 -18.25 74.5 0 0 239.07
13.3958 2 6.9 1007.55 -18.4 75 0 0 241.248
13.4167 2 6.6 1007.57 -18.55 75 0 0 236.187
13.4375 2 6.3 1007.59 -18.7 75 0 0 231.126
13.4583 2 6.1 1007.44 -18.85 75 0 0 224.444
13.4792 2 5.9 1007.28 -19 75 0 0 217.761
13.5 2 6.05 1007.16 -19 74.5 0 0 217.012
13.5208 2 6.2 1007.03 -19 74 0 0 216.263
13.5417 2 5.7 1006.92 -19.15 74 0 0 211.965
13.5625 2 5.2 1006.81 -19.3 74 0 0 207.667
13.5833 2 5.4 1006.91 -19.45 73.5 0 0 205.273
13.6042 2 5.6 1007.01 -19.6 73 0 0 202.88
13.625 2 5 1007.1 -19.75 73 0 0 209.505
13.6458 2 4.4 1007.19 -19.9 73 0 0 216.129
13.6667 2 4.9 1007.22 -19.7 73.5 0 0 220.713
13.6875 2 5.4 1007.26 -19.5 74 0 0 225.297
13.7083 2 6 1007.3 -19.25 74.5 0 0 223.099
13.7292 2 6.6 1007.34 -19 75 0 0 220.901
13.75 2 6.55 1007.34 -19.2 75 0 0.161084 215.59
13.7708 2 6.5 1007.33 -19.4 75 0 0.322167 210.28
13.7917 2 6.5 1007.31 -19.45 74.5 0 3.57875 216.963
13.8125 2 6.5 1007.29 -19.5 74 0 6.83533 223.646
13.8333 2 6.35 1007.43 -19.6 74.5 0 14.5701 213.416
13.8542 2 6.2 1007.57 -19.7 75 0 22.3048 203.186
13.875 2 5.3 1007.63 -20.15 74.5 0 39.8666 202.339
13.8958 2 4.4 1007.69 -20.6 74 0 57.4283 201.492
13.9167 2 4.95 1007.7 -20.1 74 0 59.5693 204.433
13.9375 2 5.5 1007.71 -19.6 74 0 61.7103 207.374
13.9583 2 6.05 1007.68 -19.25 74.5 0 50.3375 218.234
13.9792 2 6.6 1007.65 -18.9 75 0 38.9647 229.095
14 2 6.3 1007.76 -18.95 74.5 0 31.0515 229.962
14.0208 2 6 1007.87 -19 74 0 23.1383 230.83
14.0417 2 5.95 1007.78 -18.95 74.5 0 15.8275 230.996
14.0625 2 5.9 1007.68 -18.9 75 0 8.51667 231.162
14.0833 2 6.2 1007.64 -18.7 75 0 5.00858 235.435
14.1042 2 6.5 1007.6 -18.5 75 0 1.5005 239.708
14.125 2 6.5 1007.57 -18.35 74.5 0 0.75025 240.44
14.1458 2 6.5 1007.55 -18.2 74 0 0 241.172
14.1667 2 6.35 1007.54 -18.05 74 0 0 240.109
14.1875 2 6.2 1007.54 -17.9 74 0 0 239.046
14.2083 2 6.1 1007.58 -17.9 74 0 0 238.066
14.2292 2 6 1007.62 -17.9 74 0 0 237.085
14.25 2 5.65 1007.64 -17.9 74.5 0 0 236.061
14.2708 2 5.3 1007.66 -17.9 75 0 0 235.036
14.2917 2 5.25 1007.72 -17.95 75 0 0 236.356
14.3125 2 5.2 1007.79 -18 75 0 0 237.676
14.3333 2 5 1007.95 -18 74.5 0 0 234.987
14.3542 2 4.8 1008.12 -18 74 0 0 232.299
14.375 2 4.5 1008.14 -18.3 74 0 0 226.216
14.3958 2 4.2 1008.16 -18.6 74 0 0 220.134
14.4167 2 3.9 1008.2 -18.65 74.5 0 0 223.112
14.4375 2 3.6 1008.25 -18.7 75 0 0 226.09
14.4583 2 3.5 1008.22 -18.9 74.5 0 0 220.557
14.4792 2 3.4 1008.19 -19.1 74 0 0 215.025
14.5 2 3.5 1008.14 -19.45 74 0 0 208.862
14.5208 2 3.6 1008.09 -19.8 74 0 0 202.699
14.5417 2 3.85 1008.09 -20.4 74 0 0 201.626
14.5625 2 4.1 1008.08 -21 74 0 0 200.554
14.5833 2 4.3 1007.98 -21.5 74 0 0 189.955
14.6042 2 4.5 1007.89 -22 74 0 0 179.356
14.625 2 4.55 1007.85 -22.1 74.5 0 0 175.159
14.6458 2 4.6 1007.81 -22.2 75 0 0 170.961
14.6667 2 4.6 1007.8 -22.55 75 0 0 170.429
14.6875 2 4.6 1007.8 -22.9 75 0 0 169.897
14.7083 2 4.65 1007.73 -23.85 73 0 0 169.749
14.7292 2 4.7 1007.66 -24.8 71 0 0 169.601
14.75 2 4.5 1007.76 -24.85 71.5 0 0.4705 169.471
14.7708 2 4.3 1007.86 -24.9 72 0 0.941 169.342
14.7917 2 4.35 1007.95 -25.05 72.5 0 5.04108 169.304
14.8125 2 4.4 1008.03 -25.2 73 0 9.14117 169.266
14.8333 2 4.15 1008.15 -25 73.5 0 21.3132 169.148
14.8542 2 3.9 1008.27 -24.8 74 0 33.4852 169.031
14.875 2 3.85 1008.31 -24.9 74 0 54.3563 169.063
14.8958 2 3.8 1008.34 -25 74 0 75.2275 169.095
14.9167 2 3.4 1008.26 -24.7 74.5 0 76.7551 180.953
14.9375 2 3 1008.17 -24.4 75 0 78.2828 192.812
14.9583 2 2.65 1007.95 -22.55 77 0 66.8777 207.516
14.9792 2 2.3 1007.73 -20.7 79 0 55.4727 222.219
15 2 1.6 1007.68 -20.1 80 4.95425e-006 44.5344 226.975
15.0208 2 0.9 1007.64 -19.5 81 9.9085e-006 33.5962 231.732
15.0417 2 0.45 1007.8 -19.15 82 1.00308e-005 22.3242 233.343
15.0625 2 0 1007.97 -18.8 83 1.01531e-005 11.0522 234.954
15.0833 2 0.7 1007.87 -18.5 81.5 5.07657e-006 6.72635 235.101
15.1042 2 1.4 1007.77 -18.2 80 0 2.4005 235.248
15.125 2 1.9 1007.63 -18.05 79.5 0 1.20025 235.569
15.1458 2 2.4 1007.49 -17.9 79 0 0 235.889
15.1667 2 2.4 1007.47 -17.9 79 0 0 235.567
15.1875 2 2.4 1007.46 -17.9 79 0 0 235.245
15.2083 2 2.55 1007.42 -17.9 79 0 0 236.62
15.2292 2 2.7 1007.37 -17.9 79 0 0 237.996
15.25 2 2.75 1007.32 -18 79 0 0 238.004
15.2708 2 2.8 1007.26 -18.1 79 0 0 238.011
15.2917 2 2.9 1007.13 -18.1 78.5 0 0 238.375
15.3125 2 3 1007 -18.1 78 0 0 238.739
15.3333 2 2.95 1006.95 -17.95 78 0 0 238.801
15.3542 2 2.9 1006.9 -17.8 78 0 0 238.864
15.375 2 2.8 1006.84 -17.55 78 0 0 239.622
15.3958 2 2.7 1006.78 -17.3 78 0 0 240.381
15.4167 2 2.8 1006.79 -17.1 78.5 0 0 240.633
15.4375 2 2.9 1006.79 -16.9 79 0 0 240.886
15.4583 2 2.85 1006.7 -16.6 80 4.95425e-006 0 241.675
15.4792 2 2.8 1006.61 -16.3 81 9.9085e-006 0 242.464
15.5 2 2 1006.5 -16 81.5 9.96967e-006 0 242.846
15.5208 2 1.2 1006.39 -15.7 82 1.00308e-005 0 243.228
15.5417 2 1.45 1006.43 -15.6 82 1.00308e-005 0 242.283
15.5625 2 1.7 1006.47 -15.5 82 1.00308e-005 0 241.337
15.5833 2 1.8 1006.49 -15.85 81.5 9.96967e-006 0 239.984
15.6042 2 1.9 1006.52 -16.2 81 9.9085e-006 0 238.632
15.625 2 1.8 1006.52 -16.4 80.5 4.95425e-006 0 239.212
15.6458 2 1.7 1006.52 -16.6 80 0 0 239.792
15.6667 2 1.9 1006.66 -16.5 80 0 0 240.935
15.6875 2 2.1 1006.79 -16.4 80 0 0 242.077
15.7083 2 2.1 1007.02 -16.3 80.5 4.95425e-006 0 242.169
15.7292 2 2.1 1007.24 -16.2 81 9.9085e-006 0 242.262
15.75 2 1.55 1007.45 -16.2 81.5 9.96967e-006 0.39225 242.903
15.7708 2 1 1007.67 -16.2 82 1.00308e-005 0.7845 243.544
15.7917 2 1.9 1007.78 -16.05 81 5.01542e-006 4.73692 245.885
15.8125 2 2.8 1007.88 -15.9 80 0 8.68933 248.226
15.8333 2 3.85 1008.13 -15.35 80 0 16.7561 248.878
15.8542 2 4.9 1008.37 -14.8 80 0 24.8228 249.529
15.875 2 5 1008.62 -14.95 79.5 0 30.4182 245.513
15.8958 2 5.1 1008.87 -15.1 79 0 36.0137 241.497
15.9167 2 5.2 1008.98 -15.1 79.5 0 37.7937 244.378
15.9375 2 5.3 1009.1 -15.1 80 0 39.5737 247.26
15.9583 2 5.3 1009.16 -15 81.5 5.07657e-006 43.6575 246.848
15.9792 2 5.3 1009.23 -14.9 83 1.01531e-005 47.7413 246.436
16 2 5.15 1009.3 -14.95 82 1.00308e-005 46.7882 245.202
16.0208 2 5 1009.38 -15 81 9.9085e-006 45.8352 243.967
16.0417 2 5.15 1009.56 -15 81 9.9085e-006 33.383 245.835
16.0625 2 5.3 1009.74 -15 81 9.9085e-006 20.9308 247.703
16.0833 2 5.6 1009.83 -15.1 79.5 4.95425e-006 11.7604 247.12
16.1042 2 5.9 1009.93 -15.2 78 0 2.59 246.536
16.125 2 5.95 1010.04 -15.45 78 0 1.29608 244.51
16.1458 2 6 1010.14 -15.7 78 0 0.00216667 242.485
16.1667 2 5.25 1010.32 -16.15 77.5 0 0.00108334 233.038
16.1875 2 4.5 1010.5 -16.6 77 0 0 223.59
16.2083 2 4.75 1010.56 -16.45 77 0 0 226.372
16.2292 2 5 1010.62 -16.3 77 0 0 229.155
16.25 2 5.5 1010.71 -16.15 76.5 0 0 236.074
16.2708 2 6 1010.81 -16 76 0 0 242.993
16.2917 2 6.1 1010.91 -16.2 75.5 0 0 242.133
16.3125 2 6.2 1011.01 -16.4 75 0 0 241.272
16.3333 2 6.2 1011.16 -16.65 74.5 0 0 240.783
16.3542 2 6.2 1011.3 -16.9 74 0 0 240.294
16.375 2 5.9 1011.38 -17.05 74 0 0 240.55
16.3958 2 5.6 1011.46 -17.2 74 0 0 240.806
16.4167 2 5.65 1011.66 -17.45 73.5 0 0 240.43
16.4375 2 5.7 1011.85 -17.7 73 0 0 240.053
16.4583 2 5.6 1011.94 -18 72.5 0 0 239.813
16.4792 2 5.5 1012.03 -18.3 72 0 0 239.572
16.5 2 5.35 1012.04 -18.4 72 0 0 239.264
16.5208 2 5.2 1012.04 -18.5 72 0 0 238.956
16.5417 2 5.65 1012.15 -18.5 72 0 0 239.218
16.5625 2 6.1 1012.25 -18.5 72 0 0 239.48
16.5833 2 6.15 1012.35 -18.6 72 0 0 239.463
16.6042 2 6.2 1012.45 -18.7 72 0 0 239.446
16.625 2 6.1 1012.43 -18.8 71.5 0 0 238.499
16.6458 2 6 1012.42 -18.9 71 0 0 237.553
16.6667 2 5.65 1012.64 -19.05 70.5 0 0 237.73
16.6875 2 5.3 1012.86 -19.2 70 0 0 237.907
16.7083 2 5.05 1012.86 -19.2 70.5 0 0 237.706
16.7292 2 4.8 1012.86 -19.2 71 0 0 237.504
16.75 2 4.9 1012.93 -19.3 70.5 0 0.67275 236.877
16.7708 2 5 1013 -19.4 70 0 1.3455 236.25
16.7917 2 5.1 1012.98 -19.45 70 0 7.422 235.003
16.8125 2 5.2 1012.97 -19.5 70 0 13.4985 233.755
16.8333 2 4.8 1013.14 -19.55 71 0 29.6306 229.924
16.8542 2 4.4 1013.31 -19.6 72 0 45.7627 226.094
16.875 2 4.15 1013.42 -19.7 72 0 69.156 224.052
16.8958 2 3.9 1013.53 -19.8 72 0 92.5493 222.011
16.9167 2 3.9 1013.52 -20.1 72.5 0 97.2792 212.836
16.9375 2 3.9 1013.5 -20.4 73 0 102.009 203.66
16.9583 2 4.1 1013.42 -20.6 72 0 108.123 196.515
16.9792 2 4.3 1013.34 -20.8 71 0 114.237 189.37
17 2 4.4 1013.39 -21.4 70.5 0 89.554 181.781
17.0208 2 4.5 1013.44 -22 70 0 64.871 174.192
17.0417 2 4.65 1013.4 -22.45 70 0 41.7763 172.785
17.0625 2 4.8 1013.36 -22.9 70 0 18.6815 171.378
17.0833 2 5.05 1013.39 -23.4 70 0 11.3983 170.678
17.1042 2 5.3 1013.42 -23.9 70 0 4.11517 169.977
17.125 2 5.5 1013.3 -24.25 69.5 0 2.10267 167.487
17.1458 2 5.7 1013.18 -24.6 69 0 0.0901667 164.996
17.1667 2 5.1 1013.2 -24.4 69 0 0.0450834 165.474
17.1875 2 4.5 1013.21 -24.2 69 0 0 165.952
17.2083 2 5 1013.2 -24.7 69 0 0 165.148
17.2292 2 5.5 1013.18 -25.2 69 0 0 164.344
17.25 2 5.35 1013.26 -25.55 68 0 0 165.142
17.2708 2 5.2 1013.33 -25.9 67 0 0 165.94
17.2917 2 5.1 1013.42 -25.65 67 0 0 175.904
17.3125 2 5 1013.5 -25.4 67 0 0 185.868
17.3333 2 4.85 1013.52 -24.25 68.5 0 0 193.688
17.3542 2 4.7 1013.53 -23.1 70 0 0 201.507
17.375 2 5 1013.48 -23.2 70 0 0 194.059
17.3958 2 5.3 1013.43 -23.3 70 0 0 186.61
17.4167 2 5.2 1013.49 -23.35 69.5 0 0 184.685
17.4375 2 5.1 1013.55 -23.4 69 0 0 182.759
17.4583 2 5.2 1013.49 -24 67 0 0 173.449
17.4792 2 5.3 1013.43 -24.6 65 0 0 164.138
17.5 2 5.3 1013.31 -25 65 0 0 163.309
17.5208 2 5.3 1013.19 -25.4 65 0 0 162.48
17.5417 2 5.25 1013.07 -25.75 64.5 0 0 163.038
17.5625 2 5.2 1012.95 -26.1 64 0 0 163.595
17.5833 2 5.55 1012.83 -25.6 65 0 0 171.824
17.6042 2 5.9 1012.7 -25.1 66 0 0 180.052
17.625 2 5.9 1012.71 -24.8 66 0 0 183.924
17.6458 2 5.9 1012.73 -24.5 66 0 0 187.797
17.6667 2 5.7 1012.76 -24.8 65.5 0 0 183.112
17.6875 2 5.5 1012.78 -25.1 65 0 0 178.428
17.7083 2 5.85 1012.7 -24.4 66 0 0 199.677
17.7292 2 6.2 1012.61 -23.7 67 0 0 220.927
17.75 2 6.15 1012.54 -23.2 67.5 0 0.71275 223.144
17.7708 2 6.1 1012.48 -22.7 68 0 1.4255 225.361
17.7917 2 6.05 1012.53 -22.3 69.5 0 7.7884 224.431
17.8125 2 6 1012.58 -21.9 71 0 14.1513 223.501
17.8333 2 6.2 1012.52 -21.45 72.5 0 22.7508 225.543
17.8542 2 6.4 1012.46 -21 74 0 31.3503 227.584
17.875 2 6.35 1012.45 -20.75 73.5 0 40.9213 228.281
17.8958 2 6.3 1012.43 -20.5 73 0 50.4923 228.979
17.9167 2 6.4 1012.42 -20.3 73 0 61.8972 230.324
17.9375 2 6.5 1012.4 -20.1 73 0 73.3022 231.668
17.9583 2 6.8 1012.37 -20.05 73 0 68.2585 232.864
17.9792 2 7.1 1012.34 -20 73 0 63.2148 234.06
18 2 7 1012.36 -20.25 72 0 50.1165 232.05
18.0208 2 6.9 1012.38 -20.5 71 0 37.0182 230.04
18.0417 2 6.9 1012.39 -20.9 70.5 0 25.6362 226.365
18.0625 2 6.9 1012.39 -21.3 70 0 14.2543 222.69
18.0833 2 6.95 1012.41 -21.7 69 0 9.04498 222.966
18.1042 2 7 1012.43 -22.1 68 0 3.83567 223.243
18.125 2 6.85 1012.54 -22.15 68 0 1.96 224.987
18.1458 2 6.7 1012.65 -22.2 68 0 0.0843333 226.731
18.1667 2 7.1 1012.43 -22.15 68 0 0.0421667 228.452
18.1875 2 7.5 1012.22 -22.1 68 0 0 230.173
18.2083 2 7.4 1012.17 -21.95 68 0 0 230.443
18.2292 2 7.3 1012.13 -21.8 68 0 0 230.712
18.25 2 7.45 1012.17 -21.6 68.5 0 0 231.264
18.2708 2 7.6 1012.22 -21.4 69 0 0 231.816
18.2917 2 7.55 1012.31 -21.2 69.5 0 0 232.522
18.3125 2 7.5 1012.4 -21 70 0 0 233.229
18.3333 2 7.5 1012.44 -20.9 70 0 0 230.734
18.3542 2 7.5 1012.48 -20.8 70 0 0 228.24
18.375 2 7.3 1012.52 -20.85 70 0 0 226.379
18.3958 2 7.1 1012.55 -20.9 70 0 0 224.518
18.4167 2 7.35 1012.49 -20.65 70 0 0 228.228
18.4375 2 7.6 1012.44 -20.4 70 0 0 231.938
18.4583 2 7.95 1012.45 -20.2 69.5 0 0 234.448
18.4792 2 8.3 1012.46 -20 69 0 0 236.957
18.5 2 8.4 1012.43 -20 69 0 0 234.473
18.5208 2 8.5 1012.41 -20 69 0 0 231.989
18.5417 2 8.4 1012.39 -20.05 69.5 0 0 229.305
18.5625 2 8.3 1012.36 -20.1 70 0 0 226.62
18.5833 2 8.2 1012.25 -20.15 70 0 0 223.141
18.6042 2 8.1 1012.14 -20.2 70 0 0 219.663
18.625 2 7.9 1012.16 -20.2 70 0 0 224.309
18.6458 2 7.7 1012.17 -20.2 70 0 0 228.954
18.6667 2 7.8 1012.14 -20.3 70 0 0 228.697
18.6875 2 7.9 1012.1 -20.4 70 0 0 228.439
18.7083 2 7.85 1012.04 -20.55 70 0 0 219.353
18.7292 2 7.8 1011.99 -20.7 70 0 0 210.266
18.75 2 7.7 1011.95 -20.9 69.5 0 1.19258 197.177
18.7708 2 7.6 1011.92 -21.1 69 0 2.38517 184.088
18.7917 2 6.75 1011.99 -21.7 68.5 0 11.7552 172.076
18.8125 2 5.9 1012.07 -22.3 68 0 21.1252 160.064
18.8333 2 6.25 1012.11 -22.95 67 0 39.3896 159.069
18.8542 2 6.6 1012.16 -23.6 66 0 57.654 158.074
18.875 2 6.7 1012.22 -24.15 65.5 0 72.9521 157.818
18.8958 2 6.8 1012.28 -24.7 65 0 88.2503 157.561
18.9167 2 7.15 1012.22 -25 64.5 0 95.4202 157.796
18.9375 2 7.5 1012.17 -25.3 64 0 102.59 158.03
18.9583 2 7.2 1012.14 -25.4 64 0 98.9756 157.845
18.9792 2 6.9 1012.1 -25.5 64 0 95.3613 157.661
19 2 6.7 1012.05 -25.6 63.5 0 82.0228 157.298
19.0208 2 6.5 1012.01 -25.7 63 0 68.6842 156.935
19.0417 2 5.85 1011.9 -25.9 63.5 0 49.9634 156.685
19.0625 2 5.2 1011.78 -26.1 64 0 31.2427 156.434
19.0833 2 5.55 1011.67 -26.3 64 0 18.4161 156.182
19.1042 2 5.9 1011.55 -26.5 64 0 5.5895 155.929
19.125 2 6.15 1011.46 -26.55 64 0 2.86117 155.574
19.1458 2 6.4 1011.38 -26.6 64 0 0.132833 155.22
19.1667 2 6.5 1011.33 -26.7 63.5 0 0.0664165 154.82
19.1875 2 6.6 1011.29 -26.8 63 0 0 154.42
19.2083 2 6.35 1011.17 -26.85 63 0 0 157.736
19.2292 2 6.1 1011.06 -26.9 63 0 0 161.052
19.25 2 6.45 1010.89 -26.15 64 0 0 185.995
19.2708 2 6.8 1010.71 -25.4 65 0 0 210.938
19.2917 2 6.9 1010.59 -24.9 66 0 0 206.594
19.3125 2 7 1010.48 -24.4 67 0 0 202.25
19.3333 2 6.45 1010.39 -24.1 67 0 0 205.532
19.3542 2 5.9 1010.29 -23.8 67 0 0 208.814
19.375 2 5.9 1010.16 -23.55 67.5 0 0 213.615
19.3958 2 5.9 1010.03 -23.3 68 0 0 218.416
19.4167 2 5.95 1009.88 -23 68 0 0 219.808
19.4375 2 6 1009.73 -22.7 68 0 0 221.2
19.4583 2 6.4 1009.55 -22.35 68 0 0 226.299
19.4792 2 6.8 1009.38 -22 68 0 0 231.399
19.5 2 7 1009.18 -21.9 68.5 0 0 230.587
19.5208 2 7.2 1008.98 -21.8 69 0 0 229.775
19.5417 2 7.2 1008.72 -21.85 69 0 0 227.274
19.5625 2 7.2 1008.47 -21.9 69 0 0 224.773
19.5833 2 6.85 1008.26 -21.2 70 0 0 224.726
19.6042 2 6.5 1008.04 -20.5 71 0 0 224.679
19.625 2 7.15 1007.77 -19.7 72 0 0 230.34
19.6458 2 7.8 1007.49 -18.9 73 0 0 236
19.6667 2 8 1007.34 -18.85 73 0 0 235.97
19.6875 2 8.2 1007.19 -18.8 73 0 0 235.941
19.7083 2 8.2 1007.05 -18.75 73 0 0 237.093
19.7292 2 8.2 1006.91 -18.7 73 0 0 238.245
19.75 2 8.4 1006.79 -18.7 73 0 1.29025 237.939
19.7708 2 8.6 1006.68 -18.7 73 0 2.5805 237.633
19.7917 2 8.95 1006.53 -18.65 72.5 0 8.853 238.733
19.8125 2 9.3 1006.37 -18.6 72 0 15.1255 239.834
19.8333 2 9.45 1006.27 -18.6 72 0 29.9481 239.156
19.8542 2 9.6 1006.17 -18.6 72 0 44.7707 238.477
19.875 2 9.7 1006.06 -18.6 72 0 54.731 238.691
19.8958 2 9.8 1005.95 -18.6 72 0 64.6913 238.904
19.9167 2 10.2 1005.92 -18.9 71.5 0 73.1385 233.281
19.9375 2 10.6 1005.89 -19.2 71 0 81.5858 227.657
19.9583 2 10.7 1005.78 -19.4 70.5 0 86.481 224.844
19.9792 2 10.8 1005.67 -19.6 70 0 91.3763 222.03
20 2 10.6 1005.63 -19.8 70 0 80.9923 207.688
20.0208 2 10.4 1005.59 -20 70 0 70.6083 193.346
20.0417 2 9.45 1005.61 -20.65 69.5 0 51.5171 175.956
20.0625 2 8.5 1005.63 -21.3 69 0 32.4258 158.566
20.0833 2 8 1005.66 -21.55 69 0 20.239 163.23
20.1042 2 7.5 1005.68 -21.8 69 0 8.05217 167.895
20.125 2 8.15 1005.66 -21.7 69 0 4.173 164.025
20.1458 2 8.8 1005.63 -21.6 69 0 0.293833 160.154
20.1667 2 8.75 1005.67 -21.65 68.5 0 0.146916 162.087
20.1875 2 8.7 1005.7 -21.7 68 0 0 164.019
20.2083 2 8.3 1005.77 -21.9 68 0 0 162.064
20.2292 2 7.9 1005.83 -22.1 68 0 0 160.108
20.25 2 7.85 1005.93 -22.3 68 0 0 161.03
20.2708 2 7.8 1006.03 -22.5 68 0 0 161.951
20.2917 2 8.05 1006.14 -22.45 68 0 0 172.337
20.3125 2 8.3 1006.25 -22.4 68 0 0 182.722
20.3333 2 8.75 1006.41 -22.1 68 0 0 190.94
20.3542 2 9.2 1006.57 -21.8 68 0 0 199.158
20.375 2 8.55 1006.67 -21.8 68 0 0 194.997
20.3958 2 7.9 1006.77 -21.8 68 0 0 190.835
20.4167 2 8.1 1006.86 -22 68 0 0 181.904
20.4375 2 8.3 1006.96 -22.2 68 0 0 172.973
20.4583 2 8.3 1007.11 -22.55 66.5 0 0 172.731
20.4792 2 8.3 1007.27 -22.9 65 0 0 172.489
20.5 2 8.15 1007.36 -23 65.5 0 0 177.292
20.5208 2 8 1007.45 -23.1 66 0 0 182.096
20.5417 2 7.85 1007.55 -23.25 66 0 0 179.279
20.5625 2 7.7 1007.64 -23.4 66 0 0 176.462
20.5833 2 7.65 1007.78 -23.25 66 0 0 196.528
20.6042 2 7.6 1007.92 -23.1 66 0 0 216.594
20.625 2 8.05 1008.06 -22.85 66 0 0 219.648
20.6458 2 8.5 1008.2 -22.6 66 0 0 222.702
20.6667 2 7.95 1008.38 -22.5 66.5 0 0 218.72
20.6875 2 7.4 1008.55 -22.4 67 0 0 214.738
20.7083 2 7.4 1008.71 -22.45 67 0 0.00883335 208.202
20.7292 2 7.4 1008.88 -22.5 67 0 0.0176667 201.665
20.75 2 6.85 1009.1 -23.05 66.5 0 1.8335 182.68
20.7708 2 6.3 1009.32 -23.6 66 0 3.64933 163.696
20.7917 2 5.9 1009.53 -24.35 65.5 0 12.9323 161.139
20.8125 2 5.5 1009.73 -25.1 65 0 22.2152 158.582
20.8333 2 5.9 1009.82 -24.7 65 0 33.9206 185.867
20.8542 2 6.3 1009.92 -24.3 65 0 45.626 213.151
20.875 2 6.6 1010.08 -23.35 66 0 55.5487 217.463
20.8958 2 6.9 1010.24 -22.4 67 0 65.4715 221.775
20.9167 2 7.35 1010.26 -22.2 67 0 73.5454 216.021
20.9375 2 7.8 1010.27 -22 67 0 81.6194 210.268
20.9583 2 7.75 1010.28 -22.2 67 0 78.9724 210.953
20.9792 2 7.7 1010.29 -22.4 67 0 76.3253 211.638
21 2 7.6 1010.33 -22.4 67 0 67.5639 206.672
21.0208 2 7.5 1010.37 -22.4 67 0 58.8025 201.706
21.0417 2 7.15 1010.45 -22.45 67 0 45.3974 199.067
21.0625 2 6.8 1010.52 -22.5 67 0 31.9923 196.428
21.0833 2 6.9 1010.57 -22.5 67.5 0 20.142 206.847
21.1042 2 7 1010.62 -22.5 68 0 8.29167 217.266
21.125 2 7.15 1010.77 -22.45 67.5 0 4.29925 219.199
21.1458 2 7.3 1010.92 -22.4 67 0 0.306833 221.133
21.1667 2 7.45 1011.03 -22.25 67.5 0 0.153416 220.425
21.1875 2 7.6 1011.13 -22.1 68 0 0 219.717
21.2083 2 7.5 1011.24 -22.3 67.5 0 0 208.98
21.2292 2 7.4 1011.36 -22.5 67 0 0 198.243
21.25 2 6.85 1011.62 -23.1 66.5 0 0 193.558
21.2708 2 6.3 1011.88 -23.7 66 0 0 188.873
21.2917 2 6.5 1011.99 -23.65 66 0 0 190.397
21.3125 2 6.7 1012.1 -23.6 66 0 0 191.921
21.3333 2 6.65 1012.21 -23.65 66 0 0 195.453
21.3542 2 6.6 1012.33 -23.7 66 0 0 198.986
21.375 2 6.55 1012.48 -24.1 65.5 0 0 187.339
21.3958 2 6.5 1012.63 -24.5 65 0 0 175.691
21.4167 2 7 1012.78 -24.4 64.5 0 0 188.62
21.4375 2 7.5 1012.93 -24.3 64 0 0 201.55
21.4583 2 7.35 1013.24 -24.35 63.5 0 0 205.036
21.4792 2 7.2 1013.55 -24.4 63 0 0 208.522
21.5 2 7.15 1013.73 -24.5 63.5 0 0 211.139
21.5208 2 7.1 1013.92 -24.6 64 0 0 213.755
21.5417 2 7.15 1014.05 -24.55 64 0 0 212.038
21.5625 2 7.2 1014.19 -24.5 64 0 0 210.32
21.5833 2 7.15 1014.26 -24.55 64 0 0 197.555
21.6042 2 7.1 1014.33 -24.6 64 0 0 184.79
21.625 2 6.55 1014.53 -24.2 64.5 0 0 195.544
21.6458 2 6 1014.73 -23.8 65 0 0 206.298
21.6667 2 6.3 1014.86 -23.5 65.5 0 0 209.264
21.6875 2 6.6 1014.99 -23.2 66 0 0 212.23
21.7083 2 6.4 1015.14 -22.85 66.5 0 0.00325 214.126
21.7292 2 6.2 1015.29 -22.5 67 0 0.0065 216.023
21.75 2 6.6 1015.38 -22.6 67.5 0 1.74875 215.255
21.7708 2 7 1015.47 -22.7 68 0 3.491 214.487
21.7917 2 6.8 1015.77 -22.85 67.5 0 13.5692 212.243
21.8125 2 6.6 1016.06 -23 67 0 23.6475 209.999
21.8333 2 6.6 1016.36 -22.85 67.5 0 30.1777 213.195
21.8542 2 6.6 1016.66 -22.7 68 0 36.708 216.392
21.875 2 6.6 1016.9 -22.55 67.5 0 52.2198 216.507
21.8958 2 6.6 1017.13 -22.4 67 0 67.7317 216.622
21.9167 2 6.6 1017.32 -22.45 67 0 80.228 217.719
21.9375 2 6.6 1017.51 -22.5 67 0 92.7243 218.817
21.9583 2 6.85 1017.66 -22.6 67 0 92.0158 219.113
21.9792 2 7.1 1017.81 -22.7 67 0 91.3073 219.41
22 2 6.8 1017.99 -22.9 67 0 78.0883 215.844
22.0208 2 6.5 1018.18 -23.1 67 0 64.8693 212.278
22.0417 2 6.35 1018.35 -23.2 66.5 0 46.9034 214.069
22.0625 2 6.2 1018.52 -23.3 66 0 28.9375 215.86
22.0833 2 5.95 1018.77 -23.55 66 0 18.5063 215.891
22.1042 2 5.7 1019.02 -23.8 66 0 8.075 215.922
22.125 2 5.75 1019.2 -24.1 65.5 0 4.2755 216.505
22.1458 2 5.8 1019.38 -24.4 65 0 0.476 217.088
22.1667 2 5.75 1019.54 -24.45 65 0 0.238 217.736
22.1875 2 5.7 1019.7 -24.5 65 0 0 218.383
22.2083 2 5.35 1019.84 -24.45 64.5 0 0 218.821
22.2292 2 5 1019.99 -24.4 64 0 0 219.259
22.25 2 4.85 1020.18 -24.25 63.5 0 0 219.708
22.2708 2 4.7 1020.38 -24.1 63 0 0 220.158
22.2917 2 4.9 1020.58 -23.95 63.5 0 0 220.856
22.3125 2 5.1 1020.77 -23.8 64 0 0 221.554
22.3333 2 5 1021.03 -23.7 64 0 0 221.579
22.3542 2 4.9 1021.28 -23.6 64 0 0 221.605
22.375 2 4.65 1021.59 -23.6 64 0 0 221.124
22.3958 2 4.4 1021.9 -23.6 64 0 0 220.642
22.4167 2 4.25 1022.16 -23.65 64 0 0 219.122
22.4375 2 4.1 1022.41 -23.7 64 0 0 217.603
22.4583 2 3.75 1022.61 -23.7 63.5 0 0 216.012
22.4792 2 3.4 1022.81 -23.7 63 0 0 214.42
22.5 2 3.45 1022.92 -23.75 63.5 0 0 213.56
22.5208 2 3.5 1023.04 -23.8 64 0 0 212.699
22.5417 2 3.45 1023.14 -23.8 63.5 0 0 211.799
22.5625 2 3.4 1023.23 -23.8 63 0 0 210.9
22.5833 2 3.2 1023.41 -23.8 63 0 0 210.056
22.6042 2 3 1023.6 -23.8 63 0 0 209.212
22.625 2 2.8 1023.78 -23.85 63.5 0 0 206.645
22.6458 2 2.6 1023.97 -23.9 64 0 0 204.078
22.6667 2 2.6 1024.18 -23.95 64 0 0 199.135
22.6875 2 2.6 1024.39 -24 64 0 0 194.192
22.7083 2 2.45 1024.56 -24.2 64.5 0 0.0425 187.083
22.7292 2 2.3 1024.74 -24.4 65 0 0.085 179.973
22.75 2 2.15 1024.88 -24.7 65 0 3.00541 180.634
22.7708 2 2 1025.02 -25 65 0 5.92583 181.294
22.7917 2 2.25 1022.79 -25.1 65 0 16.6238 180.003
22.8125 2 2.5 1020.55 -25.2 65 0 27.3218 178.711
22.8333 2 2.3 1020.73 -25.05 65.5 0 46.5597 178.813
22.8542 2 2.1 1020.92 -24.9 66 0 65.7975 178.915
22.875 2 1.75 1021.03 -24.75 66 0 90.5322 174.78
22.8958 2 1.4 1021.14 -24.6 66 0 115.267 170.645
22.9167 2 0.95 1021.2 -24.6 66.5 0 133.76 169.721
22.9375 2 0.5 1021.26 -24.6 67 0 152.253 168.798
22.9583 2 0.3 1021.36 -24.5 67 0 140.417 167.104
22.9792 2 0.1 1021.47 -24.4 67 0 128.581 165.409
23 2 0.45 1021.43 -24.65 66.5 0 100.407 160.394
23.0208 2 0.8 1021.4 -24.9 66 0 72.2335 155.379
23.0417 2 1.1 1021.44 -25.4 65.5 0 54.3362 156.895
23.0625 2 1.4 1021.48 -25.9 65 0 36.4388 158.41
23.0833 2 1.3 1021.5 -25.9 65 0 23.1523 166.397
23.1042 2 1.2 1021.52 -25.9 65 0 9.86583 174.384
23.125 2 1.75 1021.55 -25.95 64.5 0 5.42925 176.717
23.1458 2 2.3 1021.58 -26 64 0 0.992667 179.05
23.1667 2 2.6 1021.61 -26.2 63.5 0 0.496334 180.104
23.1875 2 2.9 1021.64 -26.4 63 0 0 181.157
23.2083 2 2.65 1021.66 -26.95 62.5 0 0 166.837
23.2292 2 2.4 1021.67 -27.5 62 0 0 152.516
23.25 2 2.3 1021.69 -27.95 61.5 0 0 151.115
23.2708 2 2.2 1021.71 -28.4 61 0 0 149.713
23.2917 2 2.6 1021.74 -28.55 61 0 0 149.379
23.3125 2 3 1021.78 -28.7 61 0 0 149.045
23.3333 2 3.5 1021.82 -28.9 60.5 0 0 146.711
23.3542 2 4 1021.85 -29.1 60 0 0 144.377
23.375 2 4.1 1021.85 -29.2 60 0 0 147.151
23.3958 2 4.2 1021.86 -29.3 60 0 0 149.926
23.4167 2 4.3 1021.85 -29.25 60 0 0 151.672
23.4375 2 4.4 1021.85 -29.2 60 0 0 153.418
23.4583 2 4.25 1021.73 -29.35 59.5 0 0 148.644
23.4792 2 4.1 1021.61 -29.5 59 0 0 143.87
23.5 2 3.95 1021.53 -29.75 59 0 0 141.883
23.5208 2 3.8 1021.44 -30 59 0 0 139.895
23.5417 2 3.8 1021.37 -30.4 59 0 0 137.238
23.5625 2 3.8 1021.3 -30.8 59 0 0 134.582
23.5833 2 3.9 1021.18 -31.05 58.5 0 0 134.643
23.6042 2 4 1021.06 -31.3 58 0 0 134.703
23.625 2 4 1021.01 -31.55 58 0 0 137.251
23.6458 2 4 1020.96 -31.8 58 0 0 139.8
23.6667 2 4 1020.84 -31.65 57.5 0 0 145.504
23.6875 2 4 1020.73 -31.5 57 0 0 151.208
23.7083 2 3.95 1020.63 -31.85 57 0 0.09 142.108
23.7292 2 3.9 1020.53 -32.2 57 0 0.18 133.009
23.75 2 3.95 1019.89 -32.35 56.5 0 4.60067 134.572
23.7708 2 4 1019.25 -32.5 56 0 9.02133 136.134
23.7917 2 3.75 1019.23 -32.35 57 0 24.0513 137.435
23.8125 2 3.5 1019.21 -32.2 58 0 39.0813 138.735
23.8333 2 3.75 1019.24 -32.2 58.5 0 63.3875 136.048
23.8542 2 4 1019.27 -32.2 59 0 87.6937 133.362
23.875 2 4.1 1019.27 -32.2 59 0 102.263 133.217
23.8958 2 4.2 1019.26 -32.2 59 0 116.832 133.072
23.9167 2 4.15 1019.21 -32.15 59 0 124.599 132.741
23.9375 2 4.1 1019.15 -32.1 59 0 132.366 132.41
23.9583 2 4.05 1019.05 -32.05 58.5 0 128.833 134.262
23.9792 2 4 1018.95 -32 58 0 125.3 136.113
24 2 4 1018.96 -32.15 57.5 0 103.681 136.121
24.0208 2 4 1018.96 -32.3 57 0 82.0621 136.129
24.0417 2 4.1 1018.91 -32.35 57 0 66.5852 133.851
24.0625 2 4.2 1018.85 -32.4 57 0 51.1083 131.573
24.0833 2 4 1018.85 -32.6 56.5 0 33.3136 132.491
24.1042 2 3.8 1018.86 -32.8 56 0 15.519 133.409
24.125 2 3.95 1018.89 -32.9 56 0 8.36491 135.753
24.1458 2 4.1 1018.91 -33 56 0 1.21083 138.097
24.1667 2 4.2 1018.91 -33.1 56 0 0.605415 135.964
24.1875 2 4.3 1018.91 -33.2 56 0 0 133.831
24.2083 2 4.4 1018.92 -33.2 56 0 0 133.345
24.2292 2 4.5 1018.93 -33.2 56 0 0 132.859
24.25 2 4.6 1018.94 -33.25 55.5 0 0 132.655
24.2708 2 4.7 1018.95 -33.3 55 0 0 132.451
24.2917 2 4.65 1018.97 -33.35 55 0 0 133.334
24.3125 2 4.6 1019 -33.4 55 0 0 134.217
24.3333 2 4.7 1019.05 -33.3 55 0 0 134.176
24.3542 2 4.8 1019.09 -33.2 55 0 0 134.136
24.375 2 4.65 1019.13 -33.15 55.5 0 0 135.348
24.3958 2 4.5 1019.17 -33.1 56 0 0 136.56
24.4167 2 4.2 1019.21 -33.15 56 0 0 137.437
24.4375 2 3.9 1019.25 -33.2 56 0 0 138.314
24.4583 2 4.05 1019.2 -33.6 54 0 0 138.944
24.4792 2 4.2 1019.14 -34 52 0 0 139.575
24.5 2 4.25 1019.04 -34.45 51 0 0 143.384
24.5208 2 4.3 1018.93 -34.9 50 0 0 147.193
24.5417 2 4.4 1018.81 -35.65 48 0 0 147.549
24.5625 2 4.5 1018.69 -36.4 46 0 0 147.906
24.5833 2 4.6 1018.61 -36.2 46 0 0 148.72
24.6042 2 4.7 1018.53 -36 46 0 0 149.533
24.625 2 4.7 1018.49 -35.75 46.5 0 0 149.55
24.6458 2 4.7 1018.45 -35.5 47 0 0 149.567
24.6667 2 4.6 1018.41 -35.45 47.5 0 0 150.053
24.6875 2 4.5 1018.37 -35.4 48 0 0 150.54
24.7083 2 4.2 1018.33 -35.3 49 0 0.233167 151.422
24.7292 2 3.9 1018.28 -35.2 50 0 0.466333 152.305
24.75 2 4.05 1018.3 -34.5 52 0 4.55675 163.94
24.7708 2 4.2 1018.31 -33.8 54 0 8.64717 175.576
24.7917 2 4.05 1018.34 -32.85 55.5 0 21.5656 166.741
24.8125 2 3.9 1018.37 -31.9 57 0 34.484 157.905
24.8333 2 3.95 1018.36 -32.5 57 0 69.248 160.41
24.8542 2 4 1018.35 -33.1 57 0 104.012 162.914
24.875 2 3.95 1018.35 -33 56.5 0 107.802 161.896
24.8958 2 3.9 1018.35 -32.9 56 0 111.592 160.878
24.9167 2 4.3 1018.34 -32.6 56.5 0 109.732 165.748
24.9375 2 4.7 1018.34 -32.3 57 0 107.873 170.618
24.9583 2 4.75 1018.27 -31.55 57.5 0 115.479 172.146
24.9792 2 4.8 1018.2 -30.8 58 0 123.085 173.673
25 2 4.65 1018.03 -30.8 58 0 99.6861 170.483
25.0208 2 4.5 1017.86 -30.8 58 0 76.2873 167.292
25.0417 2 4.5 1017.82 -31.2 57.5 0 61.0843 155.135
25.0625 2 4.5 1017.78 -31.6 57 0 45.8812 142.977
25.0833 2 4.1 1017.72 -31.9 57 0 31.6915 153.825
25.1042 2 3.7 1017.65 -32.2 57 0 17.5018 164.673
25.125 2 3.35 1017.56 -31.8 57.5 0 9.5044 173.609
25.1458 2 3 1017.47 -31.4 58 0 1.507 182.544
25.1667 2 3.05 1017.41 -31.25 58 0 0.7535 173.197
25.1875 2 3.1 1017.35 -31.1 58 0 0 163.85
25.2083 2 2.75 1017.3 -31.55 57.5 0 0 167.762
25.2292 2 2.4 1017.25 -32 57 0 0 171.673
25.25 2 2.7 1017.17 -32.25 57 0 0 157.667
25.2708 2 3 1017.09 -32.5 57 0 0 143.661
25.2917 2 3.2 1017.08 -33.35 56.5 0 0 142.987
25.3125 2 3.4 1017.06 -34.2 56 0 0 142.314
25.3333 2 3.25 1017.01 -34.1 55.5 0 0 148.835
25.3542 2 3.1 1016.95 -34 55 0 0 155.356
25.375 2 2.65 1016.93 -33.65 55.5 0 0 144.368
25.3958 2 2.2 1016.92 -33.3 56 0 0 133.381
25.4167 2 1.75 1016.88 -33.25 56.5 0 0 133.72
25.4375 2 1.3 1016.83 -33.2 57 0 0 134.059
25.4583 2 0.8 1016.84 -31.85 58 0 0 131.554
25.4792 2 0.3 1016.84 -30.5 59 0 0 129.049
25.5 2 0.2 1016.76 -30.8 59 0 0 128.56
25.5208 2 0.1 1016.67 -31.1 59 0 0 128.07
25.5417 2 0.1 1016.6 -32.25 58.5 0 0 127.318
25.5625 2 0.1 1016.53 -33.4 58 0 0 126.565
25.5833 2 0.75 1016.57 -33.65 57 0 0 126.607
25.6042 2 1.4 1016.6 -33.9 56 0 0 126.649
25.625 2 1.75 1016.66 -34.75 53.5 0 0 126.669
25.6458 2 2.1 1016.71 -35.6 51 0 0 126.688
25.6667 2 2.65 1016.76 -36.05 49 0 0 127.197
25.6875 2 3.2 1016.81 -36.5 47 0 0 127.706
25.7083 2 3.15 1016.84 -36.3 47 0 0.246834 131.034
25.7292 2 3.1 1016.88 -36.1 47 0 0.493667 134.362
25.75 2 3 1016.97 -36.05 47 0 6.15873 133.211
25.7708 2 2.9 1017.06 -36 47 0 11.8238 132.06
25.7917 2 3.25 1017.23 -35.75 50 0 32.9746 128.483
25.8125 2 3.6 1017.4 -35.5 53 0 54.1253 124.907
25.8333 2 3.5 1017.61 -35.5 54 0 79.4572 124.874
25.8542 2 3.4 1017.82 -35.5 55 0 104.789 124.842
25.875 2 3.2 1017.98 -35.35 56 0 123.965 125.464
25.8958 2 3 1018.15 -35.2 57 0 143.14 126.086
25.9167 2 2.9 1018.27 -34.9 57.5 0 150.292 127.247
25.9375 2 2.8 1018.38 -34.6 58 0 157.443 128.408
25.9583 2 2.7 1018.42 -34.35 57.5 0 151.919 129.588
25.9792 2 2.6 1018.45 -34.1 57 0 146.395 130.768
26 2 2.5 1018.34 -33.95 56.5 0 121.636 140.25
26.0208 2 2.4 1018.23 -33.8 56 0 96.8763 149.732
26.0417 2 2.8 1018.18 -33.75 56 0 70.3018 142.496
26.0625 2 3.2 1018.14 -33.7 56 0 43.7273 135.26
26.0833 2 3.4 1018.18 -33.85 55.5 0 30.843 133.639
26.1042 2 3.6 1018.23 -34 55 0 17.9588 132.018
26.125 2 3.6 1018.3 -34.1 55 0 10.0231 131.345
26.1458 2 3.6 1018.37 -34.2 55 0 2.0875 130.672
26.1667 2 3.7 1018.5 -34.4 53 0 1.04375 129.878
26.1875 2 3.8 1018.63 -34.6 51 0 0 129.084
26.2083 2 3.9 1018.75 -34.75 50.5 0 0 129.025
26.2292 2 4 1018.87 -34.9 50 0 0 128.967
26.25 2 3.85 1018.86 -34.85 50 0 0 128.911
26.2708 2 3.7 1018.86 -34.8 50 0 0 128.855
26.2917 2 3.65 1018.96 -34.85 50 0 0 128.746
26.3125 2 3.6 1019.06 -34.9 50 0 0 128.637
26.3333 2 3.55 1019.14 -34.85 50 0 0 128.73
26.3542 2 3.5 1019.22 -34.8 50 0 0 128.823
26.375 2 3.7 1019.19 -34.9 50 0 0 128.268
26.3958 2 3.9 1019.16 -35 50 0 0 127.712
26.4167 2 3.75 1019.2 -34.8 50 0 0 127.706
26.4375 2 3.6 1019.25 -34.6 50 0 0 127.701
26.4583 2 3.55 1019.2 -34.7 50 0 0 127.906
26.4792 2 3.5 1019.14 -34.8 50 0 0 128.111
26.5 2 3.6 1019.09 -34.85 50 0 0 128.603
26.5208 2 3.7 1019.05 -34.9 50 0 0 129.096
26.5417 2 3.5 1018.96 -34.8 52 0 0 129.115
26.5625 2 3.3 1018.87 -34.7 54 0 0 129.134
26.5833 2 3.15 1018.77 -34.6 54.5 0 0 130.716
26.6042 2 3 1018.66 -34.5 55 0 0 132.299
26.625 2 3.2 1018.58 -34.7 54 0 0 133.711
26.6458 2 3.4 1018.5 -34.9 53 0 0 135.124
26.6667 2 3.5 1018.41 -34.85 52.5 0 0 137.888
26.6875 2 3.6 1018.31 -34.8 52 0 0 140.653
26.7083 2 3.55 1018.18 -34.7 53.5 0 0.3095 138.875
26.7292 2 3.5 1018.05 -34.6 55 0 0.619 137.097
26.75 2 3.3 1017.96 -34.6 55 0 4.31645 132.377
26.7708 2 3.1 1017.87 -34.6 55 0 8.0139 127.657
26.7917 2 3.15 1017.81 -34.65 55.5 0 49.532 126.607
26.8125 2 3.2 1017.75 -34.7 56 0 91.05 125.558
26.8333 2 3.15 1017.6 -34.55 57 0 106.254 125.615
26.8542 2 3.1 1017.46 -34.4 58 0 121.457 125.671
26.875 2 2.9 1017.28 -34.2 58.5 0 141.85 125.669
26.8958 2 2.7 1017.1 -34 59 0 162.242 125.668
26.9167 2 2.85 1016.91 -34 58.5 0 169.131 125.636
26.9375 2 3 1016.71 -34 58 0 176.02 125.604
26.9583 2 3.05 1016.45 -33.9 58 0 170.096 125.844
26.9792 2 3.1 1016.19 -33.8 58 0 164.172 126.085
27 2 2.95 1016.01 -33.65 58 0 149.133 126.221
27.0208 2 2.8 1015.82 -33.5 58 0 134.094 126.356
27.0417 2 2.8 1015.64 -33.65 57.5 0 91.7374 126.377
27.0625 2 2.8 1015.45 -33.8 57 0 49.3808 126.398
27.0833 2 2.8 1015.26 -33.8 56.5 0 29.7842 126.581
27.1042 2 2.8 1015.06 -33.8 56 0 10.1877 126.765
27.125 2 2.8 1014.85 -34.05 56 0 6.44835 126.533
27.1458 2 2.8 1014.65 -34.3 56 0 2.709 126.301
27.1667 2 2.9 1014.42 -34.45 54.5 0 1.3545 127.045
27.1875 2 3 1014.19 -34.6 53 0 0 127.788
27.2083 2 3 1012.79 -34.4 54.5 0 0 128.819
27.2292 2 3 1011.38 -34.2 56 0 0 129.85
27.25 2 2.75 1011.16 -34.35 55.5 0 0 130.868
27.2708 2 2.5 1010.94 -34.5 55 0 0 131.887
27.2917 2 2.45 1010.68 -34.45 55 0 0 133.463
27.3125 2 2.4 1010.42 -34.4 55 0 0 135.039
27.3333 2 2.7 1010.28 -34.55 54 0 0 137.539
27.3542 2 3 1010.13 -34.7 53 0 0 140.039
27.375 2 3.15 1010.03 -34.65 53 0 0 139.854
27.3958 2 3.3 1009.92 -34.6 53 0 0 139.67
27.4167 2 3.15 1009.85 -34.45 53 0 0 141.031
27.4375 2 3 1009.78 -34.3 53 0 0 142.392
27.4583 2 3.05 1009.64 -33.9 52.5 0 0 147.876
27.4792 2 3.1 1009.49 -33.5 52 0 0 153.361
27.5 2 3.1 1009.36 -33.3 53 0 0 151.273
27.5208 2 3.1 1009.24 -33.1 54 0 0 149.186
27.5417 2 3.1 1009.29 -33.05 54.5 0 0 143.298
27.5625 2 3.1 1009.35 -33 55 0 0 137.411
27.5833 2 3.1 1009.32 -33 55.5 0 0 143.316
27.6042 2 3.1 1009.28 -33 56 0 0 149.222
27.625 2 3.25 1009.28 -33.1 55.5 0 0 147.108
27.6458 2 3.4 1009.28 -33.2 55 0 0 144.995
27.6667 2 3.35 1009.34 -33.4 55 0 0 141.105
27.6875 2 3.3 1009.39 -33.6 55 0 0 137.216
27.7083 2 3.45 1009.3 -33.8 55 0 0.534 134.581
27.7292 2 3.6 1009.22 -34 55 0 1.068 131.946
27.75 2 3.6 1009.19 -34.05 55 0 9.08215 133.137
27.7708 2 3.6 1009.17 -34.1 55 0 17.0963 134.328
27.7917 2 3.65 1009.15 -34.15 55 0 23.3935 132.633
27.8125 2 3.7 1009.12 -34.2 55 0 29.6907 130.937
27.8333 2 3.75 1009.13 -33.8 55.5 0 53.1092 132.55
27.8542 2 3.8 1009.14 -33.4 56 0 76.5276 134.163
27.875 2 3.05 1009.13 -33.1 57 0 129.041 135.503
27.8958 2 2.3 1009.11 -32.8 58 0 181.554 136.842
27.9167 2 2.5 1009.05 -32.6 58 0 181.251 137.127
27.9375 2 2.7 1008.99 -32.4 58 0 180.948 137.412
27.9583 2 2.6 1010.09 -32.3 58 0 174.538 137.315
27.9792 2 2.5 1011.19 -32.2 58 0 168.129 137.219
28 2 2.5 1011.21 -32.05 58 0 150.618 136.962
28.0208 2 2.5 1011.23 -31.9 58 0 133.108 136.706
28.0417 2 2.65 1011.22 -31.85 58 0 106.336 136.713
28.0625 2 2.8 1011.22 -31.8 58 0 79.5631 136.72
28.0833 2 3.15 1011.33 -31.9 57.5 0 53.8161 136.655
28.1042 2 3.5 1011.44 -32 57 0 28.069 136.589
28.125 2 3.6 1011.57 -31.95 57 0 15.4117 137.837
28.1458 2 3.7 1011.7 -31.9 57 0 2.7545 139.085
28.1667 2 3.35 1011.89 -31.65 57.5 0 1.37725 141.142
28.1875 2 3 1012.07 -31.4 58 0 0 143.199
28.2083 2 3 1012.36 -31.85 57.5 0 0 139.194
28.2292 2 3 1012.65 -32.3 57 0 0 135.189
28.25 2 3 1012.84 -32.4 57 0 0 141.765
28.2708 2 3 1013.02 -32.5 57 0 0 148.341
28.2917 2 2.9 1013.32 -32.65 57 0 0 141.322
28.3125 2 2.8 1013.61 -32.8 57 0 0 134.303
28.3333 2 2.95 1013.85 -33.1 56.5 0 0 133.475
28.3542 2 3.1 1014.09 -33.4 56 0 0 132.648
28.375 2 3.1 1014.39 -33.45 56 0 0 132.486
28.3958 2 3.1 1014.69 -33.5 56 0 0 132.325
28.4167 2 3.3 1014.98 -33.8 55.5 0 0 133.324
28.4375 2 3.5 1015.27 -34.1 55 0 0 134.324
28.4583 2 3.45 1015.46 -34 54 0 0 134.457
28.4792 2 3.4 1015.65 -33.9 53 0 0 134.589
28.5 2 3.1 1015.82 -33.85 53.5 0 0 133.695
28.5208 2 2.8 1015.99 -33.8 54 0 0 132.801
28.5417 2 2.9 1016.17 -33.95 54 0 0 132.723
28.5625 2 3 1016.34 -34.1 54 0 0 132.646
28.5833 2 3.1 1016.53 -34.3 53 0 0 132.462
28.6042 2 3.2 1016.71 -34.5 52 0 0 132.279
28.625 2 3.4 1016.88 -34.6 50.5 0 0 131.471
28.6458 2 3.6 1017.05 -34.7 49 0 0 130.662
28.6667 2 3.35 1017.28 -34.65 50.5 0 0 132.026
28.6875 2 3.1 1017.5 -34.6 52 0 0 133.39
28.7083 2 3.3 1017.68 -34.75 51.5 0 0.725835 133.163
28.7292 2 3.5 1017.86 -34.9 51 0 1.45167 132.936
28.75 2 3.55 1018.07 -34.9 51.5 0 9.63033 131.404
28.7708 2 3.6 1018.28 -34.9 52 0 17.809 129.872
28.7917 2 3.55 1018.56 -34.8 53 0 32.7651 133.82
28.8125 2 3.5 1018.83 -34.7 54 0 47.7213 137.769
28.8333 2 3.5 1019.08 -34.1 54.5 0 76.3367 140.887
28.8542 2 3.5 1019.33 -33.5 55 0 104.952 144.005
28.875 2 3.3 1019.63 -33.35 55.5 0 121.954 147.548
28.8958 2 3.1 1019.93 -33.2 56 0 138.955 151.092
28.9167 2 3.1 1020.1 -33.2 56 0 149.869 143.472
28.9375 2 3.1 1020.27 -33.2 56 0 160.783 135.852
28.9583 2 3.05 1020.49 -33.3 56 0 163.002 133.124
28.9792 2 3 1020.72 -33.4 56 0 165.221 130.396
