0 2 8 1012.16 3.05 73.0714 0 199.881 292.238
0.0208333 2 8 1012.17 3.2 73.2857 0 209.444 289.094
0.0416667 2 7.85 1012.16 3.15 72.9286 0 183.733 295.498
0.0625 2 7.7 1012.14 3.1 72.5714 0 158.022 301.902
0.0833333 2 7.35 1012.08 3.25 73.5714 0 139.467 298.786
0.104167 2 7 1012.02 3.4 74.5714 0 120.913 295.671
0.125 2 6.9 1011.92 3.25 75.1429 0 93.0608 300.423
0.145833 2 6.8 1011.82 3.1 75.7143 0 65.2085 305.176
0.166667 2 6.8 1011.8 3.05 75.9286 0 48.8319 307.034
0.1875 2 6.8 1011.79 3 76.1429 0 32.4552 308.893
0.208333 2 6.55 1011.88 2.95 77.5 0 21.6213 312.111
0.229167 2 6.3 1011.97 2.9 78.8571 0 10.7875 315.329
0.25 2 6.35 1011.97 3 78.7857 0 7.12925 312.594
0.270833 2 6.4 1011.98 3.1 78.7143 0 3.471 309.86
0.291667 2 6.25 1011.98 3.05 80 1.02369e-005 1.76058 310.157
0.3125 2 6.1 1011.99 3 81.2857 2.04738e-005 0.0501667 310.454
0.333333 2 5.8 1011.96 2.95 81.7143 2.05818e-005 0.0250834 310.653
0.354167 2 5.5 1011.94 2.9 82.1429 2.06897e-005 0 310.851
0.375 2 6 1011.84 3.05 83.5714 2.10495e-005 0 305.255
0.395833 2 6.5 1011.74 3.2 85 2.14093e-005 0 299.659
0.416667 2 6.15 1011.68 3.1 86 2.16612e-005 0 304.211
0.4375 2 5.8 1011.62 3 87 2.19131e-005 0 308.762
0.458333 2 5.95 1011.52 3.1 87.4166 2.2018e-005 0 308.578
0.479167 2 6.1 1011.41 3.2 87.8333 2.2123e-005 0 308.393
0.5 2 6.05 1011.27 3.3 87.2023 2.19641e-005 0 310.788
0.520833 2 6 1011.12 3.4 86.5714 2.18051e-005 0 313.183
0.541667 2 6.15 1011.11 3.35 87.7142 2.2093e-005 -0.000333334 316.072
0.5625 2 6.3 1011.1 3.3 88.8571 2.23809e-005 -0.000666669 318.96
0.583333 2 6.4 1011.03 3.3 89.0714 2.24348e-005 0.587752 319.491
0.604167 2 6.5 1010.96 3.3 89.2857 2.24888e-005 1.17617 320.022
0.625 2 6.6 1010.96 3.4 88.2857 2.22369e-005 5.59283 319.235
0.645833 2 6.7 1010.95 3.5 87.2857 2.19851e-005 10.0095 318.448
0.666667 2 6.4 1011.01 3.5 86.1429 2.16972e-005 19.8384 319.084
0.6875 2 6.1 1011.06 3.5 85 2.14093e-005 29.6672 319.72
0.708333 2 5.9 1011.04 3.7 83 2.09056e-005 49.7626 316.175
0.729167 2 5.7 1011.01 3.9 81 2.04019e-005 69.858 312.63
0.75 2 5.7 1010.97 3.95 79.7857 1.02009e-005 91.8405 315.311
0.770833 2 5.7 1010.94 4 78.5714 0 113.823 317.992
0.791667 2 5.6 1010.9 4.25 76.7142 0 154.743 317.922
0.8125 2 5.5 1010.86 4.5 74.8571 0 195.663 317.852
0.833333 2 5.4 1010.82 4.5 74.7857 0 185.752 319.175
0.854167 2 5.3 1010.79 4.5 74.7143 0 175.841 320.499
0.875 2 5.85 1010.78 4.35 74.6429 0 181.903 320.015
0.895833 2 6.4 1010.77 4.2 74.5714 0 187.965 319.531
0.916667 2 6.3 1010.78 4.1 76.2857 0 176.151 318.041
0.9375 2 6.2 1010.78 4 78 0 164.338 316.551
0.958333 2 5.9 1010.78 4.15 76.1429 0 178.314 317.125
0.979167 2 5.6 1010.78 4.3 74.2857 0 192.291 317.7
1 2 5.65 1010.73 4.3 75.9286 0 187.006 316.589
1.02083 2 5.7 1010.69 4.3 77.5714 0 181.721 315.478
1.04167 2 5.3 1010.73 4.15 79.1429 0 174.633 312.794
1.0625 2 4.9 1010.78 4 80.7143 0 167.544 310.111
1.08333 2 4.85 1010.83 3.8 81.2143 1.02909e-005 143.415 310.759
1.10417 2 4.8 1010.88 3.6 81.7143 2.05818e-005 119.285 311.408
1.125 2 4.65 1011.07 3.25 82.5714 2.07977e-005 90.1855 312.941
1.14583 2 4.5 1011.26 2.9 83.4286 2.10136e-005 61.086 314.474
1.16667 2 4.5 1011.3 2.75 84.5714 2.13014e-005 48.6016 312.534
1.1875 2 4.5 1011.34 2.6 85.7143 2.15892e-005 36.1173 310.595
1.20833 2 4.6 1011.32 2.4 86.4286 2.17692e-005 23.7146 309.11
1.22917 2 4.7 1011.29 2.2 87.1429 2.19491e-005 11.312 307.625
1.25 2 4.65 1011.32 2 87.7858 2.2111e-005 6.40317 305.549
1.27083 2 4.6 1011.35 1.8 88.4286 2.22729e-005 1.49433 303.473
1.29167 2 4.35 1011.39 1.65 88.4286 2.22729e-005 0.747165 303.427
1.3125 2 4.1 1011.43 1.5 88.4286 2.22729e-005 0 303.38
1.33333 2 4.1 1011.46 1.4 88.4286 2.22729e-005 0 306.594
1.35417 2 4.1 1011.49 1.3 88.4286 2.22729e-005 0 309.807
1.375 2 4.1 1011.51 1.15 88.5714 2.23089e-005 0 308.208
1.39583 2 4.1 1011.52 1 88.7143 2.23449e-005 0 306.608
1.41667 2 4.1 1011.59 0.8 88.7857 2.23629e-005 0 305.815
1.4375 2 4.1 1011.66 0.6 88.8571 2.23809e-005 0 305.021
1.45833 2 4.1 1011.81 0.5 90.7619 2.28606e-005 0 304.266
1.47917 2 4.1 1011.96 0.4 92.6667 2.33404e-005 0 303.511
1.5 2 4.05 1011.92 0.5 90 2.26687e-005 0 302.514
1.52083 2 4 1011.88 0.6 87.3333 2.19971e-005 0 301.517
1.54167 2 4.2 1011.83 0.6 87.9166 2.2144e-005 0.0250834 299.914
1.5625 2 4.4 1011.79 0.6 88.5 2.22909e-005 0.0501667 298.31
1.58333 2 4.6 1011.79 0.75 89.1786 2.24618e-005 0.872998 301.719
1.60417 2 4.8 1011.78 0.9 89.8571 2.26328e-005 1.69583 305.127
1.625 2 4.75 1011.8 1.05 89.9286 2.26507e-005 5.93502 306.953
1.64583 2 4.7 1011.81 1.2 90 2.26687e-005 10.1742 308.78
1.66667 2 4.75 1011.71 1.35 89.7857 2.26148e-005 40.3451 293.872
1.6875 2 4.8 1011.62 1.5 89.5714 2.25608e-005 70.516 278.964
1.70833 2 5.4 1011.58 1.85 89.5 2.25428e-005 107.146 285.432
1.72917 2 6 1011.53 2.2 89.4286 2.25248e-005 143.776 291.9
1.75 2 6.5 1011.55 2.15 88.4286 2.22729e-005 145.62 294.404
1.77083 2 7 1011.56 2.1 87.4286 2.20211e-005 147.465 296.909
1.79167 2 7.1 1011.6 2.3 87.5714 2.2057e-005 194.417 295.114
1.8125 2 7.2 1011.64 2.5 87.7143 2.2093e-005 241.37 293.319
1.83333 2 7.2 1011.72 2.4 87.1429 2.19491e-005 254.464 292.589
1.85417 2 7.2 1011.8 2.3 86.5714 2.18051e-005 267.559 291.858
1.875 2 7.2 1011.85 2.3 85.6429 2.15713e-005 268.566 291.525
1.89583 2 7.2 1011.9 2.3 84.7143 2.13374e-005 269.573 291.191
1.91667 2 7 1011.96 2.4 85.3571 2.14993e-005 243.289 287.664
1.9375 2 6.8 1012.01 2.5 86 2.16612e-005 217.005 284.137
1.95833 2 6.9 1011.97 2.6 85.7 2.15857e-005 209.1 294.264
1.97917 2 7 1011.94 2.7 85.4 2.15101e-005 201.194 304.392
2 2 6.9 1011.92 2.75 84.0334 2.11659e-005 222.146 296.736
2.02083 2 6.8 1011.89 2.8 82.6667 2.08216e-005 243.097 289.079
2.04167 2 7.05 1011.9 2.75 82.9167 2.08846e-005 209.376 296.949
2.0625 2 7.3 1011.9 2.7 83.1667 2.09476e-005 175.655 304.819
2.08333 2 7.15 1011.86 2.6 81.7977 1.04738e-005 151.212 303.662
2.10417 2 7 1011.82 2.5 80.4286 0 126.768 302.505
2.125 2 7.15 1011.68 2.4 80.5714 0 114.196 298.456
2.14583 2 7.3 1011.54 2.3 80.7143 0 101.624 294.408
2.16667 2 7.35 1011.47 2.2 80.6429 0 77.5176 289.482
2.1875 2 7.4 1011.4 2.1 80.5714 0 53.4112 284.556
2.20833 2 7.2 1011.4 1.9 82.0714 1.05248e-005 35.5569 286.856
2.22917 2 7 1011.39 1.7 83.5714 2.10495e-005 17.7025 289.156
2.25 2 7.3 1011.39 1.6 84.5 2.12834e-005 9.89475 289.822
2.27083 2 7.6 1011.39 1.5 85.4286 2.15173e-005 2.087 290.487
2.29167 2 7.5 1011.3 1.5 85.1429 2.14453e-005 1.0435 282.587
2.3125 2 7.4 1011.22 1.5 84.8571 2.13734e-005 0 274.688
2.33333 2 7.35 1011.17 1.55 85 2.14093e-005 0 288.104
2.35417 2 7.3 1011.12 1.6 85.1429 2.14453e-005 0 301.521
2.375 2 7.5 1011.04 1.75 84.2143 2.12114e-005 0 290.098
2.39583 2 7.7 1010.95 1.9 83.2857 2.09776e-005 0 278.674
2.41667 2 7.8 1010.88 1.95 83 2.09056e-005 0 277.805
2.4375 2 7.9 1010.81 2 82.7143 2.08336e-005 0 276.936
2.45833 2 7.75 1010.72 2.1 84.8571 2.13734e-005 0 281.93
2.47917 2 7.6 1010.64 2.2 87 2.19131e-005 0 286.923
2.5 2 7.95 1010.48 2.15 84.9286 2.13913e-005 0 286.073
2.52083 2 8.3 1010.32 2.1 82.8571 2.08696e-005 0 285.224
2.54167 2 8.45 1010.18 2.1 83.2142 2.09596e-005 0.00358334 285.268
2.5625 2 8.6 1010.05 2.1 83.5714 2.10495e-005 0.00716667 285.311
2.58333 2 8.7 1009.98 2.15 83.7857 2.11035e-005 1.58208 284.236
2.60417 2 8.8 1009.92 2.2 84 2.11575e-005 3.157 283.161
2.625 2 8.9 1009.75 2.25 84.0714 2.11755e-005 12.7544 279.062
2.64583 2 9 1009.58 2.3 84.1429 2.11934e-005 22.3518 274.963
2.66667 2 9.2 1009.45 2.45 83.8571 2.11215e-005 39.3145 279.526
2.6875 2 9.4 1009.32 2.6 83.5714 2.10495e-005 56.2772 284.09
2.70833 2 9.45 1009.21 2.8 82.7857 2.08516e-005 85.1231 285.785
2.72917 2 9.5 1009.1 3 82 2.06537e-005 113.969 287.48
2.75 2 9.65 1008.97 3.05 81.0714 1.03269e-005 126.744 288.766
2.77083 2 9.8 1008.85 3.1 80.1429 0 139.519 290.051
2.79167 2 9.85 1008.69 3.2 79 0 162.483 292.811
2.8125 2 9.9 1008.54 3.3 77.8571 0 185.448 295.571
2.83333 2 9.9 1008.33 3.45 76.9286 0 189.031 296.171
2.85417 2 9.9 1008.13 3.6 76 0 192.615 296.77
2.875 2 9.85 1008.05 3.85 76.2857 0 231.584 294.698
2.89583 2 9.8 1007.97 4.1 76.5714 0 270.553 292.627
2.91667 2 10.05 1007.85 4.15 77.3571 0 268.19 289.568
2.9375 2 10.3 1007.74 4.2 78.1429 0 265.827 286.508
2.95833 2 10.45 1007.54 4.25 77.7858 0 273.159 295.69
2.97917 2 10.6 1007.34 4.3 77.4286 0 280.491 304.873
3 2 10.7 1007.17 4.35 77.7858 0 275.5 299.556
3.02083 2 10.8 1006.99 4.4 78.1429 0 270.51 294.239
3.04167 2 11 1006.78 4.35 78.9286 0 199.017 302.598
3.0625 2 11.2 1006.57 4.3 79.7143 0 127.523 310.956
3.08333 2 11.3 1006.37 4.3 80.2143 0 109.404 314.424
3.10417 2 11.4 1006.17 4.3 80.7143 0 91.2855 317.892
3.125 2 11.25 1006.07 4.3 80.9286 1.02189e-005 74.7969 319.579
3.14583 2 11.1 1005.97 4.3 81.1429 2.04378e-005 58.3083 321.266
3.16667 2 11.05 1005.87 4.25 81.2858 2.04738e-005 44.3845 319.348
3.1875 2 11 1005.77 4.2 81.4286 2.05098e-005 30.4607 317.43
3.20833 2 11.05 1005.67 4.2 81.6429 2.05638e-005 20.8987 318.669
3.22917 2 11.1 1005.57 4.2 81.8571 2.06178e-005 11.3367 319.909
3.25 2 11 1005.43 4.25 82.4286 2.07617e-005 6.17043 320.812
3.27083 2 10.9 1005.29 4.3 83 2.09056e-005 1.00417 321.715
3.29167 2 10.8 1005.18 4.3 83.5714 2.10495e-005 0.502085 322.304
3.3125 2 10.7 1005.07 4.3 84.1429 2.11934e-005 0 322.893
3.33333 2 10.75 1005.01 4.3 84.1429 2.11934e-005 0 324.615
3.35417 2 10.8 1004.95 4.3 84.1429 2.11934e-005 0 326.337
3.375 2 10.8 1004.94 4.3 84.4286 2.12654e-005 0 326.926
3.39583 2 10.8 1004.93 4.3 84.7143 2.13374e-005 0 327.515
3.41667 2 10.65 1004.86 4.35 84.9286 2.13914e-005 0 328.62
3.4375 2 10.5 1004.8 4.4 85.1429 2.14453e-005 0 329.724
3.45833 2 10.5 1004.69 4.45 87.0714 2.19311e-005 0 330.4
3.47917 2 10.5 1004.58 4.5 89 2.24169e-005 0 331.075
3.5 2 10.4 1004.47 4.5 87.2143 2.19671e-005 0 331.674
3.52083 2 10.3 1004.37 4.5 85.4286 2.15173e-005 0 332.272
3.54167 2 10.25 1004.29 4.55 86.2858 2.17332e-005 0 332.845
3.5625 2 10.2 1004.21 4.6 87.1429 2.19491e-005 0 333.418
3.58333 2 10.05 1004.14 4.65 87.3571 2.20031e-005 0.321333 333.887
3.60417 2 9.9 1004.06 4.7 87.5714 2.2057e-005 0.642667 334.356
3.625 2 10 1003.91 4.75 88.1429 2.2201e-005 4.66558 334.651
3.64583 2 10.1 1003.75 4.8 88.7143 2.23449e-005 8.6885 334.945
3.66667 2 10.2 1003.57 4.85 88 2.2165e-005 16.0024 334.901
3.6875 2 10.3 1003.39 4.9 87.2857 2.19851e-005 23.3163 334.858
3.70833 2 10.35 1003.28 4.95 86.5714 2.18052e-005 36.1009 335.117
3.72917 2 10.4 1003.16 5 85.8571 2.16253e-005 48.8855 335.376
3.75 2 10.45 1003.06 5.05 84.8571 2.13734e-005 51.7282 335.805
3.77083 2 10.5 1002.96 5.1 83.8571 2.11215e-005 54.571 336.234
3.79167 2 10.7 1002.92 5.15 83.4286 2.10136e-005 59.6496 336.459
3.8125 2 10.9 1002.88 5.2 83 2.09056e-005 64.7282 336.684
3.83333 2 11.1 1002.79 5.2 82.9286 2.08876e-005 66.9867 336.634
3.85417 2 11.3 1002.7 5.2 82.8571 2.08696e-005 69.2452 336.584
3.875 2 11.4 1002.59 5.25 82.9286 2.08876e-005 105.74 336.808
3.89583 2 11.5 1002.48 5.3 83 2.09056e-005 142.234 337.032
3.91667 2 11.1 1002.32 5.3 83.0714 2.09236e-005 134.465 337.165
3.9375 2 10.7 1002.17 5.3 83.1429 2.09416e-005 126.697 337.298
3.95833 2 10.2 1002.16 5.35 82.4286 2.07617e-005 117.704 337.609
3.97917 2 9.7 1002.15 5.4 81.7143 2.05818e-005 108.712 337.921
4 2 9.75 1001.82 5.5 82 2.06537e-005 129.315 338.086
4.02083 2 9.8 1001.49 5.6 82.2857 2.07257e-005 149.918 338.252
4.04167 2 9.3 1001.26 5.5 82.4286 2.07617e-005 125.743 338.085
4.0625 2 8.8 1001.03 5.4 82.5714 2.07976e-005 101.569 337.918
4.08333 2 8.5 1000.86 5.4 82.619 2.08096e-005 92.1479 337.803
4.10417 2 8.2 1000.7 5.4 82.6667 2.08216e-005 82.7268 337.689
4.125 2 8.3 1000.51 5.35 82.5477 2.07917e-005 67.5307 337.706
4.14583 2 8.4 1000.32 5.3 82.4286 2.07617e-005 52.3347 337.722
4.16667 2 8.4 1000.08 5.3 83.3571 2.09956e-005 35.3021 337.812
4.1875 2 8.4 999.84 5.3 84.2857 2.12294e-005 18.2695 337.902
4.20833 2 8.25 999.575 5.25 85 2.14093e-005 11.2415 337.828
4.22917 2 8.1 999.31 5.2 85.7143 2.15892e-005 4.2135 337.754
4.25 2 8.65 998.945 5.15 85.8571 2.16252e-005 2.30908 337.467
4.27083 2 9.2 998.58 5.1 86 2.16612e-005 0.404667 337.18
4.29167 2 9.45 998.37 5.15 86.3571 2.17512e-005 0.202333 337.178
4.3125 2 9.7 998.16 5.2 86.7143 2.18411e-005 0 337.176
4.33333 2 9.6 997.81 5.1 86.6429 2.18231e-005 0 336.899
4.35417 2 9.5 997.46 5 86.5714 2.18051e-005 0 336.623
4.375 2 9.85 997.07 5.05 86.6429 2.18231e-005 0 336.763
4.39583 2 10.2 996.68 5.1 86.7143 2.18411e-005 0 336.904
4.41667 2 10.25 996.285 5.1 86.1429 2.16972e-005 0 337.154
4.4375 2 10.3 995.89 5.1 85.5714 2.15533e-005 0 337.404
4.45833 2 10.2 995.52 5.1 86.7023 2.18381e-005 0 337.264
4.47917 2 10.1 995.15 5.1 87.8333 2.2123e-005 0 337.124
4.5 2 10.5 994.7 5.15 86.0595 2.16762e-005 0 336.02
4.52083 2 10.9 994.25 5.2 84.2857 2.12294e-005 0 334.915
4.54167 2 9.55 994.11 5.2 84.4286 2.12654e-005 0 336.013
4.5625 2 8.2 993.97 5.2 84.5714 2.13014e-005 0 337.112
4.58333 2 8.6 993.55 5.2 84.5 2.12834e-005 0.12425 336.948
4.60417 2 9 993.13 5.2 84.4286 2.12654e-005 0.2485 336.784
4.625 2 8.25 992.79 5.15 84.5 2.12834e-005 1.65759 336.805
4.64583 2 7.5 992.45 5.1 84.5714 2.13014e-005 3.06667 336.825
4.66667 2 7.5 992.18 5.05 84.5 2.12834e-005 6.54399 336.694
4.6875 2 7.5 991.91 5 84.4286 2.12654e-005 10.0213 336.562
4.70833 2 7.6 991.665 5 84.2143 2.12114e-005 18.9845 335.503
4.72917 2 7.7 991.42 5 84 2.11575e-005 27.9477 334.444
4.75 2 7.55 991.125 5.05 83.5 2.10315e-005 43.5693 333.858
4.77083 2 7.4 990.83 5.1 83 2.09056e-005 59.1908 333.272
4.79167 2 7.3 990.6 5.15 82.9286 2.08876e-005 69.4873 333.052
4.8125 2 7.2 990.37 5.2 82.8571 2.08696e-005 79.7838 332.831
4.83333 2 6.8 990.225 5.25 82.7142 2.08336e-005 98.3504 331.592
4.85417 2 6.4 990.08 5.3 82.5714 2.07976e-005 116.917 330.353
4.875 2 6 990.025 5.3 81.8571 2.06177e-005 115.281 333.275
4.89583 2 5.6 989.97 5.3 81.1429 2.04378e-005 113.645 336.197
4.91667 2 5.4 989.965 5.3 81 1.02189e-005 121.15 336.34
4.9375 2 5.2 989.96 5.3 80.8571 0 128.655 336.483
4.95833 2 5 989.965 5.3 80.2857 0 131.736 336.151
4.97917 2 4.8 989.97 5.3 79.7143 0 134.816 335.819
5 2 4.6 989.965 5.2 80 0 122.546 335.258
5.02083 2 4.4 989.96 5.1 80.2857 0 110.277 334.697
5.04167 2 3.95 989.945 4.85 81 1.02909e-005 112.313 334.691
5.0625 2 3.5 989.93 4.6 81.7143 2.05818e-005 114.35 334.686
5.08333 2 3.95 989.915 4.3 82.9286 2.08876e-005 100.662 331.907
5.10417 2 4.4 989.9 4 84.1429 2.11934e-005 86.9743 329.128
5.125 2 4.45 989.905 3.7 84.7143 2.13374e-005 73.3054 326.052
5.14583 2 4.5 989.91 3.4 85.2857 2.14813e-005 59.6365 322.976
5.16667 2 4.5 989.935 3.25 85.7143 2.15892e-005 46.2929 321.257
5.1875 2 4.5 989.96 3.1 86.1429 2.16972e-005 32.9493 319.537
5.20833 2 4.4 990.09 2.9 85.9286 2.16432e-005 20.1781 318.089
5.22917 2 4.3 990.22 2.7 85.7143 2.15892e-005 7.40683 316.641
5.25 2 4.4 990.365 2.6 85.2857 2.14813e-005 3.84808 316.302
5.27083 2 4.5 990.51 2.5 84.8571 2.13734e-005 0.289333 315.963
5.29167 2 4.7 990.65 2.35 85.2142 2.14633e-005 0.144666 306.915
5.3125 2 4.9 990.79 2.2 85.5714 2.15533e-005 0 297.867
5.33333 2 4.95 991.005 2 84.9286 2.13914e-005 0 296.49
5.35417 2 5 991.22 1.8 84.2857 2.12294e-005 0 295.113
5.375 2 5.05 991.405 1.7 83.9286 2.11395e-005 0 286.177
5.39583 2 5.1 991.59 1.6 83.5714 2.10495e-005 0 277.241
5.41667 2 4.95 991.7 1.6 82.9286 2.08876e-005 0 284.181
5.4375 2 4.8 991.81 1.6 82.2857 2.07257e-005 0 291.121
5.45833 2 4.95 991.89 1.7 82.3095 2.07317e-005 0 296.01
5.47917 2 5.1 991.97 1.8 82.3333 2.07377e-005 0 300.898
5.5 2 5.7 992.15 1.8 81.5952 1.03688e-005 0 306.243
5.52083 2 6.3 992.33 1.8 80.8571 0 0 311.589
5.54167 2 6.55 992.475 1.65 81.2142 1.02729e-005 0 313.902
5.5625 2 6.8 992.62 1.5 81.5714 2.05458e-005 0 316.215
5.58333 2 6.85 992.725 1.6 82.5714 2.07977e-005 0.31175 314.904
5.60417 2 6.9 992.83 1.7 83.5714 2.10495e-005 0.6235 313.593
5.625 2 7 992.91 1.75 83.6429 2.10675e-005 6.10925 309.893
5.64583 2 7.1 992.99 1.8 83.7143 2.10855e-005 11.595 306.194
5.66667 2 7.4 993.16 1.85 83.7143 2.10855e-005 19.8619 309.99
5.6875 2 7.7 993.33 1.9 83.7143 2.10855e-005 28.1287 313.786
5.70833 2 7.55 993.545 1.7 84.0714 2.11755e-005 32.8688 315.209
5.72917 2 7.4 993.76 1.5 84.4286 2.12654e-005 37.6088 316.632
5.75 2 7.45 994.12 1.8 84.0714 2.11755e-005 64.0573 315.174
5.77083 2 7.5 994.48 2.1 83.7143 2.10855e-005 90.5057 313.717
5.79167 2 7.95 994.91 2 84.9405 2.13943e-005 92.357 314.839
5.8125 2 8.4 995.34 1.9 86.1667 2.17032e-005 94.2083 315.961
5.83333 2 8.5 995.835 1.9 85.3334 2.14933e-005 102.619 316.008
5.85417 2 8.6 996.33 1.9 84.5 2.12834e-005 111.03 316.056
5.875 2 8.9 996.815 1.9 84.25 2.12204e-005 115.434 316.027
5.89583 2 9.2 997.3 1.9 84 2.11575e-005 119.839 315.999
5.91667 2 9.35 997.81 2 84 2.11575e-005 135.854 314.865
5.9375 2 9.5 998.32 2.1 84 2.11575e-005 151.869 313.732
5.95833 2 9.6 998.84 2.1 83.3334 2.09896e-005 160.873 314.047
5.97917 2 9.7 999.36 2.1 82.6667 2.08216e-005 169.877 314.361
6 2 9.65 999.8 2 82.8334 2.08636e-005 140.691 314.656
6.02083 2 9.6 1000.24 1.9 83 2.09056e-005 111.506 314.95
6.04167 2 9.75 1000.71 2 83.1429 2.09416e-005 95.5449 314.172
6.0625 2 9.9 1001.19 2.1 83.2857 2.09776e-005 79.5838 313.395
6.08333 2 10 1001.66 2.2 82.3304 2.07369e-005 78.0377 312.378
6.10417 2 10.1 1002.12 2.3 81.375 2.04963e-005 76.4915 311.36
6.125 2 10.35 1002.56 2.25 81.4375 2.0512e-005 76.3301 307.304
6.14583 2 10.6 1003 2.2 81.5 2.05278e-005 76.1687 303.248
6.16667 2 10.4 1003.49 2 81.875 2.06222e-005 50.6011 304.995
6.1875 2 10.2 1003.98 1.8 82.25 2.07167e-005 25.0335 306.742
6.20833 2 10.15 1004.52 1.65 82.4107 2.07572e-005 14.6783 307.764
6.22917 2 10.1 1005.05 1.5 82.5714 2.07976e-005 4.323 308.787
6.25 2 9.85 1005.56 1.5 82.7232 2.08359e-005 2.23458 306.813
6.27083 2 9.6 1006.07 1.5 82.875 2.08741e-005 0.146167 304.838
6.29167 2 9.4 1006.53 1.5 82.25 2.07167e-005 0.0730835 303.595
6.3125 2 9.2 1006.98 1.5 81.625 2.05593e-005 0 302.352
6.33333 2 9.2 1007.43 1.55 81.25 1.02796e-005 0 303.247
6.35417 2 9.2 1007.88 1.6 80.875 0 0 304.142
6.375 2 9.05 1008.37 1.55 80.625 0 0 304.852
6.39583 2 8.9 1008.86 1.5 80.375 0 0 305.563
6.41667 2 8.75 1009.32 1.4 80.1875 0 0 306.493
6.4375 2 8.6 1009.79 1.3 80 0 0 307.423
6.45833 2 8.25 1010.18 1.25 80.5714 1.02189e-005 0 308.296
6.47917 2 7.9 1010.58 1.2 81.1429 2.04378e-005 0 309.168
6.5 2 7.8 1010.95 1.2 79.7589 1.02189e-005 0 308.513
6.52083 2 7.7 1011.32 1.2 78.375 0 0 307.859
6.54167 2 7.5 1011.61 1.15 78.0625 0 0 307.53
6.5625 2 7.3 1011.91 1.1 77.75 0 0 307.201
6.58333 2 7.25 1012.06 1.1 77.6875 0 0.108084 308.046
6.60417 2 7.2 1012.22 1.1 77.625 0 0.216167 308.891
6.625 2 7.1 1012.41 0.95 77.375 0 2.22017 306.509
6.64583 2 7 1012.59 0.8 77.125 0 4.22417 304.128
6.66667 2 7.15 1012.81 0.8 77.4375 0 16.615 301.925
6.6875 2 7.3 1013.02 0.8 77.75 0 29.0058 299.723
6.70833 2 6.85 1013.32 0.75 77.75 0 46.949 300.849
6.72917 2 6.4 1013.61 0.7 77.75 0 64.8922 301.975
6.75 2 6.3 1013.85 0.9 77.875 0 74.2412 303.411
6.77083 2 6.2 1014.1 1.1 78 0 83.5903 304.846
6.79167 2 6.1 1014.33 1.25 76.4375 0 106.73 303.883
6.8125 2 6 1014.57 1.4 74.875 0 129.869 302.919
6.83333 2 5.95 1014.83 1.4 74.1875 0 168.362 297.284
6.85417 2 5.9 1015.09 1.4 73.5 0 206.855 291.649
6.875 2 5.85 1015.28 1.4 72.8125 0 209.31 296.634
6.89583 2 5.8 1015.46 1.4 72.125 0 211.765 301.62
6.91667 2 5.9 1015.59 1.35 71.5 0 215.915 299.038
6.9375 2 6 1015.72 1.3 70.875 0 220.065 296.456
6.95833 2 6 1015.81 1.1 70.0625 0 229.655 296.437
6.97917 2 6 1015.9 0.9 69.25 0 239.245 296.418
7 2 5.95 1015.84 1.05 69.9107 0 246.317 291.83
7.02083 2 5.9 1015.79 1.2 70.5714 0 253.389 287.242
7.04167 2 5.9 1015.79 1.2 70.0714 0 220.706 291.553
7.0625 2 5.9 1015.78 1.2 69.5714 0 188.022 295.865
7.08333 2 5.85 1015.76 1 70.5714 0 153.454 285.143
7.10417 2 5.8 1015.74 0.8 71.5714 0 118.887 274.421
7.125 2 5.9 1015.76 0.6 72.1429 0 82.9021 281.469
7.14583 2 6 1015.78 0.4 72.7143 0 46.9172 288.517
7.16667 2 5.55 1015.8 0.35 73.6429 0 39.0518 290.725
7.1875 2 5.1 1015.82 0.3 74.5714 0 31.1865 292.934
7.20833 2 4.95 1015.88 0.3 74.6429 0 18.6663 285.315
7.22917 2 4.8 1015.94 0.3 74.7143 0 6.146 277.697
7.25 2 4.95 1016.04 0.35 74.7857 0 3.27067 280.408
7.27083 2 5.1 1016.13 0.4 74.8571 0 0.395333 283.118
7.29167 2 5 1016.23 0.4 74.2142 0 0.197666 284.682
7.3125 2 4.9 1016.33 0.4 73.5714 0 0 286.247
7.33333 2 4.9 1016.47 0.3 74.2142 0 0 290.112
7.35417 2 4.9 1016.61 0.2 74.8571 0 0 293.977
7.375 2 5.15 1016.74 0.2 74.7857 0 0 291.739
7.39583 2 5.4 1016.87 0.2 74.7143 0 0 289.501
7.41667 2 5.2 1016.97 0.15 75 0 0 290.902
7.4375 2 5 1017.08 0.1 75.2857 0 0 292.303
7.45833 2 4.95 1017.09 0.05 75.2262 0 0 287.621
7.47917 2 4.9 1017.1 0 75.1667 0 0 282.939
7.5 2 5.25 1017.14 0.05 75.2977 0 0 288.524
7.52083 2 5.6 1017.18 0.1 75.4286 0 0 294.109
7.54167 2 5.3 1017.3 0.1 75.7858 0 0 295.142
7.5625 2 5 1017.42 0.1 76.1429 0 0 296.175
7.58333 2 5.2 1017.46 0.05 76.3571 0 0.387167 296.584
7.60417 2 5.4 1017.5 0 76.5714 0 0.774333 296.994
7.625 2 5.15 1017.55 -0.05 76.6429 0 3.68 294.012
7.64583 2 4.9 1017.6 -0.1 76.7143 0 6.58567 291.03
7.66667 2 4.95 1017.64 -0.05 76.1429 0 20.4553 288.424
7.6875 2 5 1017.68 0 75.5714 0 34.325 285.818
7.70833 2 4.6 1017.81 0.1 75.2857 0 50.9201 290.187
7.72917 2 4.2 1017.94 0.2 75 0 67.5152 294.556
7.75 2 4.45 1017.98 0.3 73.5714 0 81.1189 297.177
7.77083 2 4.7 1018.02 0.4 72.1429 0 94.7227 299.797
7.79167 2 4.85 1018.09 0.55 71.5714 0 129.517 295.879
7.8125 2 5 1018.15 0.7 71 0 164.311 291.961
7.83333 2 5 1018.27 0.6 71.125 0 171.577 296.04
7.85417 2 5 1018.39 0.5 71.25 0 178.844 300.12
7.875 2 4.95 1018.47 0.7 70.375 0 220.935 294.178
7.89583 2 4.9 1018.56 0.9 69.5 0 263.026 288.237
7.91667 2 4.85 1018.66 0.95 69.375 0 248.776 285.398
7.9375 2 4.8 1018.75 1 69.25 0 234.527 282.558
7.95833 2 4.95 1018.79 1.15 70 0 239.055 290.117
7.97917 2 5.1 1018.82 1.3 70.75 0 243.582 297.675
8 2 5.15 1018.87 1.15 71.125 0 191.755 295.734
8.02083 2 5.2 1018.92 1 71.5 0 139.928 293.793
8.04167 2 4.95 1018.96 1.05 72.625 0 119.828 298.389
8.0625 2 4.7 1019.01 1.1 73.75 0 99.7278 302.986
8.08333 2 5 1019.05 1 74.8125 0 97.9337 297.636
8.10417 2 5.3 1019.1 0.9 75.875 0 96.1395 292.286
8.125 2 5.4 1019.1 0.85 75.8125 0 78.293 296.579
8.14583 2 5.5 1019.1 0.8 75.75 0 60.4465 300.872
8.16667 2 5.25 1019.13 0.75 75.625 0 42.6148 301.526
8.1875 2 5 1019.15 0.7 75.5 0 24.7832 302.18
8.20833 2 4.65 1019.14 0.7 76.3125 0 14.0103 302.593
8.22917 2 4.3 1019.13 0.7 77.125 0 3.23733 303.006
8.25 2 3.4 1019.2 0.7 77.875 0 1.715 303.117
8.27083 2 2.5 1019.26 0.7 78.625 0 0.192667 303.228
8.29167 2 3 1019.33 0.85 79.25 0 0.0963335 303.343
8.3125 2 3.5 1019.4 1 79.875 0 0 303.458
8.33333 2 3.2 1019.47 1 80.0625 0 0 304.132
8.35417 2 2.9 1019.53 1 80.25 0 0 304.806
8.375 2 3.05 1019.59 1.05 80.3125 0 0 305
8.39583 2 3.2 1019.66 1.1 80.375 0 0 305.193
8.41667 2 3.3 1019.67 0.9 79.75 0 0 300.829
8.4375 2 3.4 1019.69 0.7 79.125 0 0 296.466
8.45833 2 3.35 1019.65 0.7 78.4911 0 0 300.385
8.47917 2 3.3 1019.6 0.7 77.8571 0 0 304.304
8.5 2 3.15 1019.59 0.9 77.2411 0 0 305.786
8.52083 2 3 1019.59 1.1 76.625 0 0 307.268
8.54167 2 2.65 1019.61 1.05 76.625 0 0 307.576
8.5625 2 2.3 1019.63 1 76.625 0 0 307.884
8.58333 2 2.25 1019.63 1.05 76.6875 0 0.369583 305.42
8.60417 2 2.2 1019.62 1.1 76.75 0 0.739167 302.956
8.625 2 2.6 1019.65 1.2 76.875 0 6.95473 294.534
8.64583 2 3 1019.68 1.3 77 0 13.1703 286.111
8.66667 2 3.15 1019.78 1.15 77.3571 0 25.8771 289.889
8.6875 2 3.3 1019.87 1 77.7143 0 38.584 293.667
8.70833 2 3.5 1019.93 1.05 78.5714 0 60.5626 292.794
8.72917 2 3.7 1019.99 1.1 79.4286 0 82.5412 291.92
8.75 2 3.95 1020.09 1.1 78.3571 0 108.352 277.208
8.77083 2 4.2 1020.2 1.1 77.2857 0 134.163 262.496
8.79167 2 3.95 1020.34 1.05 76.6429 0 154.117 274.443
8.8125 2 3.7 1020.49 1 76 0 174.071 286.39
8.83333 2 3.45 1020.57 1 76.2143 0 183.223 287.646
8.85417 2 3.2 1020.65 1 76.4286 0 192.374 288.902
8.875 2 2.75 1020.77 1.15 76.5 0 222.047 287.278
8.89583 2 2.3 1020.89 1.3 76.5714 0 251.721 285.653
8.91667 2 2.3 1020.98 1.35 77.2142 0 237.238 286.438
8.9375 2 2.3 1021.08 1.4 77.8571 0 222.756 287.223
8.95833 2 2.6 1021.08 1.55 77.4286 0 216.128 294.678
8.97917 2 2.9 1021.07 1.7 77 0 209.499 302.134
9 2 3.3 1021.09 1.75 77.625 0 187.257 307.93
9.02083 2 3.7 1021.11 1.8 78.25 0 165.015 313.726
9.04167 2 4.25 1021.16 1.75 77.625 0 141.986 313.616
9.0625 2 4.8 1021.2 1.7 77 0 118.958 313.506
9.08333 2 4.9 1021.28 1.75 76.4375 0 105.775 311.108
9.10417 2 5 1021.35 1.8 75.875 0 92.5922 308.709
9.125 2 4.9 1021.36 1.6 75.75 0 66.2722 308.836
9.14583 2 4.8 1021.38 1.4 75.625 0 39.9523 308.962
9.16667 2 4.85 1021.38 1.1 75.3125 0 26.511 306.728
9.1875 2 4.9 1021.38 0.8 75 0 13.0697 304.494
9.20833 2 4.4 1021.53 0.65 75.625 0 9.03518 302.655
9.22917 2 3.9 1021.67 0.5 76.25 0 5.00067 300.816
9.25 2 3.75 1021.72 0.5 76.3125 0 2.56208 301.316
9.27083 2 3.6 1021.77 0.5 76.375 0 0.1235 301.816
9.29167 2 3.45 1021.83 0.5 76.3125 0 0.06175 303.229
9.3125 2 3.3 1021.89 0.5 76.25 0 0 304.642
9.33333 2 3.05 1021.94 0.4 77.25 0 0 300.958
9.35417 2 2.8 1021.99 0.3 78.25 0 0 297.275
9.375 2 2.55 1022.04 0.2 77.9375 0 0 282.594
9.39583 2 2.3 1022.09 0.1 77.625 0 0 267.914
9.41667 2 2.2 1022.04 0.15 77.3125 0 0 287.539
9.4375 2 2.1 1021.98 0.2 77 0 0 307.163
9.45833 2 2.8 1021.98 0.25 77.0625 0 0 304.483
9.47917 2 3.5 1021.98 0.3 77.125 0 0 301.804
9.5 2 3.3 1022.01 0.25 76.2054 0 0 301.353
9.52083 2 3.1 1022.03 0.2 75.2857 0 0 300.902
9.54167 2 3.05 1022.01 0.15 74.7679 0 0 294.714
9.5625 2 3 1021.98 0.1 74.25 0 0 288.525
9.58333 2 3.1 1021.99 0.25 74.5625 0 0.0726665 291.376
9.60417 2 3.2 1022 0.4 74.875 0 0.145333 294.228
9.625 2 3.2 1022.01 0.35 74.9375 0 2.91433 294.971
9.64583 2 3.2 1022.02 0.3 75 0 5.68333 295.714
9.66667 2 2.95 1022.02 0.35 75 0 18.4683 293.547
9.6875 2 2.7 1022.01 0.4 75 0 31.2533 291.379
9.70833 2 2.4 1022 0.35 74.6875 0 50.7842 293.659
9.72917 2 2.1 1021.99 0.3 74.375 0 70.3152 295.938
9.75 2 2.35 1021.99 0.4 73.8125 0 96.5871 293.93
9.77083 2 2.6 1021.99 0.5 73.25 0 122.859 291.923
9.79167 2 2.9 1022.04 0.65 73.5 0 142.167 286.047
9.8125 2 3.2 1022.1 0.8 73.75 0 161.475 280.17
9.83333 2 2.8 1022.19 0.9 72.6875 0 172.276 290.043
9.85417 2 2.4 1022.28 1 71.625 0 183.077 299.915
9.875 2 2.55 1022.28 0.95 71.257 0 247.679 296.334
9.89583 2 2.7 1022.28 0.9 70.8889 0 312.281 292.753
9.91667 2 2.55 1022.24 1 71.2778 0 302.768 291.415
9.9375 2 2.4 1022.21 1.1 71.6667 0 293.254 290.077
9.95833 2 2.35 1022.1 1.05 71.0555 0 312.947 279.393
9.97917 2 2.3 1021.99 1 70.4444 0 332.639 268.708
10 2 2.2 1021.94 1.05 71.1666 0 260.019 279.487
10.0208 2 2.1 1021.89 1.1 71.8889 0 187.399 290.266
10.0417 2 2.3 1021.88 1.1 72 0 164.863 292.93
10.0625 2 2.5 1021.87 1.1 72.1111 0 142.326 295.593
10.0833 2 2.65 1021.78 1.1 72.2222 0 139.625 285.107
10.1042 2 2.8 1021.68 1.1 72.3333 0 136.924 274.621
10.125 2 2.85 1021.58 1.1 72.5 0 107.904 287.596
10.1458 2 2.9 1021.49 1.1 72.6667 0 78.8839 300.572
10.1667 2 3.2 1021.46 0.95 73.3889 0 49.951 302.643
10.1875 2 3.5 1021.43 0.8 74.1111 0 21.0182 304.713
10.2083 2 3.2 1021.43 0.75 74.0555 0 12.672 303.414
10.2292 2 2.9 1021.43 0.7 74 0 4.32583 302.114
10.25 2 3.35 1021.46 0.65 73.9445 0 2.20025 299.69
10.2708 2 3.8 1021.49 0.6 73.8889 0 0.0746667 297.267
10.2917 2 3.55 1021.48 0.65 75.2778 0 0.0373334 298.229
10.3125 2 3.3 1021.47 0.7 76.6667 0 0 299.191
10.3333 2 3.35 1021.49 0.75 77.7778 0 0 300.903
10.3542 2 3.4 1021.52 0.8 78.8889 0 0 302.615
10.375 2 3.15 1021.51 0.75 79.8334 0 0 301.548
10.3958 2 2.9 1021.5 0.7 80.7778 0 0 300.482
10.4167 2 2.8 1021.52 0.75 81.4445 1.03409e-005 0 303.662
10.4375 2 2.7 1021.54 0.8 82.1111 2.06817e-005 0 306.843
10.4583 2 2.5 1021.5 0.75 81.9445 2.06397e-005 0 306.974
10.4792 2 2.3 1021.46 0.7 81.7778 2.05978e-005 0 307.104
10.5 2 2.85 1021.43 1 81.4514 2.05155e-005 0 308.472
10.5208 2 3.4 1021.39 1.3 81.125 2.04333e-005 0 309.84
10.5417 2 3.5 1021.32 1.3 80.8403 1.02167e-005 0 306.232
10.5625 2 3.6 1021.25 1.3 80.5556 0 0 302.624
10.5833 2 4.1 1021.2 1.45 80.6112 0 0.0723335 304.098
10.6042 2 4.6 1021.16 1.6 80.6667 0 0.144667 305.572
10.625 2 4.5 1021.03 1.7 80.5 0 2.83992 303.033
10.6458 2 4.4 1020.91 1.8 80.3333 0 5.53517 300.493
10.6667 2 5.35 1020.85 1.9 80.2777 0 14.1043 308.111
10.6875 2 6.3 1020.8 2 80.2222 0 22.6735 315.729
10.7083 2 6.45 1020.82 1.95 80.5555 0 36.7162 316.042
10.7292 2 6.6 1020.83 1.9 80.8889 0 50.759 316.355
10.75 2 6.8 1020.84 2 80.9445 1.02009e-005 95.328 310.023
10.7708 2 7 1020.86 2.1 81 2.04019e-005 139.897 303.691
10.7917 2 7.05 1020.89 2.15 80.8889 1.02009e-005 157.098 285.382
10.8125 2 7.1 1020.92 2.2 80.7778 0 174.299 267.072
10.8333 2 6.95 1020.82 2.2 80 0 141.005 282.49
10.8542 2 6.8 1020.72 2.2 79.2222 0 107.711 297.909
10.875 2 6.75 1020.68 2.5 78.2222 0 139.121 294.042
10.8958 2 6.7 1020.65 2.8 77.2222 0 170.532 290.174
10.9167 2 6.4 1020.66 2.95 75.5555 0 196.592 287.574
10.9375 2 6.1 1020.67 3.1 73.8889 0 222.653 284.974
10.9583 2 5.75 1020.58 3.05 73.1111 0 186.989 294.777
10.9792 2 5.4 1020.49 3 72.3333 0 151.325 304.581
11 2 4.95 1020.35 3 72.5 0 150.685 303.644
11.0208 2 4.5 1020.21 3 72.6667 0 150.044 302.707
11.0417 2 4.7 1020.07 3 73.2778 0 164.179 302.133
11.0625 2 4.9 1019.92 3 73.8889 0 178.314 301.559
11.0833 2 5.35 1019.85 3 75.5555 0 136.046 304.677
11.1042 2 5.8 1019.78 3 77.2222 0 93.777 307.795
11.125 2 5.6 1019.64 3.05 77.4445 0 75.4709 305.794
11.1458 2 5.4 1019.5 3.1 77.6667 0 57.1648 303.792
11.1667 2 5.2 1019.36 2.85 78.0555 0 37.9805 298.85
11.1875 2 5 1019.22 2.6 78.4444 0 18.7963 293.908
11.2083 2 4.85 1019.08 2.6 79.1111 0 10.5982 306.57
11.2292 2 4.7 1018.95 2.6 79.7778 0 2.4 319.232
11.25 2 4.3 1018.83 2.6 79.1667 0 1.20375 314.625
11.2708 2 3.9 1018.72 2.6 78.5556 0 0.0075 310.019
11.2917 2 3.65 1018.63 2.65 78.7223 0 0.00375 315.82
11.3125 2 3.4 1018.53 2.7 78.8889 0 0 321.622
11.3333 2 4.15 1018.43 2.75 79.9445 1.02009e-005 0 323.102
11.3542 2 4.9 1018.33 2.8 81 2.04019e-005 0 324.581
11.375 2 5.8 1018.2 2.85 81.3889 2.04998e-005 0 324.914
11.3958 2 6.7 1018.06 2.9 81.7778 2.05978e-005 0 325.246
11.4167 2 6.75 1017.93 2.9 81.5555 2.05418e-005 0 325.487
11.4375 2 6.8 1017.8 2.9 81.3333 2.04858e-005 0 325.729
11.4583 2 6.85 1017.65 2.85 80.6666 1.02429e-005 0 325.804
11.4792 2 6.9 1017.5 2.8 80 0 0 325.879
11.5 2 6.95 1017.43 2.75 80.3125 0 0 325.861
11.5208 2 7 1017.37 2.7 80.625 0 0 325.843
11.5417 2 7.05 1017.21 2.65 79.9236 0 0 325.311
11.5625 2 7.1 1017.05 2.6 79.2222 0 0 324.78
11.5833 2 6.9 1016.95 2.5 78.8333 0 0.04425 324.167
11.6042 2 6.7 1016.84 2.4 78.4444 0 0.0885 323.555
11.625 2 6.75 1016.69 2.35 78.0555 0 1.02466 322.247
11.6458 2 6.8 1016.54 2.3 77.6667 0 1.96083 320.94
11.6667 2 6.7 1016.44 2.3 77.9445 0 7.18231 320.359
11.6875 2 6.6 1016.35 2.3 78.2222 0 12.4038 319.779
11.7083 2 6.3 1016.2 2.35 78.2222 0 22.5574 320.581
11.7292 2 6 1016.06 2.4 78.2222 0 32.711 321.383
11.75 2 6 1016.05 2.25 77.9445 0 46.2315 320.052
11.7708 2 6 1016.03 2.1 77.6667 0 59.752 318.72
11.7917 2 5.85 1016.01 2.05 76.7778 0 74.5287 318.266
11.8125 2 5.7 1015.98 2 75.8889 0 89.3055 317.811
11.8333 2 5.65 1015.97 1.85 75.2778 0 94.2782 316.812
11.8542 2 5.6 1015.97 1.7 74.6667 0 99.2508 315.812
11.875 2 5.45 1015.92 1.65 74.2778 0 109.537 315.234
11.8958 2 5.3 1015.88 1.6 73.8889 0 119.823 314.655
11.9167 2 5.25 1015.8 1.55 74.4445 0 125.353 312.451
11.9375 2 5.2 1015.72 1.5 75 0 130.883 310.248
11.9583 2 5 1015.64 1.55 74.7222 0 153.774 309.594
11.9792 2 4.8 1015.56 1.6 74.4444 0 176.665 308.94
12 2 4.7 1015.51 1.35 75.0555 0 160.034 303.918
12.0208 2 4.6 1015.45 1.1 75.6667 0 143.403 298.896
12.0417 2 4.3 1015.4 1.05 75.8889 0 133.238 289.131
12.0625 2 4 1015.35 1 76.1111 0 123.072 279.366
12.0833 2 3.7 1015.3 0.85 76.1111 0 109.676 285.76
12.1042 2 3.4 1015.26 0.7 76.1111 0 96.2793 292.155
12.125 2 3.3 1015.24 0.5 76.4445 0 65.6748 279.394
12.1458 2 3.2 1015.23 0.3 76.7778 0 35.0702 266.633
12.1667 2 2.9 1015.15 0.35 77.2223 0 25.2217 264.787
12.1875 2 2.6 1015.06 0.4 77.6667 0 15.3732 262.941
12.2083 2 2.65 1015.06 0.6 78.2223 0 8.75285 278.058
12.2292 2 2.7 1015.06 0.8 78.7778 0 2.1325 293.175
12.25 2 2.4 1015.07 0.9 78.1667 0 1.06625 292.412
12.2708 2 2.1 1015.07 1 77.5556 0 0 291.649
12.2917 2 1.6 1015.03 1.1 78.3889 0 0 298.256
12.3125 2 1.1 1014.99 1.2 79.2222 0 0 304.863
12.3333 2 1.4 1014.98 1.35 79.5 0 0 310.203
12.3542 2 1.7 1014.98 1.5 79.7778 0 0 315.543
12.375 2 2.4 1014.91 1.55 79.1111 0 0 315.487
12.3958 2 3.1 1014.84 1.6 78.4444 0 0 315.43
12.4167 2 3.45 1014.77 1.6 78.2222 0 0 313.872
12.4375 2 3.8 1014.7 1.6 78 0 0 312.314
12.4583 2 3.95 1014.64 1.55 77.6111 0 0 313.837
12.4792 2 4.1 1014.57 1.5 77.2222 0 0 315.36
12.5 2 4.2 1014.4 1.6 77.6111 0 0 315.433
12.5208 2 4.3 1014.22 1.7 78 0 0 315.507
12.5417 2 4.4 1014.05 1.75 76.8889 0 0 316.336
12.5625 2 4.5 1013.89 1.8 75.7778 0 0 317.166
12.5833 2 4.9 1013.74 1.65 75.3889 0 0.06675 316.685
12.6042 2 5.3 1013.6 1.5 75 0 0.1335 316.203
12.625 2 5.25 1013.52 1.35 75.3889 0 1.29359 314.414
12.6458 2 5.2 1013.43 1.2 75.7778 0 2.45367 312.626
12.6667 2 5.1 1013.28 1.2 76.1111 0 6.44783 306.857
12.6875 2 5 1013.12 1.2 76.4444 0 10.442 301.088
12.7083 2 5.1 1012.96 1.25 76.5555 0 17.8682 302.624
12.7292 2 5.2 1012.8 1.3 76.6667 0 25.2945 304.159
12.75 2 5.25 1012.7 1.35 75.6667 0 35.755 304.975
12.7708 2 5.3 1012.6 1.4 74.6667 0 46.2155 305.792
12.7917 2 5.55 1012.44 1.45 74.7778 0 52.7633 307.581
12.8125 2 5.8 1012.29 1.5 74.8889 0 59.311 309.37
12.8333 2 5.95 1012.2 1.45 74.2778 0 65.741 310.368
12.8542 2 6.1 1012.12 1.4 73.6667 0 72.171 311.366
12.875 2 6.15 1011.99 1.5 73.7223 0 85.5208 310.712
12.8958 2 6.2 1011.87 1.6 73.7778 0 98.8707 310.059
12.9167 2 6.3 1011.7 1.6 72.7223 0 109.457 307.125
12.9375 2 6.4 1011.54 1.6 71.6667 0 120.043 304.191
12.9583 2 6.5 1011.29 1.6 71.6112 0 139.677 302.497
12.9792 2 6.6 1011.03 1.6 71.5556 0 159.311 300.802
13 2 6.8 1010.85 1.55 71.7223 0 146.182 299.617
13.0208 2 7 1010.68 1.5 71.8889 0 133.052 298.432
13.0417 2 6.95 1010.54 1.4 71.7778 0 102.499 302.725
13.0625 2 6.9 1010.41 1.3 71.6667 0 71.9463 307.018
13.0833 2 6.9 1010.2 1.2 71.8889 0 62.7386 306.434
13.1042 2 6.9 1009.99 1.1 72.1111 0 53.531 305.85
13.125 2 6.9 1009.83 0.95 72 0 48.3535 299.309
13.1458 2 6.9 1009.68 0.8 71.8889 0 43.176 292.767
13.1667 2 6.7 1009.54 0.65 71.4445 0 27.6152 291.12
13.1875 2 6.5 1009.41 0.5 71 0 12.0545 289.474
13.2083 2 6.25 1009.22 0.5 73.3889 0 6.536 289.357
13.2292 2 6 1009.03 0.5 75.7778 0 1.0175 289.24
13.25 2 5.75 1008.9 0.65 75.7223 0 0.50875 292.477
13.2708 2 5.5 1008.77 0.8 75.6667 0 0 295.714
13.2917 2 5.6 1008.64 0.6 74.5 0 0 299.607
13.3125 2 5.7 1008.51 0.4 73.3333 0 0 303.499
13.3333 2 5.9 1008.37 0.4 73.5555 0 0 304.98
13.3542 2 6.1 1008.23 0.4 73.7778 0 0 306.461
13.375 2 5.95 1008.11 0.5 74.3889 0 0 304.221
13.3958 2 5.8 1008 0.6 75 0 0 301.981
13.4167 2 5.6 1007.91 0.6 75.3334 0 0 304.271
13.4375 2 5.4 1007.81 0.6 75.6667 0 0 306.561
13.4583 2 5 1007.7 0.6 76.8334 0 0 306.09
13.4792 2 4.6 1007.58 0.6 78 0 0 305.618
13.5 2 4.95 1007.54 0.75 79 0 0 304.666
13.5208 2 5.3 1007.49 0.9 80 0 0 303.713
13.5417 2 5.05 1007.42 1 78 0 0 304.784
13.5625 2 4.8 1007.34 1.1 76 0 0 305.854
13.5833 2 5.35 1007.32 1 76.5 0 0.0281666 307.755
13.6042 2 5.9 1007.3 0.9 77 0 0.0563333 309.655
13.625 2 6 1007.41 0.8 77.3334 0 1.339 307.203
13.6458 2 6.1 1007.52 0.7 77.6667 0 2.62167 304.75
13.6667 2 6 1007.6 0.65 76.8889 0 10.7376 300.878
13.6875 2 5.9 1007.69 0.6 76.1111 0 18.8535 297.007
13.7083 2 5.6 1007.74 0.55 75.7222 0 35.9814 293.266
13.7292 2 5.3 1007.79 0.5 75.3333 0 53.1093 289.526
13.75 2 4.65 1007.86 0.75 74.6111 0 85.4261 286.964
13.7708 2 4 1007.93 1 73.8889 0 117.743 284.401
13.7917 2 4.6 1007.97 0.8 73.1111 0 110.929 291.831
13.8125 2 5.2 1008.02 0.6 72.3333 0 104.115 299.26
13.8333 2 4.15 1008.09 0.6 72.8888 0 117.217 301.347
13.8542 2 3.1 1008.16 0.6 73.4444 0 130.32 303.434
13.875 2 4.2 1008.16 1 73.1666 0 126.078 302.948
13.8958 2 5.3 1008.16 1.4 72.8889 0 121.836 302.461
13.9167 2 5 1008.24 1.15 71.8334 0 119.636 302.145
13.9375 2 4.7 1008.33 0.9 70.7778 0 117.437 301.829
13.9583 2 5.2 1008.28 1.2 69.6111 0 121.906 299.216
13.9792 2 5.7 1008.22 1.5 68.4444 0 126.374 296.603
14 2 5.6 1008.19 1.55 67.7222 0 132.394 296.594
14.0208 2 5.5 1008.17 1.6 67 0 138.414 296.584
14.0417 2 5.5 1008.2 1.55 67.1666 0 133.284 293.327
14.0625 2 5.5 1008.24 1.5 67.3333 0 128.154 290.07
14.0833 2 5.1 1008.2 1.35 68.1111 0 102.712 292.749
14.1042 2 4.7 1008.16 1.2 68.8889 0 77.2702 295.428
14.125 2 4.85 1008.06 1.25 70.1111 0 57.3021 301.219
14.1458 2 5 1007.96 1.3 71.3333 0 37.334 307.01
14.1667 2 4.75 1007.99 1 73 0 26.4681 300.124
14.1875 2 4.5 1008.03 0.7 74.6667 0 15.6023 293.237
14.2083 2 4.4 1008.06 0.8 75.9445 0 8.24523 294.734
14.2292 2 4.3 1008.09 0.9 77.2222 0 0.888167 296.231
14.25 2 4.25 1008.09 0.9 77.1666 0 0.444084 299.615
14.2708 2 4.2 1008.09 0.9 77.1111 0 0 302.998
14.2917 2 4.4 1008.13 0.9 76.8334 0 0 301.013
14.3125 2 4.6 1008.16 0.9 76.5556 0 0 299.027
14.3333 2 4.45 1008.18 0.9 77.7223 0 0 297.601
14.3542 2 4.3 1008.21 0.9 78.8889 0 0 296.174
14.375 2 4.2 1008.28 0.9 75.8889 0 0 296.417
14.3958 2 4.1 1008.34 0.9 72.8889 0 0 296.66
14.4167 2 4.15 1008.34 0.9 71.8889 0 0 299.251
14.4375 2 4.2 1008.34 0.9 70.8889 0 0 301.842
14.4583 2 4.3 1008.29 0.9 70.7778 0 0 300.299
14.4792 2 4.4 1008.24 0.9 70.6667 0 0 298.756
14.5 2 4.05 1008.22 0.9 69.7709 0 0 298.846
14.5208 2 3.7 1008.2 0.9 68.875 0 0 298.935
14.5417 2 3.75 1008.22 0.8 68.6597 0 0 302.654
14.5625 2 3.8 1008.25 0.7 68.4444 0 0 306.372
14.5833 2 3.6 1008.26 0.6 69.1111 0 -0.0140834 306.37
14.6042 2 3.4 1008.27 0.5 69.7778 0 -0.0281667 306.369
14.625 2 3.75 1008.27 0.55 69.1667 0 0.732502 303.477
14.6458 2 4.1 1008.27 0.6 68.5556 0 1.49317 300.584
14.6667 2 3.95 1008.32 0.6 67.6112 0 7.02799 299.613
14.6875 2 3.8 1008.36 0.6 66.6667 0 12.5628 298.642
14.7083 2 3.8 1008.45 0.65 67.0555 0 24.0191 299.453
14.7292 2 3.8 1008.55 0.7 67.4444 0 35.4755 300.263
14.75 2 3.9 1008.63 0.8 66.9444 0 49.5274 303.064
14.7708 2 4 1008.71 0.9 66.4444 0 63.5793 305.865
14.7917 2 4.1 1008.79 1.1 64.7222 0 86.0966 300.922
14.8125 2 4.2 1008.86 1.3 63 0 108.614 295.978
14.8333 2 4.15 1008.96 1.5 63.6111 0 117.883 297.716
14.8542 2 4.1 1009.07 1.7 64.2222 0 127.153 299.454
14.875 2 4 1009.14 1.8 64.2222 0 126.238 302.728
14.8958 2 3.9 1009.2 1.9 64.2222 0 125.323 306.001
14.9167 2 3.65 1009.13 1.9 66.5 0 126.389 306.242
14.9375 2 3.4 1009.06 1.9 68.7778 0 127.456 306.483
14.9583 2 3.3 1009.11 1.85 69.2014 0 122.586 307.488
14.9792 2 3.2 1009.16 1.8 69.625 0 117.716 308.493
15 2 3.4 1009.17 1.9 68.625 0 110.507 307.586
15.0208 2 3.6 1009.19 2 67.625 0 103.298 306.68
15.0417 2 3.8 1009.2 2 66.8125 0 101.367 300.43
15.0625 2 4 1009.22 2 66 0 99.4357 294.18
15.0833 2 3.65 1009.2 2.05 66.4375 0 85.0352 291.623
15.1042 2 3.3 1009.19 2.1 66.875 0 70.6348 289.066
15.125 2 2.75 1009.21 2 67.875 0 47.9139 295.926
15.1458 2 2.2 1009.24 1.9 68.875 0 25.193 302.785
15.1667 2 2.05 1009.24 1.45 69.875 0 17.8656 301.793
15.1875 2 1.9 1009.25 1 70.875 0 10.5382 300.801
15.2083 2 1.75 1009.19 0.8 71.8125 0 5.84085 299.218
15.2292 2 1.6 1009.13 0.6 72.75 0 1.1435 297.635
15.25 2 2.4 1009.05 0.75 73.125 0 0.57175 294.873
15.2708 2 3.2 1008.97 0.9 73.5 0 0 292.111
15.2917 2 3.75 1008.85 0.75 72.5625 0 0 264.991
15.3125 2 4.3 1008.73 0.6 71.625 0 0 237.872
15.3333 2 4.5 1008.63 0.85 71.6875 0 0 268.307
15.3542 2 4.7 1008.52 1.1 71.75 0 0 298.742
15.375 2 4.95 1008.54 1 72.8125 0 0 303.202
15.3958 2 5.2 1008.55 0.9 73.875 0 0 307.662
15.4167 2 4.7 1008.47 0.85 73.75 0 0 307.524
15.4375 2 4.2 1008.39 0.8 73.625 0 0 307.386
15.4583 2 4.55 1008.22 1.25 74.6875 0 0 306.102
15.4792 2 4.9 1008.06 1.7 75.75 0 0 304.819
15.5 2 4.95 1008.02 1.55 76.5893 0 0 281.217
15.5208 2 5 1007.97 1.4 77.4286 0 0 257.615
15.5417 2 4.8 1007.91 1.15 76.5268 0 0 244.676
15.5625 2 4.6 1007.86 0.9 75.625 0 0 231.738
15.5833 2 4.65 1007.79 0.85 76 0 0 230.441
15.6042 2 4.7 1007.71 0.8 76.375 0 0 229.145
15.625 2 4.7 1007.59 0.95 76.25 0 1.81616 231.669
15.6458 2 4.7 1007.46 1.1 76.125 0 3.63233 234.193
15.6667 2 5.3 1007.27 1.5 76.375 0 12.0941 242.431
15.6875 2 5.9 1007.08 1.9 76.625 0 20.5558 250.67
15.7083 2 6.1 1006.96 2 76.125 0 41.6784 272.585
15.7292 2 6.3 1006.85 2.1 75.625 0 62.801 294.499
15.75 2 6.4 1006.67 2.3 74.875 0 74.055 290.391
15.7708 2 6.5 1006.5 2.5 74.125 0 85.309 286.283
15.7917 2 7.45 1006.26 2.7 74.8125 0 81.9186 300.027
15.8125 2 8.4 1006.01 2.9 75.5 0 78.5282 313.771
15.8333 2 8.8 1005.74 2.9 73.3055 0 87.8607 313.766
15.8542 2 9.2 1005.48 2.9 71.1111 0 97.1932 313.761
15.875 2 9.45 1004.95 2.9 73.1666 0 113.463 313.441
15.8958 2 9.7 1004.42 2.9 75.2222 0 129.733 313.122
15.9167 2 10.05 1004.4 2.9 74.2986 0 123.079 313.383
15.9375 2 10.4 1004.38 2.9 73.375 0 116.424 313.645
15.9583 2 10.7 1003.51 2.95 73.9375 0 114.744 313.582
15.9792 2 11 1002.63 3 74.5 0 113.064 313.519
16 2 11.95 1001.8 2.95 74.4166 0 107.854 313.107
16.0208 2 12.9 1000.96 2.9 74.3333 0 102.644 312.695
16.0417 2 12.9 1000.43 2.8 74.9445 0 75.5636 315.683
16.0625 2 12.9 999.91 2.7 75.5556 0 48.4832 318.671
16.0833 2 13.15 999.2 2.75 75.7223 0 35.9529 319.357
16.1042 2 13.4 998.49 2.8 75.8889 0 23.4225 320.043
16.125 2 13.4 997.79 2.9 75.5 0 16.5355 320.94
16.1458 2 13.4 997.09 3 75.1111 0 9.6485 321.836
16.1667 2 13.25 996.285 3.05 75.3889 0 5.7385 322.464
16.1875 2 13.1 995.48 3.1 75.6667 0 1.8285 323.092
16.2083 2 13.3 994.765 3 76.0555 0 0.9005 322.523
16.2292 2 13.5 994.05 2.9 76.4444 0 -0.0275 321.954
16.25 2 13.35 993.335 2.85 76.5555 0 -0.01375 322.216
16.2708 2 13.2 992.62 2.8 76.6667 0 0 322.477
16.2917 2 13.35 991.81 2.85 76.7778 0 0 323.245
16.3125 2 13.5 991 2.9 76.8889 0 0 324.014
16.3333 2 13.7 990.235 2.95 77.0555 0 0 324.516
16.3542 2 13.9 989.47 3 77.2222 0 0 325.018
16.375 2 13.75 988.77 3.05 77.0555 0 0 325.31
16.3958 2 13.6 988.07 3.1 76.8889 0 0 325.602
16.4167 2 12.9 987.7 3.2 76.3889 0 0 326.06
16.4375 2 12.2 987.33 3.3 75.8889 0 0 326.518
16.4583 2 11.7 986.675 3.35 77.1945 0 0 326.784
16.4792 2 11.2 986.02 3.4 78.5 0 0 327.049
16.5 2 10.65 985.475 3.5 79 0 0 327.667
16.5208 2 10.1 984.93 3.6 79.5 0 0 328.284
16.5417 2 9.8 984.415 3.65 78.0278 0 0 328.724
16.5625 2 9.5 983.9 3.7 76.5556 0 0 329.165
16.5833 2 8.55 983.325 3.7 76.1667 0 0 330.034
16.6042 2 7.6 982.75 3.7 75.7778 0 0 330.902
16.625 2 6.3 982.275 3.75 76 0 0.35 331.88
16.6458 2 5 981.8 3.8 76.2222 0 0.7 332.857
16.6667 2 3.6 981.68 3.65 76.5555 0 6.08335 331.805
16.6875 2 2.2 981.56 3.5 76.8889 0 11.4667 330.753
16.7083 2 2.65 981.59 3.7 76.6666 0 31.0608 328.815
16.7292 2 3.1 981.62 3.9 76.4444 0 50.655 326.878
16.75 2 4.15 981.625 3.75 75.9444 0 54.2431 314.464
16.7708 2 5.2 981.63 3.6 75.4444 0 57.8313 302.049
16.7917 2 5.6 981.91 3.45 75.0555 0 70.0117 293.489
16.8125 2 6 982.19 3.3 74.6667 0 82.1922 284.928
16.8333 2 6.2 982.4 3.25 74.0555 0 84.71 286.846
16.8542 2 6.4 982.61 3.2 73.4444 0 87.2278 288.765
16.875 2 6.45 983.07 3.35 73.0555 0 113.396 302.349
16.8958 2 6.5 983.53 3.5 72.6667 0 139.564 315.933
16.9167 2 7.35 983.69 3.85 72.3334 0 176.639 312.669
16.9375 2 8.2 983.85 4.2 72 0 213.714 309.405
16.9583 2 8.15 984.29 4.25 69.5555 0 187.829 316.886
16.9792 2 8.1 984.73 4.3 67.1111 0 161.945 324.367
17 2 8.2 985.055 4.3 67.5 0 148.725 323.794
17.0208 2 8.3 985.38 4.3 67.8889 0 135.505 323.221
17.0417 2 9.1 985.605 4.3 68.8334 0 137.063 320.714
17.0625 2 9.9 985.83 4.3 69.7778 0 138.621 318.207
17.0833 2 9.95 986.15 4.15 69.8889 0 98.0032 319.531
17.1042 2 10 986.47 4 70 0 57.3853 320.856
17.125 2 9.95 986.9 3.8 71.2778 0 57.9655 317.184
17.1458 2 9.9 987.33 3.6 72.5556 0 58.5457 313.512
17.1667 2 9.5 987.58 3.4 73.5556 0 35.0224 316.573
17.1875 2 9.1 987.83 3.2 74.5556 0 11.4992 319.634
17.2083 2 8.5 988.155 3.05 75.4445 0 5.85068 321.893
17.2292 2 7.9 988.48 2.9 76.3333 0 0.202167 324.153
17.25 2 7.75 988.8 2.75 76.5555 0 0.101084 323.072
17.2708 2 7.6 989.12 2.6 76.7778 0 0 321.99
17.2917 2 7.2 989.42 2.55 77.5555 0 0 320.009
17.3125 2 6.8 989.72 2.5 78.3333 0 0 318.029
17.3333 2 6.5 990.005 2.45 78.1666 0 0 313.926
17.3542 2 6.2 990.29 2.4 78 0 0 309.823
17.375 2 6.45 990.475 2.6 77.3889 0 0 310.06
17.3958 2 6.7 990.66 2.8 76.7778 0 0 310.297
17.4167 2 6.8 990.805 3.15 76.0555 0 0 311.459
17.4375 2 6.9 990.95 3.5 75.3333 0 0 312.621
17.4583 2 7.5 991.035 3.55 74.4445 0 0 312.257
17.4792 2 8.1 991.12 3.6 73.5556 0 0 311.893
17.5 2 8.25 991.24 3.6 74.5903 0 0 307.848
17.5208 2 8.4 991.36 3.6 75.625 0 0 303.802
17.5417 2 8.55 991.395 3.55 74.3125 0 0 309.3
17.5625 2 8.7 991.43 3.5 73 0 0 314.798
17.5833 2 8.45 991.44 3.3 73.7222 0 0 300.096
17.6042 2 8.2 991.45 3.1 74.4444 0 0 285.395
17.625 2 7.95 991.59 3.1 75.0555 0 0.82225 298.598
17.6458 2 7.7 991.73 3.1 75.6667 0 1.6445 311.801
17.6667 2 7.7 991.815 3 75.7223 0 8.14485 310.749
17.6875 2 7.7 991.9 2.9 75.7778 0 14.6452 309.697
17.7083 2 7.85 992.04 3.05 75.3334 0 30.9714 314.186
17.7292 2 8 992.18 3.2 74.8889 0 47.2977 318.676
17.75 2 8.45 992.28 3.35 74.2223 0 73.6126 322.255
17.7708 2 8.9 992.38 3.5 73.5556 0 99.9275 325.834
17.7917 2 9.1 992.495 3.45 73.4445 0 89.1183 321.005
17.8125 2 9.3 992.61 3.4 73.3333 0 78.3092 316.175
17.8333 2 9.3 992.72 3.45 72.9445 0 88.6618 315.088
17.8542 2 9.3 992.83 3.5 72.5556 0 99.0145 314.001
17.875 2 9.7 993.055 3.55 72.3889 0 129.613 318.217
17.8958 2 10.1 993.28 3.6 72.2222 0 160.212 322.434
17.9167 2 9.35 993.505 3.55 72.5611 0 150.381 320.151
17.9375 2 8.6 993.73 3.5 72.9 0 140.55 317.867
17.9583 2 7.1 993.84 3.45 72.7 0 144.802 315.448
17.9792 2 5.6 993.95 3.4 72.5 0 149.054 313.03
18 2 4.4 994.16 3 73.15 0 121.33 316.246
18.0208 2 3.2 994.37 2.6 73.8 0 93.6067 319.462
18.0417 2 3.1 994.535 2.55 74.45 0 95.5499 318.517
18.0625 2 3 994.7 2.5 75.1 0 97.4932 317.572
18.0833 2 3.1 994.85 2.45 75.4 0 81.0235 316.298
18.1042 2 3.2 995 2.4 75.7 0 64.5538 315.025
18.125 2 3.3 995.155 2.3 76.55 0 45.3636 314.021
18.1458 2 3.4 995.31 2.2 77.4 0 26.1733 313.017
18.1667 2 3.6 995.455 2.15 78.05 0 16.2852 311.335
18.1875 2 3.8 995.6 2.1 78.7 0 6.39717 309.653
18.2083 2 3.9 995.8 1.85 78.5 0 3.28475 302.219
18.2292 2 4 996 1.6 78.3 0 0.172333 294.785
18.25 2 4.05 996.185 1.35 78.3 0 0.0861665 288.591
18.2708 2 4.1 996.37 1.1 78.3 0 0 282.398
18.2917 2 4.2 996.515 1.15 78.7 0 0 285.414
18.3125 2 4.3 996.66 1.2 79.1 0 0 288.431
18.3333 2 4.3 996.93 1.25 79.35 0 0 294.695
18.3542 2 4.3 997.2 1.3 79.6 0 0 300.959
18.375 2 4.7 997.515 1.4 79.9 0 0 303.249
18.3958 2 5.1 997.83 1.5 80.2 0 0 305.539
18.4167 2 5.15 998.06 1.45 79.3222 0 0 302.602
18.4375 2 5.2 998.29 1.4 78.4444 0 0 299.664
18.4583 2 5.4 998.46 1.4 78.2222 0 0 299.782
18.4792 2 5.6 998.63 1.4 78 0 0 299.9
18.5 2 5.85 998.805 1.35 79 0 0 292.911
18.5208 2 6.1 998.98 1.3 80 0 0 285.922
18.5417 2 6 999.22 1.3 80.7 1.02513e-005 0 291.703
18.5625 2 5.9 999.46 1.3 81.4 2.05026e-005 0 297.484
18.5833 2 5.85 999.665 1.1 81.8 2.06034e-005 0 292.655
18.6042 2 5.8 999.87 0.9 82.2 2.07041e-005 0 287.825
18.625 2 5.6 1000.04 0.8 82.7 2.083e-005 0.658165 283.866
18.6458 2 5.4 1000.2 0.7 83.2 2.0956e-005 1.31633 279.906
18.6667 2 5.05 1000.35 0.75 81.7875 1.0478e-005 7.70502 287.619
18.6875 2 4.7 1000.5 0.8 80.375 0 14.0937 295.332
18.7083 2 4.75 1000.67 0.95 80.1375 0 28.339 293.505
18.7292 2 4.8 1000.83 1.1 79.9 0 42.5843 291.678
18.75 2 4.9 1000.93 1.15 79.0056 0 57.385 295.424
18.7708 2 5 1001.03 1.2 78.1111 0 72.1857 299.169
18.7917 2 5.2 1001.17 1.45 77.6055 0 108.702 289.803
18.8125 2 5.4 1001.3 1.7 77.1 0 145.219 280.438
18.8333 2 5.2 1001.48 1.95 75.85 0 158.826 288.922
18.8542 2 5 1001.67 2.2 74.6 0 172.432 297.405
18.875 2 4.6 1001.9 2.2 73.85 0 187.45 294.676
18.8958 2 4.2 1002.13 2.2 73.1 0 202.468 291.946
18.9167 2 4.05 1002.11 2.25 73.2 0 218.565 277.718
18.9375 2 3.9 1002.1 2.3 73.3 0 234.663 263.49
18.9583 2 3.25 1002.04 2.2 72.4 0 227.69 267.204
18.9792 2 2.6 1001.99 2.1 71.5 0 220.717 270.918
19 2 2.25 1001.98 2.15 72.35 0 233.488 269.1
19.0208 2 1.9 1001.97 2.2 73.2 0 246.26 267.283
19.0417 2 1.8 1001.91 2.05 72.8 0 217.021 255.146
19.0625 2 1.7 1001.85 1.9 72.4 0 187.782 243.01
19.0833 2 1.4 1001.91 1.75 74 0 161.428 240.046
19.1042 2 1.1 1001.97 1.6 75.6 0 135.074 237.082
19.125 2 1.3 1001.96 1.35 77.3 0 92.0506 243.069
19.1458 2 1.5 1001.95 1.1 79 0 49.0271 249.056
19.1667 2 2.1 1001.88 1.25 78.8889 0 29.2648 280.914
19.1875 2 2.7 1001.8 1.4 78.7778 0 9.5025 312.773
19.2083 2 2.85 1001.76 1.1 79.5389 0 4.89208 283.802
19.2292 2 3 1001.72 0.8 80.3 0 0.281667 254.831
19.25 2 3.3 1001.68 1 80.3 0 0.140833 264.408
19.2708 2 3.6 1001.64 1.2 80.3 0 0 273.984
19.2917 2 3.85 1001.64 1.4 80.65 1.02009e-005 0 278.04
19.3125 2 4.1 1001.63 1.6 81 2.04019e-005 0 282.097
19.3333 2 4.35 1001.55 1.6 80.7 1.02009e-005 0 268.657
19.3542 2 4.6 1001.48 1.6 80.4 0 0 255.217
19.375 2 5 1001.46 1.85 80.2 0 0 275.994
19.3958 2 5.4 1001.45 2.1 80 0 0 296.771
19.4167 2 5.55 1001.41 2.25 80.05 0 0 300.238
19.4375 2 5.7 1001.36 2.4 80.1 0 0 303.705
19.4583 2 5.95 1001.36 2.45 81.1611 1.03548e-005 0 311.28
19.4792 2 6.2 1001.36 2.5 82.2222 2.07097e-005 0 318.856
19.5 2 6.7 1001.17 2.5 81.6111 2.05558e-005 0 317.466
19.5208 2 7.2 1000.98 2.5 81 2.04019e-005 0 316.075
19.5417 2 6.9 1000.88 2.45 80.5 1.02009e-005 0 316.372
19.5625 2 6.6 1000.78 2.4 80 0 0 316.67
19.5833 2 6.3 1000.75 2.5 79.75 0 0 319.125
19.6042 2 6 1000.72 2.6 79.5 0 0 321.579
19.625 2 5.95 1000.68 2.6 79.15 0 0.315417 320.888
19.6458 2 5.9 1000.64 2.6 78.8 0 0.630833 320.196
19.6667 2 5.35 1000.69 2.7 78.7 0 2.70958 321.437
19.6875 2 4.8 1000.74 2.8 78.6 0 4.78833 322.677
19.7083 2 4.35 1000.77 3 77.55 0 11.7487 313.612
19.7292 2 3.9 1000.8 3.2 76.5 0 18.709 304.548
19.75 2 3.95 1000.79 3.5 75.3055 0 42.4187 306.756
19.7708 2 4 1000.78 3.8 74.1111 0 66.1283 308.964
19.7917 2 4.1 1000.76 4.1 75.3889 0 79.212 313.881
19.8125 2 4.2 1000.74 4.4 76.6667 0 92.2956 318.798
19.8333 2 3.05 1000.99 4.55 76.8334 0 105.317 321.681
19.8542 2 1.9 1001.24 4.7 77 0 118.338 324.564
19.875 2 1.95 1001.41 4.95 73.1 0 155.34 325.986
19.8958 2 2 1001.57 5.2 69.2 0 192.343 327.408
19.9167 2 1.7 1001.58 5.35 68.7 0 164.633 328.745
19.9375 2 1.4 1001.58 5.5 68.2 0 136.922 330.082
19.9583 2 1.25 1001.63 5.85 68.7 0 158.768 325.695
19.9792 2 1.1 1001.68 6.2 69.2 0 180.614 321.307
20 2 2.7 1001.72 5.45 69.6 0 161.854 321.677
20.0208 2 4.3 1001.76 4.7 70 0 143.094 322.046
20.0417 2 4.85 1001.98 4 70.5 0 110.674 323.66
20.0625 2 5.4 1002.2 3.3 71 0 78.2547 325.274
20.0833 2 4.85 1002.35 3 71.35 0 67.4031 323.384
20.1042 2 4.3 1002.5 2.7 71.7 0 56.5515 321.495
20.125 2 4.05 1002.62 2.6 72.45 0 39.8997 321.378
20.1458 2 3.8 1002.74 2.5 73.2 0 23.248 321.26
20.1667 2 4.05 1003.06 2.45 74.25 0 13.6987 322.677
20.1875 2 4.3 1003.38 2.4 75.3 0 4.14933 324.095
20.2083 2 4.2 1003.54 2.35 75.7 0 2.11317 322.899
20.2292 2 4.1 1003.7 2.3 76.1 0 0.077 321.703
20.25 2 3.75 1003.82 2.4 76.35 0 0.0385 321.508
20.2708 2 3.4 1003.93 2.5 76.6 0 0 321.314
20.2917 2 3.55 1004.04 2.5 76.75 0 0 321.807
20.3125 2 3.7 1004.14 2.5 76.9 0 0 322.301
20.3333 2 3.65 1004.23 2.2 76.8 0 0 314.879
20.3542 2 3.6 1004.33 1.9 76.7 0 0 307.457
20.375 2 3.25 1004.61 1.7 77.25 0 0 310.08
20.3958 2 2.9 1004.9 1.5 77.8 0 0 312.703
20.4167 2 2.65 1005.05 1.6 78.15 0 0 315.995
20.4375 2 2.4 1005.2 1.7 78.5 0 0 319.288
20.4583 2 2.25 1005.24 1.7 78.55 0 0 318.758
20.4792 2 2.1 1005.29 1.7 78.6 0 0 318.229
20.5 2 2.4 1005.36 1.75 80.1125 1.02796e-005 0 315.88
20.5208 2 2.7 1005.44 1.8 81.625 2.05593e-005 0 313.532
20.5417 2 2.75 1005.37 1.75 80.1625 1.02796e-005 0 314.001
20.5625 2 2.8 1005.3 1.7 78.7 0 0 314.47
20.5833 2 2.25 1005.43 1.7 79.25 0 0 316.906
20.6042 2 1.7 1005.56 1.7 79.8 0 0 319.341
20.625 2 1.65 1005.63 1.7 80.1 0 0.13 319.739
20.6458 2 1.6 1005.7 1.7 80.4 0 0.26 320.137
20.6667 2 1.5 1005.8 1.7 79.2 0 2.3765 319.682
20.6875 2 1.4 1005.91 1.7 78 0 4.493 319.228
20.7083 2 2.05 1005.98 1.75 77.6 0 10.3821 317.23
20.7292 2 2.7 1006.05 1.8 77.2 0 16.2713 315.232
20.75 2 2.95 1006.3 1.85 77.05 0 45.9242 314.804
20.7708 2 3.2 1006.56 1.9 76.9 0 75.577 314.376
20.7917 2 3.85 1006.81 1.5 76.1722 0 72.482 315.536
20.8125 2 4.5 1007.06 1.1 75.4444 0 69.387 316.695
20.8333 2 3.5 1007.42 0.9 75.1666 0 88.907 312.464
20.8542 2 2.5 1007.77 0.7 74.8889 0 108.427 308.233
20.875 2 2.15 1008.13 0.6 73.0695 0 103.917 309.529
20.8958 2 1.8 1008.49 0.5 71.25 0 99.4075 310.824
20.9167 2 1.75 1008.86 0.45 71.1875 0 128.342 307.827
20.9375 2 1.7 1009.24 0.4 71.125 0 157.277 304.829
20.9583 2 1.6 1009.46 0.45 70.9375 0 159.65 302.382
20.9792 2 1.5 1009.68 0.5 70.75 0 162.022 299.935
21 2 1.1 1009.85 0.5 73.425 0 131.086 296.106
21.0208 2 0.7 1010.02 0.5 76.1 0 100.149 292.277
21.0417 2 0.8 1010.1 0.55 74.7166 0 93.4807 293.557
21.0625 2 0.9 1010.18 0.6 73.3333 0 86.8123 294.837
21.0833 2 1.05 1010.11 0.6 73.9166 0 67.0973 294.25
21.1042 2 1.2 1010.05 0.6 74.5 0 47.3822 293.663
21.125 2 0.95 1010.13 0.6 75 0 32.1412 295.596
21.1458 2 0.7 1010.21 0.6 75.5 0 16.9002 297.528
21.1667 2 0.8 1010.54 0.6 75.5 0 9.72635 300.326
21.1875 2 0.9 1010.87 0.6 75.5 0 2.5525 303.124
21.2083 2 1.2 1011.2 0.7 76.5 0 1.30808 302.697
21.2292 2 1.5 1011.52 0.8 77.5 0 0.0636667 302.27
21.25 2 1.5 1011.66 0.8 76.65 0 0.0318334 305.02
21.2708 2 1.5 1011.79 0.8 75.8 0 0 307.77
21.2917 2 1.9 1011.83 1.1 75.95 0 0 306.516
21.3125 2 2.3 1011.87 1.4 76.1 0 0 305.263
21.3333 2 2.2 1011.75 1.45 76.35 0 0 305.456
21.3542 2 2.1 1011.63 1.5 76.6 0 0 305.649
21.375 2 2.45 1011.58 1.7 76.5 0 0 307.579
21.3958 2 2.8 1011.53 1.9 76.4 0 0 309.51
21.4167 2 3 1011.61 1.9 76.8 0 0 308.726
21.4375 2 3.2 1011.69 1.9 77.2 0 0 307.942
21.4583 2 2.8 1011.63 2 76.8778 0 0 309.737
21.4792 2 2.4 1011.56 2.1 76.5556 0 0 311.531
21.5 2 2.35 1011.48 2.05 75.1945 0 0 310.857
21.5208 2 2.3 1011.4 2 73.8333 0 0 310.182
21.5417 2 2.5 1011.05 1.95 73.25 0 0 307.521
21.5625 2 2.7 1010.69 1.9 72.6667 0 0 304.861
21.5833 2 3.2 1010.49 2 72.6112 0 0 309.767
21.6042 2 3.7 1010.3 2.1 72.5556 0 0 314.673
21.625 2 4.25 1010.23 2.15 73.2223 0 0.216834 317.451
21.6458 2 4.8 1010.17 2.2 73.8889 0 0.433667 320.228
21.6667 2 5 1009.93 2.3 74.0555 0 3.06358 319.643
21.6875 2 5.2 1009.7 2.4 74.2222 0 5.6935 319.059
21.7083 2 5 1009.59 2.45 74.1666 0 12.0335 318.044
21.7292 2 4.8 1009.48 2.5 74.1111 0 18.3735 317.03
21.75 2 5 1009.04 2.75 73.6111 0 32.3588 317.609
21.7708 2 5.2 1008.59 3 73.1111 0 46.3442 318.188
21.7917 2 5.35 1008.12 3.1 71.7777 0 52.3315 321.698
21.8125 2 5.5 1007.65 3.2 70.4444 0 58.3188 325.207
21.8333 2 5.6 1007.32 3.45 71.1111 0 58.1171 327.604
21.8542 2 5.7 1006.99 3.7 71.7778 0 57.9153 330
21.875 2 5.65 1006.59 3.75 72.3334 0 57.7568 329.942
21.8958 2 5.6 1006.2 3.8 72.8889 0 57.5983 329.884
21.9167 2 5.85 1005.65 3.85 72.7223 0 64.8746 329.047
21.9375 2 6.1 1005.09 3.9 72.5556 0 72.151 328.211
21.9583 2 6.55 1004.57 3.9 71.8278 0 62.0664 327.995
21.9792 2 7 1004.05 3.9 71.1 0 51.9817 327.78
22 2 7.75 1003.44 3.9 71.1055 0 46.6158 328.553
22.0208 2 8.5 1002.83 3.9 71.1111 0 41.2498 329.326
22.0417 2 8.8 1002.26 3.8 72.0555 0 33.718 328.143
22.0625 2 9.1 1001.68 3.7 73 0 26.1862 326.961
22.0833 2 9.2 1001.29 3.65 73.05 0 21.8104 326.943
22.1042 2 9.3 1000.91 3.6 73.1 0 17.4347 326.925
22.125 2 9.55 1000.33 3.6 72.9 0 12.3589 327.643
22.1458 2 9.8 999.75 3.6 72.7 0 7.283 328.361
22.1667 2 9.8 999.195 3.65 73.2 0 3.901 328.841
22.1875 2 9.8 998.64 3.7 73.7 0 0.519 329.322
22.2083 2 9.35 998.255 3.75 72.6278 0 0.2635 329.391
22.2292 2 8.9 997.87 3.8 71.5556 0 0.008 329.46
22.25 2 8.45 997.4 3.85 71.8334 0 0.004 329.74
22.2708 2 8 996.93 3.9 72.1111 0 0 330.019
22.2917 2 7.75 996.53 3.9 72.1666 0 0 330.492
22.3125 2 7.5 996.13 3.9 72.2222 0 0 330.964
22.3333 2 7.1 995.795 3.9 71.8889 0 0 331.311
22.3542 2 6.7 995.46 3.9 71.5556 0 0 331.658
22.375 2 6.45 995.035 3.9 72.2223 0 0 331.858
22.3958 2 6.2 994.61 3.9 72.8889 0 0 332.058
22.4167 2 6.25 994.19 3.9 72.8889 0 0 331.7
22.4375 2 6.3 993.77 3.9 72.8889 0 0 331.341
22.4583 2 5.8 993.715 3.9 72.8334 0 0 332.072
22.4792 2 5.3 993.66 3.9 72.7778 0 0 332.803
22.5 2 5.1 993.335 3.9 73.5555 0 0 332.888
22.5208 2 4.9 993.01 3.9 74.3333 0 0 332.972
22.5417 2 4.45 992.8 3.9 73.2576 0 0 332.402
22.5625 2 4 992.59 3.9 72.1818 0 0 331.832
22.5833 2 4.05 992.29 3.9 72.0909 0 0 331.526
22.6042 2 4.1 991.99 3.9 72 0 0 331.22
22.625 2 4.1 992.055 3.85 73.5909 0 0.0469166 331.313
22.6458 2 4.1 992.12 3.8 75.1818 0 0.0938333 331.405
22.6667 2 4.1 992 3.65 75.5455 0 2.064 330.574
22.6875 2 4.1 991.88 3.5 75.9091 0 4.03417 329.744
22.7083 2 4.1 991.93 3.4 75.5 0 11.103 328.727
22.7292 2 4.1 991.98 3.3 75.0909 0 18.1718 327.709
22.75 2 3.95 991.905 3.15 74.3454 0 38.7845 326.517
22.7708 2 3.8 991.83 3 73.6 0 59.3972 325.324
22.7917 2 3.2 991.715 2.9 73.5273 0 81.6786 321.715
22.8125 2 2.6 991.6 2.8 73.4545 0 103.96 318.106
22.8333 2 2.7 991.5 2.75 72.1273 0 124.328 317.967
22.8542 2 2.8 991.4 2.7 70.8 0 144.696 317.829
22.875 2 2.95 991.375 2.7 70.25 0 133.472 318.691
22.8958 2 3.1 991.35 2.7 69.7 0 122.248 319.554
22.9167 2 3.05 991.47 2.7 69.65 0 106.138 318.501
22.9375 2 3 991.59 2.7 69.6 0 90.0288 317.449
22.9583 2 3.4 991.91 2.8 69.9 0 62.2346 320.975
22.9792 2 3.8 992.23 2.9 70.2 0 34.4405 324.501
23 2 3.6 992.41 3 70.5 0 26.151 327.139
23.0208 2 3.4 992.59 3.1 70.8 0 17.8615 329.777
23.0417 2 3.25 992.775 3.2 70.75 0 15.6241 330.878
23.0625 2 3.1 992.96 3.3 70.7 0 13.3867 331.978
23.0833 2 2.7 993 3.75 71.2 0 11.4293 333.652
23.1042 2 2.3 993.04 4.2 71.7 0 9.472 335.326
23.125 2 2.65 993.065 4.85 70.6278 0 7.58609 336.354
23.1458 2 3 993.09 5.5 69.5556 0 5.70017 337.383
23.1667 2 3.45 993.165 6.2 71.1778 0 3.31942 339.104
23.1875 2 3.9 993.24 6.9 72.8 0 0.938667 340.826
23.2083 2 4.25 993.425 7 73.85 0 0.471583 339.927
23.2292 2 4.6 993.61 7.1 74.9 0 0.0045 339.028
23.25 2 5.35 993.875 6.4 75.3 0 0.00225 321.621
23.2708 2 6.1 994.14 5.7 75.7 0 0 304.214
23.2917 2 5.45 994.685 5.1 75.8 0 0 312.513
23.3125 2 4.8 995.23 4.5 75.9 0 0 320.812
23.3333 2 4.25 995.725 4.3 75.55 0 0 322.789
23.3542 2 3.7 996.22 4.1 75.2 0 0 324.766
23.375 2 3.8 996.725 4.05 75.15 0 0 323.168
23.3958 2 3.9 997.23 4 75.1 0 0 321.57
23.4167 2 4.9 997.74 3.85 75.55 0 0 316.066
23.4375 2 5.9 998.25 3.7 76 0 0 310.563
23.4583 2 6.05 998.69 3.65 75.95 0 0 306.451
23.4792 2 6.2 999.13 3.6 75.9 0 0 302.34
23.5 2 6.7 999.44 3.1 76.075 0 0 271.789
23.5208 2 7.2 999.75 2.6 76.25 0 0 241.237
23.5417 2 7.2 1000.17 2.25 75.125 0 0 235.64
23.5625 2 7.2 1000.59 1.9 74 0 0 230.043
23.5833 2 6.5 1000.97 1.45 73.75 0 0 227.844
23.6042 2 5.8 1001.36 1 73.5 0 0 225.644
23.625 2 5.8 1001.63 0.9 73.65 0 0.149334 224.807
23.6458 2 5.8 1001.89 0.8 73.8 0 0.298667 223.97
23.6667 2 5.95 1002.14 0.75 73.9 0 6.02233 223.455
23.6875 2 6.1 1002.39 0.7 74 0 11.746 222.94
23.7083 2 6.15 1002.64 0.9 73.85 0 37.7433 223.479
23.7292 2 6.2 1002.88 1.1 73.7 0 63.7405 224.017
23.75 2 6.3 1003.18 1.5 73.4 0 98.1517 224.736
23.7708 2 6.4 1003.48 1.9 73.1 0 132.563 225.456
23.7917 2 6.75 1003.76 2.25 72.75 0 165.679 226.057
23.8125 2 7.1 1004.04 2.6 72.4 0 198.795 226.658
23.8333 2 6.55 1004.29 2.85 71.9 0 224.823 226.795
23.8542 2 6 1004.53 3.1 71.4 0 250.85 226.932
23.875 2 7 1004.6 3.35 70.05 0 266.161 226.898
23.8958 2 8 1004.68 3.6 68.7 0 281.473 226.865
23.9167 2 7.8 1004.69 3.8 69.1 0 284.6 227.191
23.9375 2 7.6 1004.7 4 69.5 0 287.728 227.517
23.9583 2 7.55 1004.69 4.25 68.95 0 276.993 228.702
23.9792 2 7.5 1004.68 4.5 68.4 0 266.258 229.886
24 2 8.1 1004.64 4.45 69.15 0 235.598 233.434
24.0208 2 8.7 1004.6 4.4 69.9 0 204.937 236.982
24.0417 2 8.5 1004.67 4.1 70.95 0 168.533 243.456
24.0625 2 8.3 1004.74 3.8 72 0 132.128 249.93
24.0833 2 7.9 1004.76 3.4 72.65 0 94.7838 260.735
24.1042 2 7.5 1004.77 3 73.3 0 57.4395 271.541
24.125 2 6.65 1004.74 2.75 73.4 0 47.6605 265.354
24.1458 2 5.8 1004.72 2.5 73.5 0 37.8815 259.167
24.1667 2 5.55 1004.72 1.9 73.7 0 20.2059 247.276
24.1875 2 5.3 1004.72 1.3 73.9 0 2.53033 235.386
24.2083 2 5.6 1004.59 1.2 74.15 0 1.26516 235.118
24.2292 2 5.9 1004.46 1.1 74.4 0 0 234.85
24.25 2 6.2 1004.3 1.15 74.1445 0 0 255.187
24.2708 2 6.5 1004.13 1.2 73.8889 0 0 275.524
24.2917 2 6.9 1003.96 1.05 72.8889 0 0 288.062
24.3125 2 7.3 1003.8 0.9 71.8889 0 0 300.6
24.3333 2 7.65 1003.67 0.6 71.7223 0 0 303.638
24.3542 2 8 1003.54 0.3 71.5556 0 0 306.677
24.375 2 8.3 1003.34 0.2 71.5 0 0 307.237
24.3958 2 8.6 1003.14 0.1 71.4444 0 0 307.796
24.4167 2 8.55 1002.92 0.1 71.1111 0 0 306.547
24.4375 2 8.5 1002.69 0.1 70.7778 0 0 305.299
24.4583 2 7.95 1002.55 0.1 71.6111 0 0 293.967
24.4792 2 7.4 1002.41 0.1 72.4444 0 0 282.635
24.5 2 7.25 1002.19 0.15 72.5793 0 0 293.042
24.5208 2 7.1 1001.98 0.2 72.7143 0 0 303.448
24.5417 2 6.05 1001.84 0.2 71.5446 0 0 299.622
24.5625 2 5 1001.7 0.2 70.375 0 0 295.796
24.5833 2 3.4 1001.68 0.1 71.6875 0 0 288.687
24.6042 2 1.8 1001.65 0 73 0 0 281.578
24.625 2 1.6 1001.9 -0.05 74.1111 0 0.0216666 284.721
24.6458 2 1.4 1002.15 -0.1 75.2222 0 0.0433333 287.863
24.6667 2 3.65 1002.66 0.15 74.0555 0 2.95708 292.581
24.6875 2 5.9 1003.16 0.4 72.8889 0 5.87083 297.299
24.7083 2 5.95 1003.64 0.55 73.3334 0 20.5827 281.119
24.7292 2 6 1004.11 0.7 73.7778 0 35.2945 264.939
24.75 2 6 1004.61 0.9 71.6746 0 57.2276 277.236
24.7708 2 6 1005.11 1.1 69.5714 0 79.1608 289.533
24.7917 2 6.25 1005.5 1.1 70.9732 0 101.231 286.878
24.8125 2 6.5 1005.89 1.1 72.375 0 123.302 284.223
24.8333 2 6.25 1006.32 1.3 71.875 0 137.336 287.548
24.8542 2 6 1006.74 1.5 71.375 0 151.369 290.874
24.875 2 6.2 1007.16 1.55 71.243 0 152.728 289.53
24.8958 2 6.4 1007.57 1.6 71.1111 0 154.086 288.186
24.9167 2 6.6 1007.77 1.8 70.7222 0 197.732 266.552
24.9375 2 6.8 1007.96 2 70.3333 0 241.377 244.919
24.9583 2 6.6 1008.23 2.05 70.0555 0 208.799 252.33
24.9792 2 6.4 1008.5 2.1 69.7778 0 176.221 259.741
25 2 6.3 1008.65 2 70.7223 0 164.8 262.949
25.0208 2 6.2 1008.79 1.9 71.6667 0 153.379 266.157
25.0417 2 6.1 1008.92 1.75 72.1112 0 114.004 264.263
25.0625 2 6 1009.05 1.6 72.5556 0 74.6298 262.37
25.0833 2 5.8 1009.1 1.5 73.6112 0 54.3029 266.166
25.1042 2 5.6 1009.15 1.4 74.6667 0 33.976 269.962
25.125 2 5.8 1009.21 1.25 74.2334 0 25.5263 271.21
25.1458 2 6 1009.27 1.1 73.8 0 17.0765 272.458
25.1667 2 5.35 1009.29 0.9 74.95 0 9.37533 280.376
25.1875 2 4.7 1009.3 0.7 76.1 0 1.67417 288.294
25.2083 2 4.65 1009.27 0.9 76.425 0 0.837085 289.539
25.2292 2 4.6 1009.24 1.1 76.75 0 0 290.783
25.25 2 4.8 1009.25 0.95 76.3195 0 0 296.821
25.2708 2 5 1009.26 0.8 75.8889 0 0 302.86
25.2917 2 5.35 1009.21 0.65 76.6111 0 0 291.522
25.3125 2 5.7 1009.15 0.5 77.3333 0 0 280.185
25.3333 2 5.35 1009.04 0.45 77.5 0 0 291.227
25.3542 2 5 1008.93 0.4 77.6667 0 0 302.27
25.375 2 4.7 1008.81 0.35 77.5555 0 0 299.566
25.3958 2 4.4 1008.69 0.3 77.4444 0 0 296.862
25.4167 2 3.15 1008.55 0.05 77.2777 0 0 298.276
25.4375 2 1.9 1008.4 -0.2 77.1111 0 0 299.691
25.4583 2 2.25 1008.18 -0.35 76.1666 0 0 294.763
25.4792 2 2.6 1007.97 -0.5 75.2222 0 0 289.834
25.5 2 2.5 1007.75 -0.35 76.6111 0 0 294.657
25.5208 2 2.4 1007.53 -0.2 78 0 0 299.48
25.5417 2 2.35 1007.36 -0.2 77.0625 0 0 299.38
25.5625 2 2.3 1007.19 -0.2 76.125 0 0 299.281
25.5833 2 2.4 1006.93 -0.3 77.7847 0 0 299.327
25.6042 2 2.5 1006.68 -0.4 79.4444 0 0 299.373
25.625 2 1.95 1006.48 -0.45 78.5 0 -0.148491 298.476
25.6458 2 1.4 1006.29 -0.5 77.5556 0 -0.296981 297.579
25.6667 2 1.2 1006 -1.76818 77.7223 0 0.874844 297.561
25.6875 2 1 1005.71 -3.03636 77.8889 0 2.04667 297.543
25.7083 2 1.05 1005.46 -2.83636 77.3889 0 8.28044 297.81
25.7292 2 1.1 1005.2 -2.63636 76.8889 0 14.5142 298.077
25.75 2 1.85 1004.93 -2.41818 76.3334 0 23.965 297.893
25.7708 2 2.6 1004.66 -2.2 75.7778 0 33.4157 297.71
25.7917 2 2.85 1004.43 -2.13182 76.3889 0 44.9122 297.264
25.8125 2 3.1 1004.2 -2.06364 77 0 56.4087 296.819
25.8333 2 3.3 1003.92 -1.98637 77.2778 0 68.8358 296.818
25.8542 2 3.5 1003.64 -1.90909 77.5556 0 81.2628 296.817
25.875 2 3.5 1003.39 -1.73182 79.5278 0 79.7818 297.695
25.8958 2 3.5 1003.13 -1.55455 81.5 0 78.3008 298.573
25.9167 2 3.8 1002.82 -1.41818 81.3125 0 97.2154 297.247
25.9375 2 4.1 1002.5 -1.28182 81.125 0 116.13 295.922
25.9583 2 3.75 1002.16 -1.28637 79.6736 0 118.916 295.712
25.9792 2 3.4 1001.81 -1.29091 78.2222 0 121.702 295.503
26 2 3.95 1001.46 -0.895455 79.1611 0 118.501 291.776
26.0208 2 4.5 1001.12 -0.5 80.1 0 115.3 288.05
26.0417 2 4.6 1000.73 -0.55 80.5 0 89.7234 292.246
26.0625 2 4.7 1000.34 -0.6 80.9 0 64.1468 296.443
26.0833 2 4.75 999.95 -0.6 78.5 0 48.9358 294.664
26.1042 2 4.8 999.56 -0.6 76.1 0 33.7248 292.886
26.125 2 5.1 999.155 -0.7 74.8 0 20.9657 296.547
26.1458 2 5.4 998.75 -0.8 73.5 0 8.2065 300.209
26.1667 2 5.5 998.5 -1 76.9166 0 4.26683 300.313
26.1875 2 5.6 998.25 -1.2 80.3333 0 0.327167 300.416
26.2083 2 5.4 998.065 -1.3 77.0667 0 0.163584 300.147
26.2292 2 5.2 997.88 -1.4 73.8 0 0 299.879
26.25 2 4.75 997.57 -1.4 74.5363 0 0 298.75
26.2708 2 4.3 997.26 -1.4 75.2727 0 0 297.621
26.2917 2 4.2 996.88 -1.35 75.2272 0 0 295.347
26.3125 2 4.1 996.5 -1.3 75.1818 0 0 293.073
26.3333 2 3.95 996.095 -1.3 75.1364 0 0 293.227
26.3542 2 3.8 995.69 -1.3 75.0909 0 0 293.382
26.375 2 3.95 995.42 -1.2 74.9091 0 0 295.844
26.3958 2 4.1 995.15 -1.1 74.7273 0 0 298.305
26.4167 2 3.95 994.905 -1.2 74.3636 0 0 298.839
26.4375 2 3.8 994.66 -1.3 74 0 0 299.374
26.4583 2 3.5 994.335 -1.25 74.6818 0 0 299.508
26.4792 2 3.2 994.01 -1.2 75.3636 0 0 299.641
26.5 2 2.35 993.765 -1.2 75.1263 0 0 300.023
26.5208 2 1.5 993.52 -1.2 74.8889 0 0 300.406
26.5417 2 1.35 993.35 -1.25 74.3535 0 0 301.549
26.5625 2 1.2 993.18 -1.3 73.8182 0 0 302.691
26.5833 2 1.25 993 -1.3 74.4545 0 0 302.826
26.6042 2 1.3 992.82 -1.3 75.0909 0 0 302.961
26.625 2 1.55 992.68 -1.35 74.2272 0 0.0294167 303.426
26.6458 2 1.8 992.54 -1.4 73.3636 0 0.0588333 303.891
26.6667 2 2.2 992.425 -1.5 72.9546 0 1.85217 302.127
26.6875 2 2.6 992.31 -1.6 72.5455 0 3.6455 300.363
26.7083 2 2.5 992.27 -1.6 72.7728 0 16.0416 290.747
26.7292 2 2.4 992.23 -1.6 73 0 28.4378 281.131
26.75 2 2.3 992.205 -1.6 73.6364 0 35.393 284.456
26.7708 2 2.2 992.18 -1.6 74.2727 0 42.3482 287.781
26.7917 2 2.15 992.185 -1.4 74.3181 0 63.9475 288.323
26.8125 2 2.1 992.19 -1.2 74.3636 0 85.5468 288.864
26.8333 2 2.4 992.18 -0.6 73.8636 0 123.58 284.703
26.8542 2 2.7 992.17 0 73.3636 0 161.613 280.541
26.875 2 3.1 992.22 0.2 73.409 0 187.669 269.743
26.8958 2 3.5 992.27 0.4 73.4545 0 213.726 258.945
26.9167 2 3.35 992.27 0.55 73.5454 0 215.693 260.331
26.9375 2 3.2 992.27 0.7 73.6364 0 217.659 261.717
26.9583 2 3.35 992.315 0.75 73.7273 0 177.572 280.019
26.9792 2 3.5 992.36 0.8 73.8182 0 137.485 298.321
27 2 3.55 992.45 0.65 74.0454 0 124.824 289.402
27.0208 2 3.6 992.54 0.5 74.2727 0 112.163 280.483
27.0417 2 3.45 992.675 0.45 74 0 103.479 286.724
27.0625 2 3.3 992.81 0.4 73.7273 0 94.795 292.965
27.0833 2 3.45 992.93 0.3 74.9091 0 65.7538 288.117
27.1042 2 3.6 993.05 0.2 76.0909 0 36.7127 283.268
27.125 2 3.55 993.185 0.3 77 0 24.5699 285.846
27.1458 2 3.5 993.32 0.4 77.9091 0 12.427 288.424
27.1667 2 3.45 993.4 0.35 78.5 0 6.781 286.599
27.1875 2 3.4 993.48 0.3 79.0909 0 1.135 284.774
27.2083 2 3.2 993.595 0.35 79.4091 0 0.5675 288.482
27.2292 2 3 993.71 0.4 79.7273 0 0 292.19
27.25 2 2.8 993.94 0.25 78.7137 0 0 288.261
27.2708 2 2.6 994.17 0.1 77.7 0 0 284.332
27.2917 2 2.25 994.32 0.15 77.9863 0 0 275.465
27.3125 2 1.9 994.47 0.2 78.2727 0 0 266.598
27.3333 2 2.35 994.66 0.35 78.0909 0 0 265.016
27.3542 2 2.8 994.85 0.5 77.9091 0 0 263.434
27.375 2 2.9 995.035 0.55 77.7273 0 0 258.5
27.3958 2 3 995.22 0.6 77.5455 0 0 253.566
27.4167 2 2.95 995.465 0.65 77.7728 0 0 264.486
27.4375 2 2.9 995.71 0.7 78 0 0 275.405
27.4583 2 3.15 995.95 0.7 77.3 0 0 283.867
27.4792 2 3.4 996.19 0.7 76.6 0 0 292.328
27.5 2 3.25 996.45 0.3 77.3 0 0 280.859
27.5208 2 3.1 996.71 -0.1 78 0 0 269.389
27.5417 2 2.95 996.96 -0.1 76.7 0 0 275.101
27.5625 2 2.8 997.21 -0.1 75.4 0 0 280.812
27.5833 2 3.1 997.39 -0.1 75.4272 0 0 272.142
27.6042 2 3.4 997.57 -0.1 75.4545 0 0 263.472
27.625 2 4 997.84 0.05 75.6364 0 -0.03825 262.31
27.6458 2 4.6 998.11 0.2 75.8182 0 -0.0765 261.147
27.6667 2 4.3 998.385 -0.1 75.7728 0 1.76217 243.882
27.6875 2 4 998.66 -0.4 75.7273 0 3.60083 226.617
27.7083 2 4.2 999.025 -0.25 76.2728 0 15.2333 229.912
27.7292 2 4.4 999.39 -0.1 76.8182 0 26.8658 233.207
27.75 2 4.4 999.765 0.05 76.6364 0 56.0536 241.189
27.7708 2 4.4 1000.14 0.2 76.4545 0 85.2413 249.17
27.7917 2 3.9 1000.42 0.45 76.3181 0 120.874 245.028
27.8125 2 3.4 1000.69 0.7 76.1818 0 156.506 240.886
27.8333 2 3.5 1000.9 0.5 75.3409 0 144.617 259.469
27.8542 2 3.6 1001.1 0.3 74.5 0 132.727 278.052
27.875 2 3.3 1001.32 0.5 74.4318 0 139.327 277.79
27.8958 2 3 1001.53 0.7 74.3636 0 145.928 277.529
27.9167 2 2.95 1001.8 0.6 73.4546 0 128.203 281.895
27.9375 2 2.9 1002.07 0.5 72.5455 0 110.479 286.261
27.9583 2 3.95 1002.27 0.55 72.2728 0 131.144 285.539
27.9792 2 5 1002.47 0.6 72 0 151.809 284.816
28 2 5.7 1002.66 0.65 72.4091 0 125.632 286.231
28.0208 2 6.4 1002.86 0.7 72.8182 0 99.4553 287.646
28.0417 2 6.5 1003.12 0.55 73.8091 0 85.9323 274.346
28.0625 2 6.6 1003.38 0.4 74.8 0 72.4092 261.046
28.0833 2 6.4 1003.57 0.3 74.9 0 53.4815 271.381
28.1042 2 6.2 1003.75 0.2 75 0 34.5538 281.716
28.125 2 5.85 1004.02 0.1 75.35 0 24.2778 283.204
28.1458 2 5.5 1004.28 0 75.7 0 14.0018 284.693
28.1667 2 5.6 1004.45 -0.05 75.25 0 7.62556 281.118
28.1875 2 5.7 1004.62 -0.1 74.8 0 1.24933 277.543
28.2083 2 5.4 1004.73 -0.1 74.55 0 0.624665 270.166
28.2292 2 5.1 1004.85 -0.1 74.3 0 0 262.789
28.25 2 4.9 1004.96 -0.2 74.1 0 0 263.776
28.2708 2 4.7 1005.08 -0.3 73.9 0 0 264.764
28.2917 2 4.5 1005.27 -0.2 73.75 0 0 274.232
28.3125 2 4.3 1005.45 -0.1 73.6 0 0 283.699
28.3333 2 4.5 1005.58 -0.05 73.45 0 0 287.886
28.3542 2 4.7 1005.7 0 73.3 0 0 292.073
28.375 2 4.75 1005.83 -0.25 73.2 0 0 277.206
28.3958 2 4.8 1005.95 -0.5 73.1 0 0 262.338
28.4167 2 4.8 1006.03 -0.5 72.05 0 0 265.437
28.4375 2 4.8 1006.1 -0.5 71 0 0 268.535
28.4583 2 4.55 1006.24 -0.5 70.6666 0 0 269.705
28.4792 2 4.3 1006.38 -0.5 70.3333 0 0 270.875
28.5 2 4.35 1006.46 -0.5 70.1041 0 0 275.581
28.5208 2 4.4 1006.55 -0.5 69.875 0 0 280.286
28.5417 2 4.6 1006.64 -0.7 70.9875 0 0 255.592
28.5625 2 4.8 1006.73 -0.9 72.1 0 0 230.898
28.5833 2 4.6 1006.86 -1 72.35 0 0 235.864
28.6042 2 4.4 1006.99 -1.1 72.6 0 0 240.83
28.625 2 4.35 1007.09 -1.15 73.05 0 0.0005 237.765
28.6458 2 4.3 1007.2 -1.2 73.5 0 0.001 234.7
28.6667 2 4.05 1007.37 -1.15 73.7 0 1.83867 245.898
28.6875 2 3.8 1007.54 -1.1 73.9 0 3.67633 257.096
28.7083 2 3.65 1007.75 -0.95 74.4 0 11.209 260.594
28.7292 2 3.5 1007.96 -0.8 74.9 0 18.7417 264.093
28.75 2 3.4 1008.17 -0.65 74.45 0 49.4856 260.805
28.7708 2 3.3 1008.37 -0.5 74 0 80.2295 257.517
28.7917 2 3.35 1008.58 -0.45 73.5 0 97.1633 248.492
28.8125 2 3.4 1008.79 -0.4 73 0 114.097 239.468
28.8333 2 3.1 1008.98 -0.3 72.3 0 143.996 243.807
28.8542 2 2.8 1009.17 -0.2 71.6 0 173.896 248.145
28.875 2 2.7 1009.34 -0.05 70.9 0 224.376 258.702
28.8958 2 2.6 1009.52 0.1 70.2 0 274.856 269.258
28.9167 2 2.7 1009.7 0.1 70.85 0 276.56 264.434
28.9375 2 2.8 1009.88 0.1 71.5 0 278.264 259.609
28.9583 2 2.85 1010.04 0.1 71.75 0 270.364 250.26
28.9792 2 2.9 1010.2 0.1 72 0 262.464 240.912
29 2 2.7 1010.35 0.15 71.9 0 209.124 239.354
29.0208 2 2.5 1010.51 0.2 71.8 0 155.784 237.797
29.0417 2 2.4 1010.71 0.15 71.6222 0 143.71 241.847
29.0625 2 2.3 1010.91 0.1 71.4444 0 131.636 245.897
29.0833 2 2.15 1011.16 0.15 71.0722 0 92.7837 270.066
29.1042 2 2 1011.42 0.2 70.7 0 53.9313 294.236
29.125 2 2.45 1011.6 0.05 70.65 0 31.0008 293.274
29.1458 2 2.9 1011.78 -0.1 70.6 0 8.07033 292.313
29.1667 2 2.7 1012.01 -0.2 70.95 0 4.44266 285.157
29.1875 2 2.5 1012.24 -0.3 71.3 0 0.815 278.001
29.2083 2 2.2 1012.45 -0.35 71.65 0 0.4075 273.242
29.2292 2 1.9 1012.65 -0.4 72 0 0 268.483
29.25 2 1.7 1012.86 -0.5 72.1 0 0 262.518
29.2708 2 1.5 1013.07 -0.6 72.2 0 0 256.554
29.2917 2 1.6 1013.23 -0.65 71.85 0 0 261.339
29.3125 2 1.7 1013.4 -0.7 71.5 0 0 266.124
29.3333 2 1.75 1013.55 -0.8 71.6 0 0 267.578
29.3542 2 1.8 1013.69 -0.9 71.7 0 0 269.031
29.375 2 2 1013.79 -0.8 71.75 0 0 274.359
29.3958 2 2.2 1013.89 -0.7 71.8 0 0 279.687
29.4167 2 1.95 1014.05 -0.75 71.45 0 0 281.026
29.4375 2 1.7 1014.2 -0.8 71.1 0 0 282.364
29.4583 2 1.9 1014.35 -0.9 71.7 0 0 275.01
29.4792 2 2.1 1014.5 -1 72.3 0 0 267.656
29.5 2 2.3 1014.65 -1.2 71.9625 0 0 258.951
29.5208 2 2.5 1014.8 -1.4 71.625 0 0 250.245
29.5417 2 2.25 1014.95 -1.25 72.2125 0 0 253.054
29.5625 2 2 1015.11 -1.1 72.8 0 0 255.863
29.5833 2 2.15 1015.16 -1.4 72.65 0 0 237.46
29.6042 2 2.3 1015.2 -1.7 72.5 0 0 219.056
29.625 2 2.65 1015.28 -1.8 72.1389 0 0 215.573
29.6458 2 3 1015.36 -1.9 71.7778 0 0 212.09
29.6667 2 3.15 1015.42 -1.85 71.9889 0 1.57583 212.763
29.6875 2 3.3 1015.48 -1.8 72.2 0 3.15167 213.436
29.7083 2 3.5 1015.53 -1.45 71.7666 0 10.3279 216.312
29.7292 2 3.7 1015.58 -1.1 71.3333 0 17.5042 219.188
29.75 2 3.65 1015.6 -0.5 70.6666 0 34.2507 244.12
29.7708 2 3.6 1015.62 0.1 70 0 50.9973 269.052
29.7917 2 4.2 1015.66 0.1 72.45 0 53.7878 286.458
29.8125 2 4.8 1015.7 0.1 74.9 0 56.5783 303.863
29.8333 2 5.1 1015.68 0.15 72.8389 0 64.6171 305.01
29.8542 2 5.4 1015.67 0.2 70.7778 0 72.6558 306.156
29.875 2 5.5 1015.57 0.35 72.7889 0 74.4072 309.372
29.8958 2 5.6 1015.47 0.5 74.8 0 76.1585 312.587
29.9167 2 5.05 1015.4 0.65 74 0 97.5078 308.125
29.9375 2 4.5 1015.32 0.8 73.2 0 118.857 303.664
29.9583 2 4.95 1015.34 0.4 72.85 0 121.486 303.031
29.9792 2 5.4 1015.37 0 72.5 0 124.116 302.399
