0 2 2.4 1016.71 -6 74 0 19.7609 241.767
0.0208333 2 1.8 1016.79 -6.1 74 0 14.203 239.558
0.0416667 2 1.65 1016.87 -6.05 75 0 8.58925 244.637
0.0625 2 1.5 1016.95 -6 76 0 2.9755 249.716
0.0833333 2 2 1017.14 -6.15 76.5 0 1.48775 245.233
0.104167 2 2.5 1017.32 -6.3 77 0 0 240.75
0.125 2 2.4 1017.43 -6.5 79 1.21157e-006 0 245.74
0.145833 2 2.3 1017.53 -6.7 81 2.42315e-006 0 250.73
0.166667 2 2.95 1017.6 -6.3 80.5 1.21157e-006 0 259.788
0.1875 2 3.6 1017.68 -5.9 80 0 0 268.847
0.208333 2 3.9 1017.77 -5.8 78.5 0 0 265.464
0.229167 2 4.2 1017.85 -5.7 77 0 0 262.08
0.25 2 4.1 1018 -6.35 84 1.36115e-006 0 264.162
0.270833 2 4 1018.15 -7 91 2.72231e-006 0 266.244
0.291667 2 4.5 1018.25 -6.4 87.5 2.6176e-006 0 269.968
0.3125 2 5 1018.35 -5.8 84 2.5129e-006 0 273.692
0.333333 2 6 1018.48 -5.25 79.5 1.25645e-006 0 272.876
0.354167 2 7 1018.61 -4.7 75 0 0 272.061
0.375 2 7.5 1023.85 -4.65 78.5 1.22653e-006 0 275.177
0.395833 2 8 1029.1 -4.6 82 2.45307e-006 0 278.293
0.416667 2 8.9 1028.85 -4.6 87 2.60264e-006 0 281.658
0.4375 2 9.8 1028.6 -4.6 92 2.75222e-006 0 285.023
0.458333 2 10.1 1028.03 -4.55 91.5 2.73726e-006 0 284.861
0.479167 2 10.4 1027.46 -4.5 91 2.72231e-006 0 284.698
0.5 2 10.45 1026.92 -4.4 92 2.75222e-006 0 284.847
0.520833 2 10.5 1026.38 -4.3 93 2.78214e-006 0 284.996
0.541667 2 10.95 1025.77 -4.3 92.5 2.76718e-006 0 285.282
0.5625 2 11.4 1025.15 -4.3 92 2.75222e-006 0 285.568
0.583333 2 11.45 1024.55 -4.3 83.0555 1.37611e-006 0 287.099
0.604167 2 11.5 1023.95 -4.3 74.1111 0 0 288.631
0.625 2 11.7 1023.38 -4.25 74.2222 0 0 289.174
0.645833 2 11.9 1022.81 -4.2 74.3333 0 0 289.716
0.666667 2 11.6 1022.3 -4.15 74.5555 0 0 290.913
0.6875 2 11.3 1021.8 -4.1 74.7778 0 0 292.109
0.708333 2 11.7 1021.22 -4 75.0555 0 0 292.28
0.729167 2 12.1 1020.64 -3.9 75.3333 0 0 292.45
0.75 2 12.65 1020.1 -3.95 75.3333 0 0.2435 292.302
0.770833 2 13.2 1019.57 -4 75.3333 0 0.487 292.155
0.791667 2 13.2 1019.07 -3.95 75.7222 0 2.2565 292.796
0.8125 2 13.2 1018.57 -3.9 76.1111 0 4.026 293.437
0.833333 2 12.65 1018.12 -3.65 75.5555 0 7.65575 295.151
0.854167 2 12.1 1017.67 -3.4 75 0 11.2855 296.864
0.875 2 11.35 1017.37 -3.05 74.8334 0 18.0341 295.067
0.895833 2 10.6 1017.07 -2.7 74.6667 0 24.7828 293.27
0.916667 2 10.25 1016.74 -2.7 74.6667 0 23.0508 292.486
0.9375 2 9.9 1016.41 -2.7 74.6667 0 21.3188 291.702
0.958333 2 9.25 1016.16 -2.75 73.6112 0 17.5133 290.99
0.979167 2 8.6 1015.92 -2.8 72.5556 0 13.7077 290.277
1 2 8.85 1015.76 -2.75 85.2778 1.46586e-006 10.1825 286.833
1.02083 2 9.1 1015.6 -2.7 98 2.93172e-006 6.65733 283.389
1.04167 2 8.65 1015.7 -2.95 97.5 2.91676e-006 4.115 285.88
1.0625 2 8.2 1015.8 -3.2 97 2.90181e-006 1.57267 288.371
1.08333 2 9.65 1016.14 -3.8 96 2.87189e-006 0.786335 285.963
1.10417 2 11.1 1016.47 -4.4 95 2.84197e-006 0 283.555
1.125 2 11.05 1017.03 -5.1 94 2.81206e-006 0 280.268
1.14583 2 11 1017.58 -5.8 93 2.78214e-006 0 276.98
1.16667 2 10.9 1018.15 -6.8 92 2.75222e-006 0 272.122
1.1875 2 10.8 1018.71 -7.8 91 2.72231e-006 0 267.265
1.20833 2 10.35 1019.13 -8.1 90 2.69239e-006 0 267.018
1.22917 2 9.9 1019.54 -8.4 89 2.66248e-006 0 266.77
1.25 2 9.75 1019.87 -8.7 89 2.66248e-006 0 265.354
1.27083 2 9.6 1020.2 -9 89 2.66248e-006 0 263.938
1.29167 2 9.65 1020.59 -9.2 89 2.66248e-006 0 262.47
1.3125 2 9.7 1020.98 -9.4 89 2.66248e-006 0 261.002
1.33333 2 9.25 1021.35 -9.45 87.5 2.6176e-006 0 260.128
1.35417 2 8.8 1021.73 -9.5 86 2.57273e-006 0 259.253
1.375 2 8.85 1022.05 -9.4 86 2.57273e-006 0 259.73
1.39583 2 8.9 1022.38 -9.3 86 2.57273e-006 0 260.207
1.41667 2 8.55 1022.65 -9.35 84 2.5129e-006 0 258.641
1.4375 2 8.2 1022.92 -9.4 82 2.45307e-006 0 257.076
1.45833 2 7.9 1023.06 -9.3 82.5 2.46802e-006 0 258.173
1.47917 2 7.6 1023.2 -9.2 83 2.48298e-006 0 259.27
1.5 2 7.95 1023.38 -9.2 83.5 2.49794e-006 0 259.608
1.52083 2 8.3 1023.55 -9.2 84 2.5129e-006 0 259.947
1.54167 2 8.1 1023.64 -9 87.5 2.6176e-006 0 262.227
1.5625 2 7.9 1023.72 -8.8 91 2.72231e-006 0 264.507
1.58333 2 8.6 1023.82 -8.9 90 2.69239e-006 0 263.238
1.60417 2 9.3 1023.92 -9 89 2.66248e-006 0 261.969
1.625 2 9.05 1024.12 -8.95 87 2.60264e-006 0 260.266
1.64583 2 8.8 1024.32 -8.9 85 2.54281e-006 0 258.564
1.66667 2 9.3 1024.51 -9.1 87.5 2.6176e-006 0 255.461
1.6875 2 9.8 1024.71 -9.3 90 2.69239e-006 0 252.358
1.70833 2 9.65 1024.82 -9.6 87.5 2.6176e-006 0 238.521
1.72917 2 9.5 1024.93 -9.9 85 2.54281e-006 0 224.685
1.75 2 9.35 1025.09 -10 86 2.57273e-006 0.146916 234.246
1.77083 2 9.2 1025.26 -10.1 87 2.60264e-006 0.293833 243.808
1.79167 2 8.8 1025.44 -10.2 87.5 2.6176e-006 2.76633 245.556
1.8125 2 8.4 1025.62 -10.3 88 2.63256e-006 5.23883 247.304
1.83333 2 8.5 1025.7 -10.45 88 2.63256e-006 9.97651 243.667
1.85417 2 8.6 1025.78 -10.6 88 2.63256e-006 14.7142 240.029
1.875 2 8.35 1025.84 -10.7 87 2.60264e-006 19.6327 242.52
1.89583 2 8.1 1025.9 -10.8 86 2.57273e-006 24.5512 245.011
1.91667 2 7.8 1025.84 -10.9 85.5 2.55777e-006 25.5969 243.853
1.9375 2 7.5 1025.79 -11 85 2.54281e-006 26.6425 242.695
1.95833 2 7.4 1025.71 -11.1 85.5 2.55777e-006 23.475 240.688
1.97917 2 7.3 1025.63 -11.2 86 2.57273e-006 20.3075 238.681
2 2 7.1 1025.59 -11.15 86.5 2.58768e-006 14.1125 244.4
2.02083 2 6.9 1025.55 -11.1 87 2.60264e-006 7.9175 250.119
2.04167 2 7 1025.61 -11 87.5 2.6176e-006 4.69559 252.663
2.0625 2 7.1 1025.68 -10.9 88 2.63256e-006 1.47367 255.207
2.08333 2 6.6 1025.75 -10.95 88 2.63256e-006 0.736835 254.966
2.10417 2 6.1 1025.81 -11 88 2.63256e-006 0 254.725
2.125 2 6 1025.77 -11.05 86.5 2.58768e-006 0 248.543
2.14583 2 5.9 1025.72 -11.1 85 2.54281e-006 0 242.36
2.16667 2 6.05 1025.67 -11.15 88 2.63256e-006 0 249.327
2.1875 2 6.2 1025.61 -11.2 91 2.72231e-006 0 256.293
2.20833 2 5.95 1025.61 -11.3 89 2.66247e-006 0 250.435
2.22917 2 5.7 1025.62 -11.4 87 2.60264e-006 0 244.577
2.25 2 5.2 1025.6 -11.5 84 2.5129e-006 0 236.727
2.27083 2 4.7 1025.59 -11.6 81 2.42315e-006 0 228.876
2.29167 2 4.5 1025.58 -11.75 81.5 2.43811e-006 0 220.223
2.3125 2 4.3 1025.58 -11.9 82 2.45307e-006 0 211.569
2.33333 2 4.45 1025.58 -11.75 84.5 2.52785e-006 0 229.403
2.35417 2 4.6 1025.59 -11.6 87 2.60264e-006 0 247.237
2.375 2 4.2 1025.56 -11.85 84 2.5129e-006 0 231.411
2.39583 2 3.8 1025.54 -12.1 81 2.42315e-006 0 215.585
2.41667 2 3.4 1025.52 -11.95 84.5 2.52785e-006 0 232.268
2.4375 2 3 1025.49 -11.8 88 2.63256e-006 0 248.95
2.45833 2 3.1 1025.39 -11.85 84.5 2.52785e-006 0 233.379
2.47917 2 3.2 1025.29 -11.9 81 2.42315e-006 0 217.807
2.5 2 2.95 1025.23 -11.85 80.5 1.21157e-006 0 220.165
2.52083 2 2.7 1025.16 -11.8 80 0 0 222.523
2.54167 2 2.55 1025.08 -11.8 82 1.25645e-006 0 230.943
2.5625 2 2.4 1025.01 -11.8 84 2.5129e-006 0 239.363
2.58333 2 2.45 1024.93 -11.7 86.5 2.58769e-006 0 245.451
2.60417 2 2.5 1024.84 -11.6 89 2.66248e-006 0 251.539
2.625 2 1.7 1024.78 -11.8 90 2.69239e-006 0 249.216
2.64583 2 0.9 1024.73 -12 91 2.72231e-006 0 246.894
2.66667 2 0.55 1024.64 -12.1 93 2.78214e-006 0 248.095
2.6875 2 0.2 1024.54 -12.2 95 2.84197e-006 0 249.296
2.70833 2 0.9 1024.49 -11.95 90.5 2.70735e-006 0 229.943
2.72917 2 1.6 1024.43 -11.7 86 2.57273e-006 0 210.59
2.75 2 1.2 1024.4 -13.15 81.2 1.28636e-006 0.28325 193.99
2.77083 2 0.8 1024.36 -14.6 76.4 0 0.5665 177.389
2.79167 2 1.2 1024.24 -15.25 76.4 0 2.31522 173.857
2.8125 2 1.6 1024.13 -15.9 76.4 0 4.06393 170.324
2.83333 2 1.8 1024.02 -15.9 76.2 0 16.0698 169.854
2.85417 2 2 1023.91 -15.9 76 0 28.0756 169.384
2.875 2 2.05 1023.8 -16 76.6666 0 33.4432 169.269
2.89583 2 2.1 1023.7 -16.1 77.3333 0 38.8108 169.154
2.91667 2 2.45 1023.53 -16.85 78.6666 0 39.0423 168.63
2.9375 2 2.8 1023.36 -17.6 80 0 39.2738 168.107
2.95833 2 3.85 1023.22 -19.4 77.4445 0 31.9078 167.189
2.97917 2 4.9 1023.08 -21.2 74.8889 0 24.5418 166.271
3 2 4.95 1022.93 -21.55 74.8445 0 17.6889 167.552
3.02083 2 5 1022.78 -21.9 74.8 0 10.836 168.833
3.04167 2 4.9 1022.61 -21.85 74.9 0 6.14892 177.32
3.0625 2 4.8 1022.44 -21.8 75 0 1.46183 185.807
3.08333 2 4.2 1022.28 -21.2 74.9 0 0.730915 196.471
3.10417 2 3.6 1022.11 -20.6 74.8 0 0 207.136
3.125 2 3.75 1021.87 -19.75 74.75 0 0 205.101
3.14583 2 3.9 1021.63 -18.9 74.7 0 0 203.066
3.16667 2 4.05 1021.46 -18.9 74.95 0 0 207.915
3.1875 2 4.2 1021.29 -18.9 75.2 0 0 212.765
3.20833 2 3.85 1021.1 -18.5 75.35 0 0 215.599
3.22917 2 3.5 1020.92 -18.1 75.5 0 0 218.432
3.25 2 3.6 1020.73 -18.55 75.35 0 0 212.137
3.27083 2 3.7 1020.54 -19 75.2 0 0 205.842
3.29167 2 4.45 1020.3 -19.2 75 0 0 205.038
3.3125 2 5.2 1020.07 -19.4 74.8 0 0 204.234
3.33333 2 5.35 1019.83 -19.5 74.8445 0 0 203.097
3.35417 2 5.5 1019.58 -19.6 74.8889 0 0 201.96
3.375 2 5.55 1019.34 -19.6 74.8445 0 0 193.21
3.39583 2 5.6 1019.09 -19.6 74.8 0 0 184.459
3.41667 2 5.35 1018.92 -19.8 74.75 0 0 183.869
3.4375 2 5.1 1018.74 -20 74.7 0 0 183.279
3.45833 2 5.25 1018.39 -19.95 74.75 0 0 193.521
3.47917 2 5.4 1018.03 -19.9 74.8 0 0 203.763
3.5 2 5.75 1017.73 -18.8 74.8 0 0 223.146
3.52083 2 6.1 1017.44 -17.7 74.8 0 0 242.53
3.54167 2 6.65 1017.07 -17.25 75.6778 0 0 242.076
3.5625 2 7.2 1016.69 -16.8 76.5556 0 0 241.622
3.58333 2 7.2 1016.43 -17.1 75.6778 0 0 243.764
3.60417 2 7.2 1016.18 -17.4 74.8 0 0 245.906
3.625 2 7 1015.96 -16.95 74.7 0 0 248.118
3.64583 2 6.8 1015.74 -16.5 74.6 0 0 250.33
3.66667 2 6.5 1015.52 -16.3 74.5 0 0 250.849
3.6875 2 6.2 1015.29 -16.1 74.4 0 0 251.368
3.70833 2 6.25 1015.08 -15.85 74.2556 0 0 250.512
3.72917 2 6.3 1014.88 -15.6 74.1111 0 0 249.656
3.75 2 6.4 1014.73 -15.35 74.1555 0 0.114583 248.875
3.77083 2 6.5 1014.59 -15.1 74.2 0 0.229167 248.094
3.79167 2 6.55 1014.36 -15 73.35 0 1.9145 245.284
3.8125 2 6.6 1014.13 -14.9 72.5 0 3.59983 242.473
3.83333 2 6.75 1014.07 -14.85 73.9722 0 9.16706 239.523
3.85417 2 6.9 1014 -14.8 75.4444 0 14.7343 236.572
3.875 2 6.1 1014 -14.35 75.1111 0 18.4156 245.186
3.89583 2 5.3 1014 -13.9 74.7778 0 22.0968 253.799
3.91667 2 4.75 1014.03 -11.75 73.8889 0 22.8538 259.717
3.9375 2 4.2 1014.06 -9.6 73 0 23.6107 265.636
3.95833 2 5.9 1014.07 -8.9 72.9445 0 18.8775 263.144
3.97917 2 7.6 1014.07 -8.2 72.8889 0 14.1443 260.652
4 2 8.05 1014.09 -8.5 81.9445 1.36115e-006 9.95865 242.532
4.02083 2 8.5 1014.12 -8.8 91 2.72231e-006 5.773 224.412
4.04167 2 8.2 1014.34 -8.75 92.5 2.76718e-006 3.22042 232.928
4.0625 2 7.9 1014.57 -8.7 94 2.81206e-006 0.667833 241.444
4.08333 2 7.7 1014.81 -8.85 93 2.78214e-006 0.333916 246.308
4.10417 2 7.5 1015.05 -9 92 2.75222e-006 0 251.172
4.125 2 6.95 1015.26 -9.1 87.5 2.6176e-006 0 237.305
4.14583 2 6.4 1015.47 -9.2 83 2.48298e-006 0 223.438
4.16667 2 6 1015.64 -9.2 87 2.60264e-006 0 234.362
4.1875 2 5.6 1015.81 -9.2 91 2.72231e-006 0 245.286
4.20833 2 5.9 1015.99 -9.15 89.5 2.67743e-006 0 244.168
4.22917 2 6.2 1016.18 -9.1 88 2.63256e-006 0 243.05
4.25 2 6.1 1016.41 -9.25 85 2.54281e-006 0 237.027
4.27083 2 6 1016.64 -9.4 82 2.45307e-006 0 231.004
4.29167 2 5.9 1016.85 -9.5 81.5 2.43811e-006 0 222.155
4.3125 2 5.8 1017.07 -9.6 81 2.42315e-006 0 213.306
4.33333 2 5.5 1017.3 -9.65 78 1.21157e-006 0 207.712
4.35417 2 5.2 1017.54 -9.7 75 0 0 202.117
4.375 2 5 1017.71 -9.7 78.5 1.22653e-006 0 213.513
4.39583 2 4.8 1017.89 -9.7 82 2.45307e-006 0 224.909
4.41667 2 4.45 1018.02 -9.45 83.5 2.49794e-006 0 239.336
4.4375 2 4.1 1018.15 -9.2 85 2.54281e-006 0 253.763
4.45833 2 3.75 1018.3 -9.1 86.5 2.58768e-006 0 255.102
4.47917 2 3.4 1018.44 -9 88 2.63256e-006 0 256.44
4.5 2 3.4 1018.6 -8.95 91 2.72231e-006 0 261.391
4.52083 2 3.4 1018.76 -8.9 94 2.81206e-006 0 266.341
4.54167 2 4.15 1018.92 -9.15 90.5 2.70735e-006 0 243.347
4.5625 2 4.9 1019.08 -9.4 87 2.60264e-006 0 220.353
4.58333 2 4.5 1019.24 -9.65 86.5 2.58768e-006 0 221.938
4.60417 2 4.1 1019.4 -9.9 86 2.57273e-006 0 223.522
4.625 2 4.2 1019.63 -9.8 84 2.5129e-006 0 224.424
4.64583 2 4.3 1019.86 -9.7 82 2.45307e-006 0 225.327
4.66667 2 4.15 1020.07 -9.8 82.5 2.46802e-006 0 225.064
4.6875 2 4 1020.28 -9.9 83 2.48298e-006 0 224.801
4.70833 2 3.95 1020.47 -9.6 84.5 2.52785e-006 0 239.026
4.72917 2 3.9 1020.65 -9.3 86 2.57273e-006 0 253.251
4.75 2 4.15 1020.74 -9.45 87 2.60264e-006 0.204084 242.803
4.77083 2 4.4 1020.84 -9.6 88 2.63256e-006 0.408167 232.355
4.79167 2 4.2 1020.97 -9.8 87.5 2.6176e-006 2.9395 228.929
4.8125 2 4 1021.1 -10 87 2.60264e-006 5.47083 225.503
4.83333 2 3.8 1021.35 -9.9 88 2.63256e-006 10.8792 232.711
4.85417 2 3.6 1021.6 -9.8 89 2.66248e-006 16.2875 239.919
4.875 2 3.35 1021.78 -10.1 88.5 2.64752e-006 22.4431 232.56
4.89583 2 3.1 1021.95 -10.4 88 2.63256e-006 28.5988 225.2
4.91667 2 3 1022.04 -10.3 88.5 2.64752e-006 27.6595 223.277
4.9375 2 2.9 1022.12 -10.2 89 2.66248e-006 26.7202 221.354
4.95833 2 2.15 1022.18 -11.65 89.5 2.67743e-006 21.7392 219.001
4.97917 2 1.4 1022.24 -13.1 90 2.69239e-006 16.7582 216.648
5 2 2 1022.25 -14.15 82.7778 1.34619e-006 10.8268 218.702
5.02083 2 2.6 1022.26 -15.2 75.5556 0 4.8955 220.755
5.04167 2 3.1 1022.28 -16.35 75.3334 0 2.76808 219.139
5.0625 2 3.6 1022.29 -17.5 75.1111 0 0.640667 217.523
5.08333 2 3.9 1022.32 -17.5 75.1111 0 0.320334 206.835
5.10417 2 4.2 1022.36 -17.5 75.1111 0 0 196.146
5.125 2 4 1022.41 -19.85 75.3889 0 0 187.443
5.14583 2 3.8 1022.46 -22.2 75.6667 0 0 178.74
5.16667 2 3.35 1022.43 -22.9 75.7223 0 0 179.839
5.1875 2 2.9 1022.39 -23.6 75.7778 0 0 180.938
5.20833 2 2.85 1022.38 -23.75 75.7778 0 0 182.858
5.22917 2 2.8 1022.37 -23.9 75.7778 0 0 184.778
5.25 2 2.75 1022.37 -24.1 75.6667 0 0 186.326
5.27083 2 2.7 1022.37 -24.3 75.5556 0 0 187.874
5.29167 2 2.75 1022.3 -24.1 75.6112 0 0 186.151
5.3125 2 2.8 1022.24 -23.9 75.6667 0 0 184.429
5.33333 2 2.8 1022.13 -23.75 76.0209 0 0 188.98
5.35417 2 2.8 1022.01 -23.6 76.375 0 0 193.532
5.375 2 2.8 1021.88 -23.15 75.6875 0 0 194.355
5.39583 2 2.8 1021.75 -22.7 75 0 0 195.178
5.41667 2 2.75 1021.65 -23 75.0555 0 0 188.405
5.4375 2 2.7 1021.55 -23.3 75.1111 0 0 181.633
5.45833 2 2.9 1021.29 -23.45 74.8055 0 0 178.497
5.47917 2 3.1 1021.04 -23.6 74.5 0 0 175.361
5.5 2 3.5 1020.77 -23.8 73.9166 0 0 174.681
5.52083 2 3.9 1020.5 -24 73.3333 0 0 174.002
5.54167 2 4.05 1020.28 -23.8 74.5416 0 0 174.935
5.5625 2 4.2 1020.05 -23.6 75.75 0 0 175.868
5.58333 2 4.25 1019.79 -23.5 74.8195 0 0 176.068
5.60417 2 4.3 1019.53 -23.4 73.8889 0 0 176.268
5.625 2 4.3 1019.34 -23.4 74.0555 0 0 181.501
5.64583 2 4.3 1019.14 -23.4 74.2222 0 0 186.733
5.66667 2 4.35 1018.83 -21.35 74.3889 0 0 214.518
5.6875 2 4.4 1018.51 -19.3 74.5556 0 0 242.303
5.70833 2 5.15 1018.29 -17.4 74.5556 0 0 240.949
5.72917 2 5.9 1018.07 -15.5 74.5556 0 0 239.595
5.75 2 6.7 1017.76 -14.3 74.8334 0 0.0754165 248.927
5.77083 2 7.5 1017.44 -13.1 75.1111 0 0.150833 258.259
5.79167 2 7.9 1017.26 -11.85 75 0 1.54967 261.29
5.8125 2 8.3 1017.08 -10.6 74.8889 0 2.9485 264.321
5.83333 2 8.65 1016.93 -9.55 74.6666 0 5.95275 270.483
5.85417 2 9 1016.79 -8.5 74.4444 0 8.957 276.645
5.875 2 9.65 1016.68 -7.3 73.9444 0 10.2599 280.694
5.89583 2 10.3 1016.58 -6.1 73.4444 0 11.5628 284.744
5.91667 2 11.5 1016.42 -5.35 73.3333 0 11.3603 285.92
5.9375 2 12.7 1016.26 -4.6 73.2222 0 11.1578 287.097
5.95833 2 12.65 1016.3 -4.35 72.2777 0 9.28249 288.365
5.97917 2 12.6 1016.33 -4.1 71.3333 0 7.40717 289.634
6 2 12.4 1016.41 -4 72.5 0 5.08875 291.01
6.02083 2 12.2 1016.49 -3.9 73.6667 0 2.77033 292.386
6.04167 2 12 1016.49 -3.85 74.1112 0 1.51775 290.772
6.0625 2 11.8 1016.5 -3.8 74.5556 0 0.265167 289.158
6.08333 2 11.55 1016.66 -3.75 74.7778 0 0.132583 289.04
6.10417 2 11.3 1016.81 -3.7 75 0 0 288.923
6.125 2 11.3 1016.86 -3.75 75.2222 0 0 287.601
6.14583 2 11.3 1016.91 -3.8 75.4444 0 0 286.278
6.16667 2 11.1 1017.04 -3.7 75.4444 0 0 286.819
6.1875 2 10.9 1017.18 -3.6 75.4444 0 0 287.359
6.20833 2 10.55 1017.31 -3.6 75.7777 0 0 288.564
6.22917 2 10.2 1017.44 -3.6 76.1111 0 0 289.768
6.25 2 8.5 1017.58 -3.45 76.2222 0 0 292.469
6.27083 2 6.8 1017.71 -3.3 76.3333 0 0 295.17
6.29167 2 5.4 1017.85 -3.4 76.1666 0 0 290.797
6.3125 2 4 1018 -3.5 76 0 0 286.425
6.33333 2 3.75 1018.14 -3.5 75.75 0 0 287.353
6.35417 2 3.5 1018.27 -3.5 75.5 0 0 288.281
6.375 2 3.15 1018.44 -3.55 74.5834 0 0 289.176
6.39583 2 2.8 1018.61 -3.6 73.6667 0 0 290.07
6.41667 2 2.9 1018.7 -3.65 73.8889 0 0 289.545
6.4375 2 3 1018.78 -3.7 74.1111 0 0 289.02
6.45833 2 3.05 1018.91 -3.85 74.4445 0 0 288.694
6.47917 2 3.1 1019.03 -4 74.7778 0 0 288.368
6.5 2 2.4 1019.13 -4.2 74.9445 0 0 287.603
6.52083 2 1.7 1019.23 -4.4 75.1111 0 0 286.837
6.54167 2 2 1019.35 -4.6 76.4305 0 0 286.625
6.5625 2 2.3 1019.48 -4.8 77.75 0 0 286.412
6.58333 2 2.5 1019.66 -5 77.625 0 0 283.294
6.60417 2 2.7 1019.85 -5.2 77.5 0 0 280.176
6.625 2 2.35 1020.03 -5.55 87.25 1.4509e-006 0 269.809
6.64583 2 2 1020.21 -5.9 97 2.90181e-006 0 259.442
6.66667 2 2.55 1020.51 -5.9 96.5 2.88685e-006 0 263.435
6.6875 2 3.1 1020.8 -5.9 96 2.87189e-006 0 267.428
6.70833 2 3.45 1021.05 -5.9 94.5 2.82701e-006 0 263.726
6.72917 2 3.8 1021.31 -5.9 93 2.78214e-006 0 260.024
6.75 2 3.9 1021.65 -5.7 93.5 2.7971e-006 0.00275 269.739
6.77083 2 4 1021.99 -5.5 94 2.81206e-006 0.0055 279.454
6.79167 2 4.9 1022.34 -5.8 95 2.84197e-006 0.762335 276.099
6.8125 2 5.8 1022.7 -6.1 96 2.87189e-006 1.51917 272.743
6.83333 2 6.05 1023.2 -6.45 95 2.84197e-006 3.87742 269.333
6.85417 2 6.3 1023.7 -6.8 94 2.81206e-006 6.23567 265.924
6.875 2 6.55 1024.14 -7.25 93.5 2.7971e-006 10.2683 265.06
6.89583 2 6.8 1024.57 -7.7 93 2.78214e-006 14.301 264.196
6.91667 2 6.95 1024.89 -7.85 92.5 2.76718e-006 14.6386 265.969
6.9375 2 7.1 1025.21 -8 92 2.75222e-006 14.9763 267.742
6.95833 2 6.85 1025.61 -8.3 91 2.7223e-006 12.3796 266.471
6.97917 2 6.6 1026.02 -8.6 90 2.69239e-006 9.78284 265.201
7 2 6.4 1026.31 -8.75 90 2.69239e-006 6.5995 264.617
7.02083 2 6.2 1026.61 -8.9 90 2.69239e-006 3.41617 264.034
7.04167 2 5.95 1026.93 -9 89.5 2.67743e-006 1.84883 263.659
7.0625 2 5.7 1027.25 -9.1 89 2.66248e-006 0.2815 263.285
7.08333 2 5.45 1027.49 -9.1 88.5 2.64752e-006 0.14075 263.228
7.10417 2 5.2 1027.74 -9.1 88 2.63256e-006 0 263.171
7.125 2 4.7 1027.81 -9 87.5 2.6176e-006 0 254.557
7.14583 2 4.2 1027.88 -8.9 87 2.60264e-006 0 245.943
7.16667 2 4.45 1027.99 -9 87 2.60264e-006 0 241.943
7.1875 2 4.7 1028.1 -9.1 87 2.60264e-006 0 237.942
7.20833 2 4.35 1028.07 -8.8 87 2.60264e-006 0 243.104
7.22917 2 4 1028.05 -8.5 87 2.60264e-006 0 248.267
7.25 2 3.3 1028.16 -8.55 77.95 1.30132e-006 0 255.749
7.27083 2 2.6 1028.26 -8.6 68.9 0 0 263.232
7.29167 2 3.15 1028.26 -8.95 69.05 0 0 259.169
7.3125 2 3.7 1028.26 -9.3 69.2 0 0 255.107
7.33333 2 3.6 1028.19 -9.65 69.3778 0 0 253.729
7.35417 2 3.5 1028.12 -10 69.5556 0 0 252.351
7.375 2 3.75 1027.99 -9.45 69.5278 0 0 260.172
7.39583 2 4 1027.86 -8.9 69.5 0 0 267.993
7.41667 2 4.7 1027.72 -8.75 69.45 0 0 257.076
7.4375 2 5.4 1027.59 -8.6 69.4 0 0 246.158
7.45833 2 5.3 1027.46 -8.25 69.7 0 0 253.167
7.47917 2 5.2 1027.34 -7.9 70 0 0 260.176
7.5 2 5.25 1027.18 -7.65 69.65 0 0 266.283
7.52083 2 5.3 1027.01 -7.4 69.3 0 0 272.39
7.54167 2 5.4 1026.83 -7.3 70.0945 0 0 273.001
7.5625 2 5.5 1026.66 -7.2 70.8889 0 0 273.612
7.58333 2 5.65 1026.34 -7.5 70.1445 0 0 272.436
7.60417 2 5.8 1026.02 -7.8 69.4 0 0 271.26
7.625 2 6.2 1025.78 -7.8 69.55 0 0 276.204
7.64583 2 6.6 1025.54 -7.8 69.7 0 0 281.148
7.66667 2 6.65 1025.31 -8.05 69.9 0 0 278.177
7.6875 2 6.7 1025.08 -8.3 70.1 0 0 275.207
7.70833 2 6.65 1024.97 -8.4 70.2 0 0 276.836
7.72917 2 6.6 1024.86 -8.5 70.3 0 0 278.465
7.75 2 6.75 1024.64 -8.15 70.45 0 0.00125 279.617
7.77083 2 6.9 1024.42 -7.8 70.6 0 0.0025 280.77
7.79167 2 7.5 1024.29 -7.2 73.1889 0 0.477666 281.805
7.8125 2 8.1 1024.16 -6.6 75.7778 0 0.952833 282.839
7.83333 2 8.15 1024.1 -6.25 75.7223 0 3.26433 280.027
7.85417 2 8.2 1024.05 -5.9 75.6667 0 5.57583 277.215
7.875 2 7.55 1024.01 -6.05 75.6667 0 10.6518 272.234
7.89583 2 6.9 1023.96 -6.2 75.6667 0 15.7277 267.253
7.91667 2 6.95 1023.89 -6 72.8334 0 14.354 276.068
7.9375 2 7 1023.81 -5.8 70 0 12.9802 284.882
7.95833 2 6.85 1023.68 -5.25 69.3 0 10.5378 288.49
7.97917 2 6.7 1023.56 -4.7 68.6 0 8.0955 292.097
8 2 6.5 1023.41 -4.3 68.45 0 5.75816 290.159
8.02083 2 6.3 1023.25 -3.9 68.3 0 3.42083 288.221
8.04167 2 6.25 1023.08 -3.75 81.15 1.40603e-006 1.7325 287.81
8.0625 2 6.2 1022.91 -3.6 94 2.81206e-006 0.0441667 287.4
8.08333 2 6.15 1022.78 -3.75 94.5 2.82701e-006 0.0220833 289.336
8.10417 2 6.1 1022.66 -3.9 95 2.84197e-006 0 291.273
8.125 2 5.85 1022.58 -3.5 95 2.84197e-006 0 290.302
8.14583 2 5.6 1022.51 -3.1 95 2.84197e-006 0 289.331
8.16667 2 5.3 1022.5 -2.65 94.5 2.82701e-006 0 286.432
8.1875 2 5 1022.49 -2.2 94 2.81206e-006 0 283.532
8.20833 2 4.75 1022.4 -2.2 93 2.78214e-006 0 283.294
8.22917 2 4.5 1022.3 -2.2 92 2.75222e-006 0 283.056
8.25 2 4.6 1022.11 -2.1 88.5 2.64752e-006 0 283.114
8.27083 2 4.7 1021.93 -2 85 2.54281e-006 0 283.172
8.29167 2 4.95 1021.88 -2.05 84.5 2.52785e-006 0 282.13
8.3125 2 5.2 1021.82 -2.1 84 2.5129e-006 0 281.087
8.33333 2 5.3 1021.8 -2.2 87 2.60264e-006 0 284.672
8.35417 2 5.4 1021.79 -2.3 90 2.69239e-006 0 288.258
8.375 2 5.45 1021.74 -2.2 92 2.75222e-006 0 293.28
8.39583 2 5.5 1021.69 -2.1 94 2.81206e-006 0 298.302
8.41667 2 5.4 1021.59 -1.95 94.5 2.82701e-006 0 298.018
8.4375 2 5.3 1021.49 -1.8 95 2.84197e-006 0 297.735
8.45833 2 5.1 1021.24 -1.8 95.5 2.85693e-006 0 299.362
8.47917 2 4.9 1020.99 -1.8 96 2.87189e-006 0 300.988
8.5 2 4.55 1020.77 -1.8 96 2.87189e-006 0 301.167
8.52083 2 4.2 1020.54 -1.8 96 2.87189e-006 0 301.345
8.54167 2 3.95 1020.39 -2.25 96 2.87189e-006 0 299.6
8.5625 2 3.7 1020.24 -2.7 96 2.87189e-006 0 297.855
8.58333 2 3.7 1020.04 -3.1 95.5 2.85693e-006 0 296.101
8.60417 2 3.7 1019.83 -3.5 95 2.84197e-006 0 294.347
8.625 2 4 1019.76 -3.8 94.5 2.82701e-006 0 292.729
8.64583 2 4.3 1019.69 -4.1 94 2.81206e-006 0 291.112
8.66667 2 4.75 1019.65 -4.55 92.5 2.76718e-006 0 288.318
8.6875 2 5.2 1019.6 -5 91 2.72231e-006 0 285.525
8.70833 2 4.75 1019.46 -5.5 87 2.60264e-006 0 282.476
8.72917 2 4.3 1019.33 -6 83 2.48298e-006 0 279.427
8.75 2 4.2 1019.09 -6.35 78 1.24149e-006 0 273.219
8.77083 2 4.1 1018.86 -6.7 73 0 0 267.012
8.79167 2 4.5 1018.67 -7.15 72.5 0 0.421333 245.453
8.8125 2 4.9 1018.49 -7.6 72 0 0.842667 223.894
8.83333 2 4.7 1018.34 -8.4 76.5 1.21157e-006 3.34075 201.375
8.85417 2 4.5 1018.19 -9.2 81 2.42315e-006 5.83883 178.857
8.875 2 4.95 1017.95 -9.15 80.5 1.21157e-006 9.46741 176.629
8.89583 2 5.4 1017.7 -9.1 80 0 13.096 174.401
8.91667 2 5.75 1017.43 -9.25 80.5 1.21157e-006 15.8729 175.702
8.9375 2 6.1 1017.17 -9.4 81 2.42315e-006 18.6497 177.004
8.95833 2 6.45 1016.83 -9.45 83 2.48298e-006 18.3224 184.45
8.97917 2 6.8 1016.5 -9.5 85 2.54281e-006 17.9952 191.896
9 2 7.25 1016.15 -9.45 85.5 2.55777e-006 12.6538 207.84
9.02083 2 7.7 1015.79 -9.4 86 2.57273e-006 7.31234 223.784
9.04167 2 7.85 1015.44 -9.4 86.5 2.58768e-006 3.72909 236.242
9.0625 2 8 1015.1 -9.4 87 2.60264e-006 0.145833 248.7
9.08333 2 8.1 1014.88 -9.35 87 2.60264e-006 0.0729165 252.072
9.10417 2 8.2 1014.65 -9.3 87 2.60264e-006 0 255.443
9.125 2 8.1 1014.56 -9.25 87 2.60264e-006 0 258.93
9.14583 2 8 1014.47 -9.2 87 2.60264e-006 0 262.417
9.16667 2 7.95 1014.23 -9.25 88 2.63256e-006 0 263.18
9.1875 2 7.9 1014 -9.3 89 2.66248e-006 0 263.942
9.20833 2 7.8 1013.8 -9.15 90 2.69239e-006 0 263.157
9.22917 2 7.7 1013.59 -9 91 2.72231e-006 0 262.372
9.25 2 7.45 1013.43 -8.8 92 2.75222e-006 0 266.213
9.27083 2 7.2 1013.27 -8.6 93 2.78214e-006 0 270.054
9.29167 2 7.35 1013.15 -8.35 93 2.78214e-006 0 270.951
9.3125 2 7.5 1013.02 -8.1 93 2.78214e-006 0 271.848
9.33333 2 7.65 1012.83 -7.95 93 2.78214e-006 0 272.69
9.35417 2 7.8 1012.63 -7.8 93 2.78214e-006 0 273.531
9.375 2 8 1012.58 -7.55 93.5 2.7971e-006 0 275.512
9.39583 2 8.2 1012.52 -7.3 94 2.81206e-006 0 277.493
9.41667 2 8.35 1012.4 -7.05 95 2.84197e-006 0 279.122
9.4375 2 8.5 1012.27 -6.8 96 2.87189e-006 0 280.752
9.45833 2 8.55 1012.13 -6.5 96 2.87189e-006 0 282.123
9.47917 2 8.6 1011.98 -6.2 96 2.87189e-006 0 283.494
9.5 2 8.7 1011.84 -5.9 96 2.87189e-006 0 284.877
9.52083 2 8.8 1011.71 -5.6 96 2.87189e-006 0 286.26
9.54167 2 8.7 1011.55 -5.3 96 2.87189e-006 0 288.007
9.5625 2 8.6 1011.39 -5 96 2.87189e-006 0 289.754
9.58333 2 8.3 1011.3 -4.7 96 2.87189e-006 0 290.88
9.60417 2 8 1011.21 -4.4 96 2.87189e-006 0 292.007
9.625 2 7.75 1011.18 -4.2 96 2.87189e-006 0 292.032
9.64583 2 7.5 1011.15 -4 96 2.87189e-006 0 292.057
9.66667 2 7.4 1011.13 -3.9 96 2.87189e-006 0 293.041
9.6875 2 7.3 1011.1 -3.8 96 2.87189e-006 0 294.025
9.70833 2 7.1 1011.16 -3.65 96.5 2.88685e-006 0 294.88
9.72917 2 6.9 1011.22 -3.5 97 2.90181e-006 0 295.734
9.75 2 6.4 1011.34 -3.35 96.5 2.88685e-006 0 294.308
9.77083 2 5.9 1011.47 -3.2 96 2.87189e-006 0 292.882
9.79167 2 5.8 1011.53 -3.25 95 2.84197e-006 0.375333 289.199
9.8125 2 5.7 1011.58 -3.3 94 2.81206e-006 0.750667 285.517
9.83333 2 6.6 1011.84 -3.75 90 2.69239e-006 2.72942 279.352
9.85417 2 7.5 1012.09 -4.2 86 2.57273e-006 4.70817 273.188
9.875 2 7.05 1012.33 -4.35 85.5 2.55777e-006 6.82575 275.678
9.89583 2 6.6 1012.57 -4.5 85 2.54281e-006 8.94333 278.168
9.91667 2 6.3 1012.71 -4.65 85.5 2.55777e-006 8.51608 280.547
9.9375 2 6 1012.84 -4.8 86 2.57273e-006 8.08883 282.927
9.95833 2 5.75 1013.02 -4.9 86.5 2.58768e-006 6.31158 283.492
9.97917 2 5.5 1013.19 -5 87 2.60264e-006 4.53433 284.057
10 2 5.3 1013.27 -4.95 86 2.57273e-006 3.11675 283.509
10.0208 2 5.1 1013.35 -4.9 85 2.54281e-006 1.69917 282.961
10.0417 2 5.2 1013.52 -5.1 85.5 2.55777e-006 0.871752 281.857
10.0625 2 5.3 1013.68 -5.3 86 2.57273e-006 0.0443333 280.752
10.0833 2 4.65 1013.91 -5.7 88 2.63256e-006 0.0221667 279.783
10.1042 2 4 1014.14 -6.1 90 2.69239e-006 0 278.813
10.125 2 3.8 1014.34 -6.2 90 2.69239e-006 0 278.74
10.1458 2 3.6 1014.55 -6.3 90 2.69239e-006 0 278.666
10.1667 2 4.1 1014.78 -6.6 90 2.69239e-006 0 277.323
10.1875 2 4.6 1015.01 -6.9 90 2.69239e-006 0 275.979
10.2083 2 4.7 1015.21 -7.2 89 2.66247e-006 0 274.413
10.2292 2 4.8 1015.41 -7.5 88 2.63256e-006 0 272.847
10.25 2 4.55 1015.59 -7.8 88 2.63256e-006 0 270.441
10.2708 2 4.3 1015.77 -8.1 88 2.63256e-006 0 268.036
10.2917 2 4.55 1016.03 -8.5 87 2.60264e-006 0 260.01
10.3125 2 4.8 1016.28 -8.9 86 2.57273e-006 0 251.983
10.3333 2 4.5 1016.59 -9 85 2.54281e-006 0 254.336
10.3542 2 4.2 1016.91 -9.1 84 2.5129e-006 0 256.689
10.375 2 4.15 1017.15 -9 82.5 2.46802e-006 0 259.581
10.3958 2 4.1 1017.38 -8.9 81 2.42315e-006 0 262.472
10.4167 2 4.45 1017.53 -8.75 81 2.42315e-006 0 263.924
10.4375 2 4.8 1017.68 -8.6 81 2.42315e-006 0 265.376
10.4583 2 4.7 1017.89 -8.65 81.5 2.43811e-006 0 265.417
10.4792 2 4.6 1018.1 -8.7 82 2.45307e-006 0 265.458
10.5 2 4.9 1018.3 -8.85 83.5 2.49794e-006 0 265.119
10.5208 2 5.2 1018.51 -9 85 2.54281e-006 0 264.78
10.5417 2 4.95 1018.72 -9.2 85 2.54281e-006 0 263.989
10.5625 2 4.7 1018.93 -9.4 85 2.54281e-006 0 263.198
10.5833 2 4.6 1019.17 -9.6 85.5 2.55777e-006 0 262.72
10.6042 2 4.5 1019.41 -9.8 86 2.57273e-006 0 262.242
10.625 2 4.8 1019.64 -9.95 86 2.57273e-006 0 261.465
10.6458 2 5.1 1019.87 -10.1 86 2.57273e-006 0 260.687
10.6667 2 4.9 1020.09 -9.95 86.5 2.58768e-006 0 261.437
10.6875 2 4.7 1020.32 -9.8 87 2.60264e-006 0 262.186
10.7083 2 4.65 1020.48 -9.75 87 2.60264e-006 0 262.03
10.7292 2 4.6 1020.64 -9.7 87 2.60264e-006 0 261.874
10.75 2 4.5 1020.92 -9.85 86 2.57273e-006 0 261.178
10.7708 2 4.4 1021.19 -10 85 2.54281e-006 0 260.482
10.7917 2 3.55 1021.38 -10.45 85.5 2.55777e-006 0.347917 244.4
10.8125 2 2.7 1021.57 -10.9 86 2.57273e-006 0.695833 228.317
10.8333 2 2.6 1021.8 -10.5 87.5 2.6176e-006 2.89392 242.224
10.8542 2 2.5 1022.02 -10.1 89 2.66248e-006 5.092 256.131
10.875 2 3.05 1022.17 -9.55 89.5 2.67743e-006 6.79433 260.366
10.8958 2 3.6 1022.31 -9 90 2.69239e-006 8.49667 264.601
10.9167 2 3.65 1022.4 -8.85 90 2.69239e-006 8.59317 265.098
10.9375 2 3.7 1022.48 -8.7 90 2.69239e-006 8.68967 265.594
10.9583 2 3.45 1022.48 -8.7 90 2.69239e-006 7.23733 264.491
10.9792 2 3.2 1022.49 -8.7 90 2.69239e-006 5.785 263.388
11 2 3.2 1022.58 -8.8 90.5 2.70735e-006 3.68191 263.394
11.0208 2 3.2 1022.68 -8.9 91 2.72231e-006 1.57883 263.4
11.0417 2 3 1022.7 -8.9 91.5 2.73726e-006 0.802165 262.501
11.0625 2 2.8 1022.71 -8.9 92 2.75222e-006 0.0255 261.602
11.0833 2 2.4 1022.71 -8.9 92 2.75222e-006 0.01275 261.815
11.1042 2 2 1022.7 -8.9 92 2.75222e-006 0 262.028
11.125 2 2.05 1022.71 -9.35 92.5 2.76718e-006 0 257.598
11.1458 2 2.1 1022.71 -9.8 93 2.78214e-006 0 253.168
11.1667 2 2.35 1022.67 -10.45 94 2.81206e-006 0 232.979
11.1875 2 2.6 1022.63 -11.1 95 2.84197e-006 0 212.789
11.2083 2 2.9 1022.58 -11.9 95 2.84197e-006 0 210.391
11.2292 2 3.2 1022.52 -12.7 95 2.84197e-006 0 207.993
11.25 2 3.1 1022.48 -12.6 95 2.84197e-006 0 223.142
11.2708 2 3 1022.45 -12.5 95 2.84197e-006 0 238.291
11.2917 2 3 1022.33 -12.5 95 2.84197e-006 0 239.296
11.3125 2 3 1022.21 -12.5 95 2.84197e-006 0 240.3
11.3333 2 3.1 1022.17 -12.85 95 2.84197e-006 0 228.258
11.3542 2 3.2 1022.12 -13.2 95 2.84197e-006 0 216.216
11.375 2 3 1021.9 -13.4 95 2.84197e-006 0 222.169
11.3958 2 2.8 1021.68 -13.6 95 2.84197e-006 0 228.123
11.4167 2 2.55 1021.52 -12.2 95 2.84197e-006 0 244.497
11.4375 2 2.3 1021.36 -10.8 95 2.84197e-006 0 260.871
11.4583 2 2.85 1021.16 -10.85 95 2.84197e-006 0 256.185
11.4792 2 3.4 1020.97 -10.9 95 2.84197e-006 0 251.5
11.5 2 3.95 1020.64 -11.05 95.5 2.85693e-006 0 252.087
11.5208 2 4.5 1020.3 -11.2 96 2.87189e-006 0 252.675
11.5417 2 4.3 1019.99 -12.55 95.5 2.85693e-006 0 232.42
11.5625 2 4.1 1019.69 -13.9 95 2.84197e-006 0 212.165
11.5833 2 4.35 1019.33 -12.5 95 2.84197e-006 0 225.875
11.6042 2 4.6 1018.97 -11.1 95 2.84197e-006 0 239.586
11.625 2 4.8 1018.69 -10.2 95 2.84197e-006 0 253.514
11.6458 2 5 1018.41 -9.3 95 2.84197e-006 0 267.443
11.6667 2 5.6 1018.1 -9.45 94.5 2.82701e-006 0 266.253
11.6875 2 6.2 1017.8 -9.6 94 2.81206e-006 0 265.062
11.7083 2 6.65 1017.47 -9.45 91 2.72231e-006 0 264.691
11.7292 2 7.1 1017.15 -9.3 88 2.63256e-006 0 264.32
11.75 2 7.5 1016.91 -9.55 88 2.63256e-006 0 263.205
11.7708 2 7.9 1016.66 -9.8 88 2.63256e-006 0 262.09
11.7917 2 8.15 1016.41 -9.85 89 2.66247e-006 -0.43725 262.711
11.8125 2 8.4 1016.17 -9.9 90 2.69239e-006 -0.8745 263.331
11.8333 2 8.75 1015.93 -9.4 91 2.7223e-006 0.71025 265.871
11.8542 2 9.1 1015.69 -8.9 92 2.75222e-006 2.295 268.411
11.875 2 9.2 1015.31 -8.55 91.5 2.73726e-006 5.09609 269.69
11.8958 2 9.3 1014.93 -8.2 91 2.72231e-006 7.89717 270.969
11.9167 2 9.65 1014.64 -7.85 92 2.75222e-006 5.86967 272.276
11.9375 2 10 1014.35 -7.5 93 2.78214e-006 3.84217 273.582
11.9583 2 10.55 1014.17 -7.7 92.5 2.76718e-006 2.45342 266.424
11.9792 2 11.1 1013.99 -7.9 92 2.75222e-006 1.06467 259.265
12 2 10.7 1014.08 -8.55 91.5 2.73726e-006 -0.39809 259.009
12.0208 2 10.3 1014.18 -9.2 91 2.72231e-006 -1.86085 258.753
12.0417 2 10.1 1014.48 -9.45 91 2.72231e-006 -0.969258 254.845
12.0625 2 9.9 1014.79 -9.7 91 2.72231e-006 -0.0776667 250.938
12.0833 2 10.2 1015.23 -9.6 91 2.72231e-006 -0.0388333 245.018
12.1042 2 10.5 1015.67 -9.5 91 2.72231e-006 0 239.099
12.125 2 11.05 1016.37 -9.85 90 2.69239e-006 0 220.213
12.1458 2 11.6 1017.07 -10.2 89 2.66248e-006 0 201.327
12.1667 2 11.65 1017.96 -10.65 90 2.69239e-006 0 197.548
12.1875 2 11.7 1018.84 -11.1 91 2.72231e-006 0 193.768
12.2083 2 11.4 1019.57 -11.15 91 2.72231e-006 0 192.789
12.2292 2 11.1 1020.29 -11.2 91 2.72231e-006 0 191.809
12.25 2 10.35 1021.06 -11.25 90.5 2.70735e-006 0 182.395
12.2708 2 9.6 1021.83 -11.3 90 2.69239e-006 0 172.98
12.2917 2 8.55 1022.33 -11.4 89.5 2.67743e-006 0 171.701
12.3125 2 7.5 1022.83 -11.5 89 2.66248e-006 0 170.421
12.3333 2 7.6 1023.2 -11.55 88.5 2.64752e-006 0 171.943
12.3542 2 7.7 1023.57 -11.6 88 2.63256e-006 0 173.465
12.375 2 8.25 1023.82 -11.25 86.5 2.58768e-006 0 175.094
12.3958 2 8.8 1024.08 -10.9 85 2.54281e-006 0 176.722
12.4167 2 8.95 1024.16 -10.8 84 2.5129e-006 0 182.734
12.4375 2 9.1 1024.24 -10.7 83 2.48298e-006 0 188.747
12.4583 2 9.6 1024.29 -10.4 82 2.45307e-006 0 194.167
12.4792 2 10.1 1024.34 -10.1 81 2.42315e-006 0 199.588
12.5 2 9.65 1024.23 -10.45 83.5 2.49794e-006 0 186.488
12.5208 2 9.2 1024.12 -10.8 86 2.57273e-006 0 173.389
12.5417 2 9.35 1023.88 -10.9 86 2.57273e-006 0 172.346
12.5625 2 9.5 1023.63 -11 86 2.57273e-006 0 171.302
12.5833 2 9.15 1023.24 -11 86 2.57273e-006 0 170.598
12.6042 2 8.8 1022.85 -11 86 2.57273e-006 0 169.894
12.625 2 8.55 1022.53 -11.05 85.5 2.55777e-006 0 169.93
12.6458 2 8.3 1022.21 -11.1 85 2.54281e-006 0 169.967
12.6667 2 8.9 1021.74 -11.1 84.5 2.52785e-006 0 170.896
12.6875 2 9.5 1021.27 -11.1 84 2.5129e-006 0 171.824
12.7083 2 9.9 1020.96 -11.15 84 2.5129e-006 0 174.396
12.7292 2 10.3 1020.64 -11.2 84 2.5129e-006 0 176.969
12.75 2 10.45 1020.16 -11.15 84.5 2.52785e-006 0 182.855
12.7708 2 10.6 1019.68 -11.1 85 2.54281e-006 0 188.742
12.7917 2 10.75 1019.26 -10.95 85.5 2.55777e-006 -0.388 203.446
12.8125 2 10.9 1018.83 -10.8 86 2.57273e-006 -0.776 218.15
12.8333 2 11.5 1018.46 -10.55 88 2.63256e-006 0.229915 234.779
12.8542 2 12.1 1018.1 -10.3 90 2.69239e-006 1.23583 251.408
12.875 2 12.15 1017.85 -10.6 92.5 2.76718e-006 2.54725 242.512
12.8958 2 12.2 1017.61 -10.9 95 2.84197e-006 3.85867 233.615
12.9167 2 11.3 1017.63 -11.05 93.5 2.7971e-006 4.91433 231.379
12.9375 2 10.4 1017.64 -11.2 92 2.75222e-006 5.97 229.143
12.9583 2 10.4 1017.59 -11.35 92 2.75222e-006 4.23391 226.758
12.9792 2 10.4 1017.53 -11.5 92 2.75222e-006 2.49783 224.374
13 2 9.9 1017.49 -11.55 92 2.75222e-006 0.59453 220.871
13.0208 2 9.4 1017.45 -11.6 92 2.75222e-006 -1.30877 217.368
13.0417 2 9.5 1017.46 -11.6 91 2.7223e-006 -0.654385 218.947
13.0625 2 9.6 1017.47 -11.6 90 2.69239e-006 0 220.525
13.0833 2 9.1 1017.56 -11.7 90.5 2.70735e-006 0 226.257
13.1042 2 8.6 1017.66 -11.8 91 2.72231e-006 0 231.989
13.125 2 8.45 1017.93 -12.2 89 2.66247e-006 0 238.405
13.1458 2 8.3 1018.2 -12.6 87 2.60264e-006 0 244.821
13.1667 2 8.25 1018.38 -12.7 87 2.60264e-006 0 246.251
13.1875 2 8.2 1018.55 -12.8 87 2.60264e-006 0 247.681
13.2083 2 8.8 1018.99 -14.15 88 2.63256e-006 0 221.372
13.2292 2 9.4 1019.44 -15.5 89 2.66248e-006 0 195.063
13.25 2 8.4 1019.78 -15.85 89 2.66248e-006 0 202.824
13.2708 2 7.4 1020.12 -16.2 89 2.66248e-006 0 210.585
13.2917 2 7.5 1020.29 -16.2 89.5 2.67743e-006 0 222.225
13.3125 2 7.6 1020.46 -16.2 90 2.69239e-006 0 233.864
13.3333 2 7.4 1020.81 -16.3 89.5 2.67743e-006 0 233.817
13.3542 2 7.2 1021.15 -16.4 89 2.66248e-006 0 233.77
13.375 2 7.2 1021.52 -16.75 88.5 2.64752e-006 0 228.557
13.3958 2 7.2 1021.89 -17.1 88 2.63256e-006 0 223.343
13.4167 2 6.9 1022.05 -17.1 88.5 2.64752e-006 0 227.495
13.4375 2 6.6 1022.2 -17.1 89 2.66248e-006 0 231.647
13.4583 2 6.75 1022.28 -17.05 89.5 2.67743e-006 0 230.52
13.4792 2 6.9 1022.36 -17 90 2.69239e-006 0 229.392
13.5 2 6.55 1022.49 -16.95 89 2.66247e-006 0 224.028
13.5208 2 6.2 1022.63 -16.9 88 2.63256e-006 0 218.664
13.5417 2 6.25 1022.69 -16.8 88.5 2.64752e-006 0 214.224
13.5625 2 6.3 1022.75 -16.7 89 2.66248e-006 0 209.783
13.5833 2 6.05 1022.8 -16.65 90 2.69239e-006 0 201.997
13.6042 2 5.8 1022.86 -16.6 91 2.72231e-006 0 194.212
13.625 2 5.9 1022.97 -16.45 91 2.72231e-006 0 201.979
13.6458 2 6 1023.09 -16.3 91 2.72231e-006 0 209.746
13.6667 2 6.05 1023.26 -16 92 2.75222e-006 0 223.884
13.6875 2 6.1 1023.42 -15.7 93 2.78214e-006 0 238.023
13.7083 2 5.85 1023.54 -15.55 93 2.78214e-006 0 238.615
13.7292 2 5.6 1023.65 -15.4 93 2.78214e-006 0 239.207
13.75 2 5.3 1023.94 -15.55 93 2.78214e-006 0 237.926
13.7708 2 5 1024.23 -15.7 93 2.78214e-006 0 236.644
13.7917 2 4.3 1024.4 -15.65 93 2.78214e-006 -0.27275 235.934
13.8125 2 3.6 1024.57 -15.6 93 2.78214e-006 -0.5455 235.224
13.8333 2 3.35 1024.66 -15.55 93 2.78214e-006 0.511585 234.892
13.8542 2 3.1 1024.74 -15.5 93 2.78214e-006 1.56867 234.559
13.875 2 3.05 1024.86 -15.6 93.5 2.7971e-006 3.33425 233.656
13.8958 2 3 1024.99 -15.7 94 2.81206e-006 5.09983 232.754
13.9167 2 3.1 1024.99 -15.8 94.5 2.82701e-006 5.45608 224.236
13.9375 2 3.2 1025 -15.9 95 2.84197e-006 5.81233 215.718
13.9583 2 3.95 1024.85 -15.7 95 2.84197e-006 4.46566 219.477
13.9792 2 4.7 1024.71 -15.5 95 2.84197e-006 3.119 223.236
14 2 4.95 1024.56 -15.35 95.5 2.85693e-006 1.36717 224.236
14.0208 2 5.2 1024.41 -15.2 96 2.87189e-006 -0.384667 225.237
14.0417 2 5.2 1024.34 -15.2 96 2.87189e-006 -0.192334 226.627
14.0625 2 5.2 1024.27 -15.2 96 2.87189e-006 0 228.017
14.0833 2 5.5 1024.15 -15.05 96 2.87189e-006 0 223.636
14.1042 2 5.8 1024.03 -14.9 96 2.87189e-006 0 219.255
14.125 2 5.85 1023.9 -14.95 96 2.87189e-006 0 203.158
14.1458 2 5.9 1023.76 -15 96 2.87189e-006 0 187.06
14.1667 2 5.75 1023.6 -15.05 96 2.87189e-006 0 182.467
14.1875 2 5.6 1023.45 -15.1 96 2.87189e-006 0 177.874
14.2083 2 5.8 1023.33 -15 96 2.87189e-006 0 184.451
14.2292 2 6 1023.22 -14.9 96 2.87189e-006 0 191.027
14.25 2 6.35 1023.05 -14.65 95.5 2.85693e-006 0 194.043
14.2708 2 6.7 1022.89 -14.4 95 2.84197e-006 0 197.059
14.2917 2 6.85 1022.78 -14.1 95 2.84197e-006 0 204.678
14.3125 2 7 1022.67 -13.8 95 2.84197e-006 0 212.298
14.3333 2 6.4 1022.76 -13.3 95 2.84197e-006 0 230.001
14.3542 2 5.8 1022.84 -12.8 95 2.84197e-006 0 247.703
14.375 2 6.05 1022.83 -12.15 94.5 2.82701e-006 0 248.575
14.3958 2 6.3 1022.81 -11.5 94 2.81206e-006 0 249.447
14.4167 2 6.15 1022.76 -11.35 93.5 2.7971e-006 0 249.131
14.4375 2 6 1022.7 -11.2 93 2.78214e-006 0 248.815
14.4583 2 6.2 1022.59 -11.25 93 2.78214e-006 0 250.211
14.4792 2 6.4 1022.49 -11.3 93 2.78214e-006 0 251.606
14.5 2 6.6 1022.46 -11.65 93 2.78214e-006 0 238.952
14.5208 2 6.8 1022.43 -12 93 2.78214e-006 0 226.298
14.5417 2 6.9 1022.45 -12.75 93.5 2.7971e-006 0 218.509
14.5625 2 7 1022.46 -13.5 94 2.81206e-006 0 210.721
14.5833 2 7.35 1022.29 -13.35 94.5 2.82701e-006 0 232.231
14.6042 2 7.7 1022.11 -13.2 95 2.84197e-006 0 253.741
14.625 2 7.9 1022.08 -13.1 94 2.81206e-006 0 246.268
14.6458 2 8.1 1022.06 -13 93 2.78214e-006 0 238.796
14.6667 2 8.1 1021.99 -13.15 93 2.78214e-006 0 235.677
14.6875 2 8.1 1021.92 -13.3 93 2.78214e-006 0 232.558
14.7083 2 8.2 1021.84 -13.15 93.5 2.7971e-006 0 235.31
14.7292 2 8.3 1021.76 -13 94 2.81206e-006 0 238.062
14.75 2 8.3 1021.8 -13.1 94 2.81206e-006 0 231.862
14.7708 2 8.3 1021.84 -13.2 94 2.81206e-006 0 225.662
14.7917 2 7.95 1021.86 -13.5 94 2.81206e-006 -0.245196 218.484
14.8125 2 7.6 1021.88 -13.8 94 2.81206e-006 -0.490392 211.307
14.8333 2 7.4 1022.08 -13.75 93 2.78214e-006 0.16997 225.021
14.8542 2 7.2 1022.27 -13.7 92 2.75222e-006 0.830333 238.734
14.875 2 7.2 1022.46 -13.7 90.5 2.70735e-006 3.01875 235.995
14.8958 2 7.2 1022.65 -13.7 89 2.66248e-006 5.20717 233.256
14.9167 2 7.2 1022.83 -13.85 89.5 2.67743e-006 5.64475 237.329
14.9375 2 7.2 1023 -14 90 2.69239e-006 6.08233 241.402
14.9583 2 7.2 1023.29 -14.15 90.5 2.70735e-006 4.12925 242.182
14.9792 2 7.2 1023.58 -14.3 91 2.72231e-006 2.17617 242.963
15 2 7 1023.83 -14.45 91.5 2.73726e-006 0.649356 242.037
15.0208 2 6.8 1024.09 -14.6 92 2.75222e-006 -0.877458 241.111
15.0417 2 6.7 1024.31 -14.65 92 2.75222e-006 -0.438729 239.591
15.0625 2 6.6 1024.54 -14.7 92 2.75222e-006 0 238.072
15.0833 2 6.55 1024.84 -14.7 92 2.75222e-006 0 236.667
15.1042 2 6.5 1025.15 -14.7 92 2.75222e-006 0 235.261
15.125 2 6.35 1025.53 -14.75 93 2.78214e-006 0 234.543
15.1458 2 6.2 1025.9 -14.8 94 2.81206e-006 0 233.825
15.1667 2 6.1 1026.27 -14.8 94 2.81206e-006 0 235.465
15.1875 2 6 1026.63 -14.8 94 2.81206e-006 0 237.106
15.2083 2 5.8 1026.92 -14.75 94 2.81206e-006 0 238.07
15.2292 2 5.6 1027.2 -14.7 94 2.81206e-006 0 239.034
15.25 2 5.3 1027.44 -14.65 94 2.81206e-006 0 240.594
15.2708 2 5 1027.67 -14.6 94 2.81206e-006 0 242.153
15.2917 2 4.7 1020.36 -14.65 94 2.81206e-006 0 242.376
15.3125 2 4.4 1013.06 -14.7 94 2.81206e-006 0 242.599
15.3333 2 4.35 1013.17 -14.85 94 2.81206e-006 0 242.033
15.3542 2 4.3 1013.29 -15 94 2.81206e-006 0 241.466
15.375 2 3.95 1013.29 -14.95 94 2.81206e-006 0 242.064
15.3958 2 3.6 1013.3 -14.9 94 2.81206e-006 0 242.661
15.4167 2 3.35 1013.39 -14.7 93 2.78214e-006 0 243.569
15.4375 2 3.1 1013.48 -14.5 92 2.75222e-006 0 244.477
15.4583 2 3.15 1013.49 -14.45 92 2.75222e-006 0 244.368
15.4792 2 3.2 1013.51 -14.4 92 2.75222e-006 0 244.26
15.5 2 3 1013.52 -14.3 91.5 2.73726e-006 0 244.253
15.5208 2 2.8 1013.52 -14.2 91 2.72231e-006 0 244.247
15.5417 2 2.35 1013.46 -14.15 90.5 2.70735e-006 0 244.469
15.5625 2 1.9 1013.41 -14.1 90 2.69239e-006 0 244.69
15.5833 2 1.9 1013.49 -14.15 90 2.69239e-006 0 244.165
15.6042 2 1.9 1013.57 -14.2 90 2.69239e-006 0 243.641
15.625 2 1.3 1013.6 -14.15 90 2.69239e-006 0 243.175
15.6458 2 0.7 1013.64 -14.1 90 2.69239e-006 0 242.709
15.6667 2 0.5 1013.7 -14.05 90 2.69239e-006 0 242.831
15.6875 2 0.3 1013.75 -14 90 2.69239e-006 0 242.953
15.7083 2 0.4 1013.78 -14 90.5 2.70735e-006 0 243.517
15.7292 2 0.5 1013.8 -14 91 2.72231e-006 0 244.081
15.75 2 1.35 1013.85 -14.1 92 2.75222e-006 0 244.583
15.7708 2 2.2 1013.9 -14.2 93 2.78214e-006 0 245.085
15.7917 2 2.45 1014.02 -14.25 93 2.78214e-006 -0.22475 244.408
15.8125 2 2.7 1014.14 -14.3 93 2.78214e-006 -0.4495 243.731
15.8333 2 2.6 1014.18 -14.4 93.5 2.7971e-006 0.135167 242.876
15.8542 2 2.5 1014.23 -14.5 94 2.81206e-006 0.719833 242.021
15.875 2 1.7 1014.31 -14.55 94 2.81206e-006 2.50233 243.468
15.8958 2 0.9 1014.39 -14.6 94 2.81206e-006 4.28483 244.915
15.9167 2 1.4 1014.46 -14.55 94.5 2.82701e-006 4.31625 244.764
15.9375 2 1.9 1014.52 -14.5 95 2.84197e-006 4.34767 244.613
15.9583 2 2.15 1014.55 -14.55 95 2.84197e-006 3.02309 244.114
15.9792 2 2.4 1014.57 -14.6 95 2.84197e-006 1.6985 243.615
16 2 2.45 1014.47 -14.75 95.5 2.85693e-006 0.617 243.682
16.0208 2 2.5 1014.38 -14.9 96 2.87189e-006 -0.4645 243.748
16.0417 2 1.9 1014.42 -15 96 2.87189e-006 -0.23225 242.685
16.0625 2 1.3 1014.47 -15.1 96 2.87189e-006 0 241.622
16.0833 2 1.45 1014.5 -15.25 96 2.87189e-006 0 241.801
16.1042 2 1.6 1014.53 -15.4 96 2.87189e-006 0 241.98
16.125 2 1.6 1014.61 -15.55 96.5 2.88685e-006 0 241.126
16.1458 2 1.6 1014.7 -15.7 97 2.90181e-006 0 240.272
16.1667 2 1.65 1014.75 -16.05 97 2.90181e-006 0 224.906
16.1875 2 1.7 1014.8 -16.4 97 2.90181e-006 0 209.541
16.2083 2 1.65 1014.83 -16.4 97 2.90181e-006 0 224.952
16.2292 2 1.6 1014.87 -16.4 97 2.90181e-006 0 240.364
16.25 2 1.7 1014.93 -16.55 97 2.90181e-006 0 233.493
16.2708 2 1.8 1015 -16.7 97 2.90181e-006 0 226.623
16.2917 2 1.65 1015 -16.8 97.5 2.91676e-006 0 233.153
16.3125 2 1.5 1015 -16.9 98 2.93172e-006 0 239.683
16.3333 2 1.45 1014.99 -17.05 98 2.93172e-006 0 238.914
16.3542 2 1.4 1014.98 -17.2 98 2.93172e-006 0 238.146
16.375 2 1.15 1015.03 -17.25 98.5 2.94668e-006 0 237.897
16.3958 2 0.9 1015.08 -17.3 99 2.96164e-006 0 237.648
16.4167 2 0.65 1015.08 -17.3 99 2.96164e-006 0 237.287
16.4375 2 0.4 1015.07 -17.3 99 2.96164e-006 0 236.926
16.4583 2 0.4 1015.08 -17.3 98.5 2.94668e-006 0 235.294
16.4792 2 0.4 1015.1 -17.3 98 2.93172e-006 0 233.663
16.5 2 0.2 1015.16 -17.3 98 2.93172e-006 0 234.654
16.5208 2 0 1015.22 -17.3 98 2.93172e-006 0 235.645
16.5417 2 0.3 1015.19 -17.15 98 2.93172e-006 0 233.975
16.5625 2 0.6 1015.17 -17 98 2.93172e-006 0 232.305
16.5833 2 0.9 1015.14 -16.8 97.5 2.91676e-006 0 228.335
16.6042 2 1.2 1015.11 -16.6 97 2.90181e-006 0 224.366
16.625 2 1.3 1015.16 -16.5 97 2.90181e-006 0 225.811
16.6458 2 1.4 1015.2 -16.4 97 2.90181e-006 0 227.256
16.6667 2 1.6 1015.24 -16.15 96.5 2.88685e-006 0 229.125
16.6875 2 1.8 1015.28 -15.9 96 2.87189e-006 0 230.995
16.7083 2 1.4 1021.62 -15.9 96 2.87189e-006 0 234.864
16.7292 2 1 1027.96 -15.9 96 2.87189e-006 0 238.733
16.75 2 1.3 1027.84 -15.85 96 2.87189e-006 0 239.77
16.7708 2 1.6 1027.73 -15.8 96 2.87189e-006 0 240.807
16.7917 2 1.5 1027.63 -15.8 96 2.87189e-006 -0.124666 240.81
16.8125 2 1.4 1027.52 -15.8 96 2.87189e-006 -0.249333 240.813
16.8333 2 1.05 1027.39 -15.65 96 2.87189e-006 0.205 241.626
16.8542 2 0.7 1027.25 -15.5 96 2.87189e-006 0.659333 242.438
16.875 2 0.5 1027.05 -15.35 96 2.87189e-006 2.01008 242.923
16.8958 2 0.3 1026.85 -15.2 96 2.87189e-006 3.36083 243.408
16.9167 2 1.1 1026.8 -15.25 96 2.87189e-006 3.36808 243.031
16.9375 2 1.9 1026.75 -15.3 96 2.87189e-006 3.37533 242.655
16.9583 2 1.65 1026.68 -15.25 96 2.87189e-006 2.24625 242.807
16.9792 2 1.4 1026.6 -15.2 96 2.87189e-006 1.11717 242.96
17 2 1.65 1026.65 -15.4 95.5 2.85693e-006 0.184085 242.16
17.0208 2 1.9 1026.7 -15.6 95 2.84197e-006 -0.749 241.36
17.0417 2 1.3 1026.64 -15.45 95.5 2.85693e-006 -0.3745 242.286
17.0625 2 0.7 1026.57 -15.3 96 2.87189e-006 0 243.212
17.0833 2 1.35 1026.52 -15 95.5 2.85693e-006 0 244.034
17.1042 2 2 1026.47 -14.7 95 2.84197e-006 0 244.855
17.125 2 2.25 1026.33 -14.45 95 2.84197e-006 0 245.529
17.1458 2 2.5 1026.19 -14.2 95 2.84197e-006 0 246.202
17.1667 2 2.4 1026.21 -14.05 95 2.84197e-006 0 247.1
17.1875 2 2.3 1026.24 -13.9 95 2.84197e-006 0 247.999
17.2083 2 2.7 1026.27 -13.9 95 2.84197e-006 0 247.763
17.2292 2 3.1 1026.3 -13.9 95 2.84197e-006 0 247.528
17.25 2 2.85 1026.26 -14.2 94.5 2.82701e-006 0 246.144
17.2708 2 2.6 1026.22 -14.5 94 2.81206e-006 0 244.76
17.2917 2 2.6 1026.36 -14.8 94.5 2.82701e-006 0 243.845
17.3125 2 2.6 1026.5 -15.1 95 2.84197e-006 0 242.93
17.3333 2 2.7 1026.56 -15.15 95 2.84197e-006 0 242.9
17.3542 2 2.8 1026.62 -15.2 95 2.84197e-006 0 242.87
17.375 2 2.85 1026.57 -15.2 95 2.84197e-006 0 242.398
17.3958 2 2.9 1026.53 -15.2 95 2.84197e-006 0 241.926
17.4167 2 2.85 1026.5 -15.2 95 2.84197e-006 0 241.965
17.4375 2 2.8 1026.47 -15.2 95 2.84197e-006 0 242.004
17.4583 2 2.85 1026.65 -15.15 95 2.84197e-006 0 242.66
17.4792 2 2.9 1026.82 -15.1 95 2.84197e-006 0 243.315
17.5 2 2.85 1026.87 -15.15 95 2.84197e-006 0 243.275
17.5208 2 2.8 1026.92 -15.2 95 2.84197e-006 0 243.236
17.5417 2 2.85 1027 -15.25 95 2.84197e-006 0 242.897
17.5625 2 2.9 1027.08 -15.3 95 2.84197e-006 0 242.558
17.5833 2 2.8 1027.14 -15.3 95 2.84197e-006 0 242.265
17.6042 2 2.7 1027.19 -15.3 95 2.84197e-006 0 241.972
17.625 2 2.65 1027.48 -15.3 95 2.84197e-006 0 242.156
17.6458 2 2.6 1027.77 -15.3 95 2.84197e-006 0 242.34
17.6667 2 2.4 1027.77 -15.3 95 2.84197e-006 0 242.402
17.6875 2 2.2 1027.76 -15.3 95 2.84197e-006 0 242.465
17.7083 2 1.9 1022.84 -15.25 95 2.84197e-006 0 242.74
17.7292 2 1.6 1017.92 -15.2 95 2.84197e-006 0 243.015
17.75 2 1.55 1017.98 -15.2 95 2.84197e-006 0 242.815
17.7708 2 1.5 1018.04 -15.2 95 2.84197e-006 0 242.615
17.7917 2 1.55 1018.06 -15.3 95 2.84197e-006 -0.110334 242.361
17.8125 2 1.6 1018.08 -15.4 95 2.84197e-006 -0.220667 242.107
17.8333 2 1.5 1018.14 -15.45 95 2.84197e-006 -0.0555835 241.88
17.8542 2 1.4 1018.19 -15.5 95 2.84197e-006 0.1095 241.653
17.875 2 1.35 1018.25 -15.5 95 2.84197e-006 1.53216 241.673
17.8958 2 1.3 1018.31 -15.5 95 2.84197e-006 2.95483 241.693
17.9167 2 1.05 1018.31 -15.45 94.5 2.82701e-006 3.29908 241.937
17.9375 2 0.8 1018.31 -15.4 94 2.81206e-006 3.64333 242.181
17.9583 2 1 1018.23 -15.45 94 2.81206e-006 2.4955 241.98
17.9792 2 1.2 1018.15 -15.5 94 2.81206e-006 1.34767 241.779
18 2 1.4 1018.12 -15.6 94.5 2.82701e-006 0.450502 241.543
18.0208 2 1.6 1018.09 -15.7 95 2.84197e-006 -0.446667 241.306
18.0417 2 1.55 1018.04 -15.75 95 2.84197e-006 -0.223333 240.65
18.0625 2 1.5 1017.98 -15.8 95 2.84197e-006 0 239.993
18.0833 2 1.75 1017.95 -15.95 95 2.84197e-006 0 239.614
18.1042 2 2 1017.93 -16.1 95 2.84197e-006 0 239.235
18.125 2 2.1 1017.88 -16.25 95 2.84197e-006 0 238.591
18.1458 2 2.2 1017.83 -16.4 95 2.84197e-006 0 237.947
18.1667 2 1.35 1017.84 -16.45 95 2.84197e-006 0 238.01
18.1875 2 0.5 1017.85 -16.5 95 2.84197e-006 0 238.074
18.2083 2 0.55 1017.8 -16.45 95 2.84197e-006 0 236.603
18.2292 2 0.6 1017.76 -16.4 95 2.84197e-006 0 235.131
18.25 2 0.85 1017.73 -16.3 94.5 2.82701e-006 0 234.252
18.2708 2 1.1 1017.7 -16.2 94 2.81206e-006 0 233.373
18.2917 2 0.6 1017.63 -16.1 94 2.81206e-006 0 234.899
18.3125 2 0.1 1017.56 -16 94 2.81206e-006 0 236.425
18.3333 2 0.05 1017.53 -15.9 94 2.81206e-006 0 237.297
18.3542 2 0 1017.49 -15.8 94 2.81206e-006 0 238.169
18.375 2 0 1017.45 -15.75 93.5 2.7971e-006 0 234.158
18.3958 2 0 1017.4 -15.7 93 2.78214e-006 0 230.147
18.4167 2 0.15 1017.3 -15.7 92.5 2.76718e-006 0 228.292
18.4375 2 0.3 1017.19 -15.7 92 2.75222e-006 0 226.436
18.4583 2 0.6 1017.1 -15.45 90 2.69239e-006 0 229.652
18.4792 2 0.9 1017.01 -15.2 88 2.63256e-006 0 232.867
18.5 2 1 1016.88 -15.1 87 2.60264e-006 0 235.981
18.5208 2 1.1 1016.75 -15 86 2.57273e-006 0 239.095
18.5417 2 1.4 1016.63 -14.85 86 2.57273e-006 0 239.938
18.5625 2 1.7 1016.5 -14.7 86 2.57273e-006 0 240.781
18.5833 2 1.6 1016.48 -14.65 86 2.57273e-006 0 240.374
18.6042 2 1.5 1016.46 -14.6 86 2.57273e-006 0 239.966
18.625 2 1.7 1016.39 -14.5 85.5 2.55777e-006 0 239.613
18.6458 2 1.9 1016.32 -14.4 85 2.54281e-006 0 239.259
18.6667 2 1.7 1016.23 -14.3 84 2.5129e-006 0 237.111
18.6875 2 1.5 1016.15 -14.2 83 2.48298e-006 0 234.962
18.7083 2 1.8 1016.15 -14.35 82.5 2.46802e-006 0 226.488
18.7292 2 2.1 1016.15 -14.5 82 2.45307e-006 0 218.014
18.75 2 3.15 1016.14 -15.5 86.5 2.58769e-006 0 213.549
18.7708 2 4.2 1016.12 -16.5 91 2.72231e-006 0 209.084
18.7917 2 4.05 1016.2 -17.8 92 2.75222e-006 0 194.615
18.8125 2 3.9 1016.27 -19.1 93 2.78214e-006 0 180.146
18.8333 2 3.6 1016.31 -20.2 94.5 2.82701e-006 -0.613985 173.168
18.8542 2 3.3 1016.35 -21.3 96 2.87189e-006 -1.22797 166.191
18.875 2 3.25 1016.35 -21.35 96 2.87189e-006 0.607265 163.706
18.8958 2 3.2 1016.36 -21.4 96 2.87189e-006 2.4425 161.221
18.9167 2 2.85 1016.37 -21.55 96.5 2.88685e-006 2.6725 161.142
18.9375 2 2.5 1016.38 -21.7 97 2.90181e-006 2.9025 161.063
18.9583 2 2.35 1016.34 -21.4 97.5 2.91676e-006 1.55125 160.893
18.9792 2 2.2 1016.31 -21.1 98 2.93172e-006 0.2 160.724
19 2 1.9 1016.22 -21.65 83.7272 1.46586e-006 -0.215673 160.477
19.0208 2 1.6 1016.14 -22.2 69.4545 0 -0.631346 160.23
19.0417 2 1.75 1016.09 -22.95 69.3181 0 -0.315673 159.574
19.0625 2 1.9 1016.05 -23.7 69.1818 0 0 158.918
19.0833 2 2.3 1016.07 -24.45 69.0909 0 0 158.606
19.1042 2 2.7 1016.09 -25.2 69 0 0 158.294
19.125 2 2.75 1016.11 -24.75 68.9546 0 0 176.932
19.1458 2 2.8 1016.14 -24.3 68.9091 0 0 195.57
19.1667 2 2.6 1016.16 -23.7 68.9091 0 0 198.972
19.1875 2 2.4 1016.17 -23.1 68.9091 0 0 202.374
19.2083 2 2.4 1016.16 -22.25 68.9546 0 0 212.214
19.2292 2 2.4 1016.16 -21.4 69 0 0 222.054
19.25 2 2.75 1016.19 -20.45 84 1.48082e-006 0 222.816
19.2708 2 3.1 1016.23 -19.5 99 2.96164e-006 0 223.578
19.2917 2 3.85 1016.22 -19.25 98 2.93172e-006 0 214.092
19.3125 2 4.6 1016.22 -19 97 2.90181e-006 0 204.607
19.3333 2 3.95 1016.29 -19.3 97.5 2.91676e-006 0 196.865
19.3542 2 3.3 1016.37 -19.6 98 2.93172e-006 0 189.122
19.375 2 3.4 1016.48 -19.75 98 2.93172e-006 0 194.009
19.3958 2 3.5 1016.59 -19.9 98 2.93172e-006 0 198.897
19.4167 2 3.65 1016.55 -19.7 97.5 2.91676e-006 0 204.835
19.4375 2 3.8 1016.5 -19.5 97 2.90181e-006 0 210.772
19.4583 2 3.45 1016.55 -19.4 97 2.90181e-006 0 213.004
19.4792 2 3.1 1016.6 -19.3 97 2.90181e-006 0 215.236
19.5 2 3.05 1016.61 -18.8 96.5 2.88685e-006 0 220.689
19.5208 2 3 1016.63 -18.3 96 2.87189e-006 0 226.141
19.5417 2 3.8 1016.67 -18 95.5 2.85693e-006 0 228.943
19.5625 2 4.6 1016.7 -17.7 95 2.84197e-006 0 231.744
19.5833 2 5.05 1016.72 -17.7 95 2.84197e-006 0 232.668
19.6042 2 5.5 1016.75 -17.7 95 2.84197e-006 0 233.592
19.625 2 5.85 1016.77 -18.4 95 2.84197e-006 0 231.603
19.6458 2 6.2 1016.78 -19.1 95 2.84197e-006 0 229.614
19.6667 2 6.05 1016.76 -19.6 95 2.84197e-006 0 219.723
19.6875 2 5.9 1016.73 -20.1 95 2.84197e-006 0 209.831
19.7083 2 5.7 1016.72 -20.5 95 2.84197e-006 0 205.487
19.7292 2 5.5 1016.72 -20.9 95 2.84197e-006 0 201.143
19.75 2 5.35 1016.79 -20.85 95 2.84197e-006 0 192.949
19.7708 2 5.2 1016.87 -20.8 95 2.84197e-006 0 184.754
19.7917 2 5 1016.91 -20.75 95 2.84197e-006 0 184.18
19.8125 2 4.8 1016.94 -20.7 95 2.84197e-006 0 183.605
19.8333 2 4.3 1017 -20.8 90.5 2.70735e-006 -0.720335 179.898
19.8542 2 3.8 1017.06 -20.9 86 2.57273e-006 -1.44067 176.191
19.875 2 3.6 1017.09 -21.15 77.5 1.28636e-006 -0.229502 175.676
19.8958 2 3.4 1017.13 -21.4 69 0 0.981667 175.162
19.9167 2 3.15 1017.5 -21.55 68.5 0 1.16242 170.071
19.9375 2 2.9 1017.87 -21.7 68 0 1.34317 164.98
19.9583 2 2.75 1017.79 -21.75 68 0 0.478835 163.549
19.9792 2 2.6 1017.71 -21.8 68 0 -0.3855 162.119
20 2 2.35 1017.66 -21.45 68.5 0 -0.504 161.951
20.0208 2 2.1 1017.6 -21.1 69 0 -0.6225 161.782
20.0417 2 2.35 1017.54 -21.15 69 0 -0.31125 163.853
20.0625 2 2.6 1017.48 -21.2 69 0 0 165.924
20.0833 2 2.75 1017.42 -21.25 69 0 0 164.911
20.1042 2 2.9 1017.37 -21.3 69 0 0 163.898
20.125 2 2.45 1017.34 -21.25 69.5 0 0 179.656
20.1458 2 2 1017.31 -21.2 70 0 0 195.415
20.1667 2 1.9 1017.28 -20.5 71 0 0 207.622
20.1875 2 1.8 1017.25 -19.8 72 0 0 219.829
20.2083 2 2.4 1017.15 -19.2 72.5 0 0 216.017
20.2292 2 3 1017.04 -18.6 73 0 0 212.206
20.25 2 2.55 1016.98 -18.15 73 0 0 218.344
20.2708 2 2.1 1016.92 -17.7 73 0 0 224.483
20.2917 2 1.85 1016.83 -17.55 73.5 0 0 227.054
20.3125 2 1.6 1016.74 -17.4 74 0 0 229.625
20.3333 2 0.9 1016.71 -17.25 74.5 0 0 232.467
20.3542 2 0.2 1016.68 -17.1 75 0 0 235.31
20.375 2 0.15 1016.57 -17 75.5 0 0 236.828
20.3958 2 0.1 1016.47 -16.9 76 0 0 238.347
20.4167 2 0.3 1016.38 -16.75 76 0 0 238.994
20.4375 2 0.5 1016.28 -16.6 76 0 0 239.641
20.4583 2 0.6 1016.15 -16.5 76.5 0 0 239.741
20.4792 2 0.7 1016.02 -16.4 77 0 0 239.841
20.5 2 0.6 1015.88 -16.2 77 0 0 240.048
20.5208 2 0.5 1015.74 -16 77 0 0 240.255
20.5417 2 0.4 1015.65 -15.85 77 0 0 240.544
20.5625 2 0.3 1015.55 -15.7 77 0 0 240.833
20.5833 2 0.3 1015.38 -15.65 77 0 0 241.217
20.6042 2 0.3 1015.2 -15.6 77 0 0 241.602
20.625 2 0.35 1015.15 -15.65 76.5 0 0 241.22
20.6458 2 0.4 1015.1 -15.7 76 0 0 240.838
20.6667 2 0.5 1015.02 -15.65 76 0 0 240.845
20.6875 2 0.6 1014.94 -15.6 76 0 0 240.852
20.7083 2 0.45 1014.85 -15.65 76 0 0 240.939
20.7292 2 0.3 1014.77 -15.7 76 0 0 241.027
20.75 2 0.2 1014.7 -15.7 76 0 0 241.057
20.7708 2 0.1 1014.63 -15.7 76 0 0 241.088
20.7917 2 0.35 1014.61 -15.75 76 0 0 240.494
20.8125 2 0.6 1014.6 -15.8 76 0 0 239.9
20.8333 2 0.55 1014.61 -15.85 76 0 -0.2255 239.293
20.8542 2 0.5 1014.63 -15.9 76 0 -0.451 238.686
20.875 2 0.5 1014.64 -15.95 75.5 0 0.433085 239.026
20.8958 2 0.5 1014.64 -16 75 0 1.31717 239.365
20.9167 2 0.65 1014.58 -15.9 75 0 1.44209 239.758
20.9375 2 0.8 1014.51 -15.8 75 0 1.567 240.15
20.9583 2 0.85 1014.51 -15.8 75.5 0 0.804583 240.212
20.9792 2 0.9 1014.51 -15.8 76 0 0.0421666 240.275
21 2 0.95 1014.39 -15.8 76 0 -0.12925 240.288
21.0208 2 1 1014.26 -15.8 76 0 -0.300667 240.3
21.0417 2 1.15 1014.28 -15.75 76 0 -0.150333 240.263
21.0625 2 1.3 1014.3 -15.7 76 0 0 240.225
21.0833 2 1.2 1014.3 -15.75 75.5 0 0 240.004
21.1042 2 1.1 1014.3 -15.8 75 0 0 239.782
21.125 2 1.2 1014.32 -15.95 75 0 0 239.313
21.1458 2 1.3 1014.35 -16.1 75 0 0 238.844
21.1667 2 1.05 1014.32 -16.15 75.5 0 0 239.391
21.1875 2 0.8 1014.3 -16.2 76 0 0 239.938
21.2083 2 0.85 1014.36 -16.15 76 0 0 240.161
21.2292 2 0.9 1014.43 -16.1 76 0 0 240.385
21.25 2 1.2 1014.51 -16.1 75.5 0 0 240.223
21.2708 2 1.5 1014.59 -16.1 75 0 0 240.06
21.2917 2 1.85 1014.53 -16.1 75 0 0 240.451
21.3125 2 2.2 1014.46 -16.1 75 0 0 240.842
21.3333 2 2.15 1014.48 -16.15 75 0 0 240.533
21.3542 2 2.1 1014.51 -16.2 75 0 0 240.224
21.375 2 2.15 1014.62 -16.3 75 0 0 240.257
21.3958 2 2.2 1014.73 -16.4 75 0 0 240.289
21.4167 2 2.05 1014.73 -16.55 75 0 0 239.988
21.4375 2 1.9 1014.74 -16.7 75 0 0 239.688
21.4583 2 1.9 1014.81 -16.7 75 0 0 239.875
21.4792 2 1.9 1014.88 -16.7 75 0 0 240.062
21.5 2 1.85 1014.86 -16.75 75 0 0 239.592
21.5208 2 1.8 1014.85 -16.8 75 0 0 239.122
21.5417 2 1.65 1014.88 -16.9 75 0 0 238.652
21.5625 2 1.5 1014.91 -17 75 0 0 238.183
21.5833 2 1.45 1014.96 -17.15 74.5 0 0 235.819
21.6042 2 1.4 1015.01 -17.3 74 0 0 233.455
21.625 2 1.45 1015.11 -17.65 73.5 0 0 229.708
21.6458 2 1.5 1015.22 -18 73 0 0 225.96
21.6667 2 1.4 1015.24 -18.25 73 0 0 226.238
21.6875 2 1.3 1015.27 -18.5 73 0 0 226.517
21.7083 2 1.25 1015.33 -18.25 73 0 0 227.907
21.7292 2 1.2 1015.38 -18 73 0 0 229.297
21.75 2 1.25 1015.46 -17.95 73 0 0 228.056
21.7708 2 1.3 1015.53 -17.9 73 0 0 226.815
21.7917 2 1.35 1015.62 -18.1 73 0 0 224.265
21.8125 2 1.4 1015.71 -18.3 73 0 0 221.715
21.8333 2 2.25 1015.79 -18.4 72.5 0 -0.20225 218.322
21.8542 2 3.1 1015.87 -18.5 72 0 -0.4045 214.929
21.875 2 3.6 1016.01 -18.7 71.5 0 1.02058 210.486
21.8958 2 4.1 1016.14 -18.9 71 0 2.44567 206.043
21.9167 2 3.55 1016.18 -19.1 71 0 2.91233 204.218
21.9375 2 3 1016.23 -19.3 71 0 3.379 202.393
21.9583 2 2.55 1016.3 -19.4 71 0 1.608 199.278
21.9792 2 2.1 1016.38 -19.5 71 0 -0.163 196.163
22 2 2.6 1016.38 -19.35 71 0 -0.198417 196.577
22.0208 2 3.1 1016.37 -19.2 71 0 -0.233833 196.99
22.0417 2 2.95 1016.39 -19.7 70.5 0 -0.116917 198.36
22.0625 2 2.8 1016.41 -20.2 70 0 0 199.73
22.0833 2 2.9 1016.53 -20.9 69 0 0 184.424
22.1042 2 3 1016.65 -21.6 68 0 0 169.119
22.125 2 3.55 1016.75 -22.3 67 0 0 166.262
22.1458 2 4.1 1016.85 -23 66 0 0 163.405
22.1667 2 3.35 1016.89 -23.4 65.5 0 0 163.191
22.1875 2 2.6 1016.93 -23.8 65 0 0 162.977
22.2083 2 2.5 1017.04 -23.4 65.5 0 0 163.083
22.2292 2 2.4 1017.15 -23 66 0 0 163.188
22.25 2 2.95 1017.21 -23.2 65 0 0 163.413
22.2708 2 3.5 1017.27 -23.4 64 0 0 163.637
22.2917 2 3.85 1017.34 -23.9 64 0 0 163.656
22.3125 2 4.2 1017.42 -24.4 64 0 0 163.675
22.3333 2 3.6 1017.49 -24.2 64.5 0 0 179.65
22.3542 2 3 1017.57 -24 65 0 0 195.624
22.375 2 2.5 1017.61 -22.8 67 0 0 203.081
22.3958 2 2 1017.65 -21.6 69 0 0 210.537
22.4167 2 2.2 1017.69 -21.85 69 0 0 191.694
22.4375 2 2.4 1017.73 -22.1 69 0 0 172.851
22.4583 2 2.05 1017.75 -22.75 67.5 0 0 170.272
22.4792 2 1.7 1017.77 -23.4 66 0 0 167.694
22.5 2 1 1017.73 -23.55 66 0 0 167.363
22.5208 2 0.3 1017.69 -23.7 66 0 0 167.032
22.5417 2 0.85 1017.77 -24.3 65.5 0 0 166.226
22.5625 2 1.4 1017.85 -24.9 65 0 0 165.42
22.5833 2 1.4 1017.89 -25.15 64.5 0 0 173.423
22.6042 2 1.4 1017.93 -25.4 64 0 0 181.425
22.625 2 1.45 1017.98 -24.15 66.5 0 0 202.126
22.6458 2 1.5 1018.04 -22.9 69 0 0 222.828
22.6667 2 1.65 1018.1 -21.5 71 0 0 224.001
22.6875 2 1.8 1018.16 -20.1 73 0 0 225.174
22.7083 2 1.55 1018.19 -19.95 72.5 0 0 211.139
22.7292 2 1.3 1018.22 -19.8 72 0 0 197.105
22.75 2 1.3 1018.3 -20.15 71.5 0 0 193.452
22.7708 2 1.3 1018.38 -20.5 71 0 0 189.798
22.7917 2 1.4 1018.47 -20.35 71 0 0 191.884
22.8125 2 1.5 1018.56 -20.2 71 0 0 193.97
22.8333 2 1.6 1018.64 -20.1 71.5 0 -0.459917 200.087
22.8542 2 1.7 1018.72 -20 72 0 -0.919833 206.203
22.875 2 1.35 1018.79 -19.9 72.5 0 -0.143167 204.99
22.8958 2 1 1018.86 -19.8 73 0 0.6335 203.777
22.9167 2 1.3 1018.92 -20.2 73 0 0.339833 187.501
22.9375 2 1.6 1018.98 -20.6 73 0 0.0461667 171.225
22.9583 2 1.9 1018.95 -21.55 71.5 0 -0.814167 170.217
22.9792 2 2.2 1018.93 -22.5 70 0 -1.6745 169.209
23 2 2.25 1018.92 -22.95 69 0 -0.954666 169.059
23.0208 2 2.3 1018.91 -23.4 68 0 -0.234833 168.909
23.0417 2 1.95 1018.96 -23.3 68.5 0 -0.117417 168.881
23.0625 2 1.6 1019.01 -23.2 69 0 0 168.853
23.0833 2 1.65 1019.02 -23.15 69 0 0 170.224
23.1042 2 1.7 1019.03 -23.1 69 0 0 171.596
23.125 2 1.5 1019.05 -23.05 69 0 0 185.055
23.1458 2 1.3 1019.06 -23 69 0 0 198.514
23.1667 2 1.55 1019.05 -22.75 69.5 0 0 197.293
23.1875 2 1.8 1019.03 -22.5 70 0 0 196.072
23.2083 2 1.85 1019.04 -22.2 70.5 0 0 195.541
23.2292 2 1.9 1019.04 -21.9 71 0 0 195.01
23.25 2 1.85 1018.98 -22.4 69.5 0 0 187.587
23.2708 2 1.8 1018.93 -22.9 68 0 0 180.164
23.2917 2 1.7 1018.92 -23.2 67.5 0 0 189.31
23.3125 2 1.6 1018.9 -23.5 67 0 0 198.455
23.3333 2 1.65 1018.89 -23.1 67.5 0 0 205.029
23.3542 2 1.7 1018.87 -22.7 68 0 0 211.603
23.375 2 1.6 1018.82 -22.25 69 0 0 218.409
23.3958 2 1.5 1018.77 -21.8 70 0 0 225.215
23.4167 2 1.55 1018.73 -21.5 70.5 0 0 226.696
23.4375 2 1.6 1018.7 -21.2 71 0 0 228.177
23.4583 2 1.6 1018.61 -21 71 0 0 216.341
23.4792 2 1.6 1018.52 -20.8 71 0 0 204.505
23.5 2 1.15 1018.43 -21.15 70.5 0 0 189.46
23.5208 2 0.7 1018.34 -21.5 70 0 0 174.414
23.5417 2 0.55 1018.31 -21.8 69.5 0 0 174.053
23.5625 2 0.4 1018.28 -22.1 69 0 0 173.693
23.5833 2 0.45 1018.13 -22.65 68 0 0 173.839
23.6042 2 0.5 1017.98 -23.2 67 0 0 173.984
23.625 2 0.7 1017.91 -23.6 66.5 0 0 174.412
23.6458 2 0.9 1017.85 -24 66 0 0 174.84
23.6667 2 1.05 1017.79 -23.95 66 0 0 175.012
23.6875 2 1.2 1017.74 -23.9 66 0 0 175.183
23.7083 2 1.1 1017.67 -24.4 65.5 0 0 175.435
23.7292 2 1 1017.61 -24.9 65 0 0 175.687
23.75 2 0.6 1017.53 -24.4 65.5 0 0 176.125
23.7708 2 0.2 1017.45 -23.9 66 0 0 176.564
23.7917 2 0.65 1017.46 -24.15 65.5 0 0 176.646
23.8125 2 1.1 1017.48 -24.4 65 0 0 176.727
23.8333 2 1.15 1017.45 -24.75 64.5 0 -0.556165 177.188
23.8542 2 1.2 1017.42 -25.1 64 0 -1.11233 177.649
23.875 2 1.05 1017.36 -24.9 64.5 0 -0.595832 178.512
23.8958 2 0.9 1017.3 -24.7 65 0 -0.0793333 179.374
23.9167 2 0.85 1017.2 -24.55 65.5 0 -0.0143333 180.449
23.9375 2 0.8 1017.09 -24.4 66 0 0.0506667 181.525
23.9583 2 1.15 1017 -24.2 66 0 -0.670752 182.284
23.9792 2 1.5 1016.91 -24 66 0 -1.39217 183.042
24 2 1 1016.72 -23.35 66.5 0 -0.726085 183.651
24.0208 2 0.5 1016.53 -22.7 67 0 -0.06 184.26
24.0417 2 0.45 1016.52 -22.35 67.5 0 -0.03 184.245
24.0625 2 0.4 1016.5 -22 68 0 0 184.231
24.0833 2 0.35 1016.46 -20.8 70 0 0 184.721
24.1042 2 0.3 1016.42 -19.6 72 0 0 185.211
24.125 2 0.15 1016.43 -18.8 73 0 0 185.35
24.1458 2 0 1016.45 -18 74 0 0 185.488
24.1667 2 0 1016.49 -18.3 74 0 0 186.038
24.1875 2 0 1016.53 -18.6 74 0 0 186.587
24.2083 2 0 1016.48 -18.4 73.5 0 0 186.805
24.2292 2 0 1016.43 -18.2 73 0 0 187.022
24.25 2 0 1016.38 -17.85 73.5 0 0 187.706
24.2708 2 0 1016.33 -17.5 74 0 0 188.389
24.2917 2 0 1016.35 -17.7 74 0 0 188.664
24.3125 2 0 1016.37 -17.9 74 0 0 188.939
24.3333 2 0 1016.35 -17.45 75 0 0 190
24.3542 2 0 1016.33 -17 76 0 0 191.062
24.375 2 0 1016.39 -17.05 76 0 0 199.027
24.3958 2 0 1016.44 -17.1 76 0 0 206.993
24.4167 2 0 1016.42 -16.8 76 0 0 208.947
24.4375 2 0 1016.4 -16.5 76 0 0 210.902
24.4583 2 0 1016.35 -16.1 77 0 0 226.295
24.4792 2 0 1016.31 -15.7 78 0 0 241.688
24.5 2 0 1016.25 -15.9 77.5 0 0 248.374
24.5208 2 0 1016.19 -16.1 77 0 0 255.059
24.5417 2 0 1016.13 -15.95 77 0 0 237.317
24.5625 2 0 1016.06 -15.8 77 0 0 219.575
24.5833 2 0.05 1016.03 -15.85 77 0 0 219.781
24.6042 2 0.1 1016 -15.9 77 0 0 219.987
24.625 2 0.05 1015.96 -16.25 76.5 0 0 221.502
24.6458 2 0 1015.92 -16.6 76 0 0 223.017
24.6667 2 0 1015.89 -16.1 77 0 0 237.477
24.6875 2 0 1015.86 -15.6 78 0 0 251.937
24.7083 2 0 1015.82 -15.35 78 0 0 248.457
24.7292 2 0 1015.78 -15.1 78 0 0 244.978
24.75 2 0 1015.8 -15.05 78 0 0 241.314
24.7708 2 0 1015.82 -15 78 0 0 237.649
24.7917 2 0.05 1015.8 -14.8 78 0 0 245.28
24.8125 2 0.1 1015.79 -14.6 78 0 0 252.911
24.8333 2 0.85 1015.84 -14.25 78 0 -0.28875 256.917
24.8542 2 1.6 1015.89 -13.9 78 0 -0.5775 260.923
24.875 2 1.8 1015.89 -13.55 79 0 -0.665 260.887
24.8958 2 2 1015.89 -13.2 80 0 -0.7525 260.85
24.9167 2 1.9 1015.33 -13.2 80.5 0 -0.731583 260.26
24.9375 2 1.8 1014.76 -13.2 81 0 -0.710667 259.671
24.9583 2 2.4 1014.71 -13 81 0 -1.20717 259.094
24.9792 2 3 1014.67 -12.8 81 0 -1.70367 258.516
25 2 2.8 1020.94 -12.85 80.5 0 -0.851835 256.23
25.0208 2 2.6 1027.22 -12.9 80 0 0 253.945
25.0417 2 2.55 1026.96 -13.05 80 0 0 237.182
25.0625 2 2.5 1026.7 -13.2 80 0 0 220.418
25.0833 2 2.85 1026.35 -14.05 79 0 0 206.003
25.1042 2 3.2 1026 -14.9 78 0 0 191.588
25.125 2 2.95 1025.72 -15.55 77 0 0 191.923
25.1458 2 2.7 1025.43 -16.2 76 0 0 192.259
25.1667 2 2.75 1025.03 -16.55 75.5 0 0 192.302
25.1875 2 2.8 1024.62 -16.9 75 0 0 192.346
25.2083 2 3.15 1024.26 -17.1 74.5 0 0 191.82
25.2292 2 3.5 1023.89 -17.3 74 0 0 191.295
25.25 2 3.85 1023.82 -17.5 73.5 0 0 189.945
25.2708 2 4.2 1023.75 -17.7 73 0 0 188.595
25.2917 2 4.05 1023.39 -17.95 73 0 0 188.55
25.3125 2 3.9 1023.02 -18.2 73 0 0 188.505
25.3333 2 3.8 1022.79 -18.5 72.5 0 0 188.647
25.3542 2 3.7 1022.55 -18.8 72 0 0 188.79
25.375 2 3.8 1022.43 -18.5 72.5 0 0 188.421
25.3958 2 3.9 1022.32 -18.2 73 0 0 188.052
25.4167 2 3.75 1021.96 -16.9 75 0 0 186.878
25.4375 2 3.6 1021.61 -15.6 77 0 0 185.704
25.4583 2 4.25 1021.38 -14.2 78.5 0 0 185.452
25.4792 2 4.9 1021.14 -12.8 80 0 0 185.201
25.5 2 5.05 1020.98 -12.4 81 0 0 184.103
25.5208 2 5.2 1020.83 -12 82 0 0 183.004
25.5417 2 5.6 1020.78 -12.1 81.5 0 0 183.806
25.5625 2 6 1020.72 -12.2 81 0 0 184.609
25.5833 2 6.4 1020.75 -12.35 81 0 0 189.702
25.6042 2 6.8 1020.78 -12.5 81 0 0 194.796
25.625 2 6.45 1021.07 -13.25 80 0 0 185.614
25.6458 2 6.1 1021.36 -14 79 0 0 176.432
25.6667 2 6.05 1021.79 -14.4 78.5 0 0 178.888
25.6875 2 6 1022.21 -14.8 78 0 0 181.344
25.7083 2 6.1 1022.69 -14.65 78.5 0 0 186.895
25.7292 2 6.2 1023.17 -14.5 79 0 0 192.445
25.75 2 6.95 1023.58 -13.65 79 0 0 215.479
25.7708 2 7.7 1023.99 -12.8 79 0 0 238.513
25.7917 2 7.95 1024.6 -13.5 78 0 0 228.788
25.8125 2 8.2 1025.22 -14.2 77 0 0 219.062
25.8333 2 7.9 1025.87 -15.15 75.5 0 0 191.857
25.8542 2 7.6 1026.52 -16.1 74 0 0 164.653
25.875 2 7.2 1026.91 -16.55 73.5 0 -0.82347 160.475
25.8958 2 6.8 1027.3 -17 73 0 -1.64694 156.298
25.9167 2 6.3 1021.53 -17.45 72.5 0 -1.50205 155.37
25.9375 2 5.8 1015.75 -17.9 72 0 -1.35717 154.441
25.9583 2 5.75 1015.66 -18.25 72 0 -1.48083 153.601
25.9792 2 5.7 1015.56 -18.6 72 0 -1.6045 152.761
26 2 5.8 1015.42 -18.9 71.5 0 -0.80225 152.348
26.0208 2 5.9 1015.29 -19.2 71 0 0 151.935
26.0417 2 5.85 1015.18 -19.35 71 0 0 151.919
26.0625 2 5.8 1015.07 -19.5 71 0 0 151.904
26.0833 2 5.8 1015.08 -19.55 70.5 0 0 151.911
26.1042 2 5.8 1015.1 -19.6 70 0 0 151.918
26.125 2 5.6 1015 -19.7 70 0 0 152.12
26.1458 2 5.4 1014.9 -19.8 70 0 0 152.322
26.1667 2 5.05 1014.9 -19.95 70 0 0 152.591
26.1875 2 4.7 1014.9 -20.1 70 0 0 152.86
26.2083 2 4.9 1014.92 -20.05 70 0 0 153.033
26.2292 2 5.1 1014.94 -20 70 0 0 153.205
26.25 2 5.2 1014.86 -20.05 70 0 0 153.417
26.2708 2 5.3 1014.79 -20.1 70 0 0 153.629
26.2917 2 5.45 1014.72 -20 70 0 0 153.638
26.3125 2 5.6 1014.66 -19.9 70 0 0 153.647
26.3333 2 5.3 1014.78 -20.05 70 0 0 153.488
26.3542 2 5 1014.9 -20.2 70 0 0 153.329
26.375 2 4.9 1014.94 -20.3 70 0 0 153.083
26.3958 2 4.8 1014.98 -20.4 70 0 0 152.838
26.4167 2 4.7 1014.94 -20.65 70 0 0 152.543
26.4375 2 4.6 1014.9 -20.9 70 0 0 152.248
26.4583 2 4.75 1014.86 -20.95 70 0 0 151.94
26.4792 2 4.9 1014.83 -21 70 0 0 151.632
26.5 2 4.8 1014.78 -21.1 70 0 0 150.741
26.5208 2 4.7 1014.73 -21.2 70 0 0 149.849
26.5417 2 4.65 1014.69 -21.35 69.5 0 0 149.467
26.5625 2 4.6 1014.66 -21.5 69 0 0 149.085
26.5833 2 4.25 1014.57 -21.65 69 0 0 148.858
26.6042 2 3.9 1014.49 -21.8 69 0 0 148.631
26.625 2 4.05 1014.5 -21.9 68.5 0 0 148.811
26.6458 2 4.2 1014.51 -22 68 0 0 148.99
26.6667 2 4.1 1014.54 -22.1 68 0 0 148.922
26.6875 2 4 1014.56 -22.2 68 0 0 148.853
26.7083 2 4.4 1014.59 -22.05 68.5 0 0 148.926
26.7292 2 4.8 1014.63 -21.9 69 0 0 148.998
26.75 2 4.55 1014.63 -21.8 69 0 0 149.255
26.7708 2 4.3 1014.62 -21.7 69 0 0 149.513
26.7917 2 4.15 1014.7 -21.7 69 0 0 149.66
26.8125 2 4 1014.79 -21.7 69 0 0 149.806
26.8333 2 4.05 1014.85 -21.9 68.5 0 0 150.284
26.8542 2 4.1 1014.91 -22.1 68 0 0 150.762
26.875 2 3.95 1014.96 -22 68.5 0 -1.03882 151.464
26.8958 2 3.8 1015.02 -21.9 69 0 -2.07764 152.165
26.9167 2 3.65 1014.99 -22 68.5 0 -2.05449 152.296
26.9375 2 3.5 1014.96 -22.1 68 0 -2.03133 152.427
26.9583 2 3 1014.96 -21.85 68.5 0 -1.44294 152.736
26.9792 2 2.5 1014.97 -21.6 69 0 -0.854545 153.045
27 2 2.65 1014.89 -21.6 69 0 -0.427272 153.57
27.0208 2 2.8 1014.8 -21.6 69 0 0 154.095
27.0417 2 2.85 1014.77 -21.75 69 0 0 154.775
27.0625 2 2.9 1014.73 -21.9 69 0 0 155.455
27.0833 2 2.6 1014.72 -21.7 69.5 0 0 155.956
27.1042 2 2.3 1014.71 -21.5 70 0 0 156.457
27.125 2 2.25 1014.61 -21.45 70 0 0 156.789
27.1458 2 2.2 1014.52 -21.4 70 0 0 157.122
27.1667 2 2.3 1014.51 -21.25 70.5 0 0 157.874
27.1875 2 2.4 1014.49 -21.1 71 0 0 158.626
27.2083 2 2.05 1014.42 -21.35 70.5 0 0 159.525
27.2292 2 1.7 1014.35 -21.6 70 0 0 160.423
27.25 2 1.65 1014.35 -21.9 70 0 0 161.242
27.2708 2 1.6 1014.36 -22.2 70 0 0 162.062
27.2917 2 0.9 1014.38 -21.7 71 0 0 163.193
27.3125 2 0.2 1014.4 -21.2 72 0 0 164.324
27.3333 2 0.8 1014.36 -22.2 71 0 0 164.686
27.3542 2 1.4 1014.32 -23.2 70 0 0 165.048
27.375 2 1.5 1014.39 -22.95 70 0 0 166.975
27.3958 2 1.6 1014.45 -22.7 70 0 0 168.902
27.4167 2 1.75 1014.48 -22.3 69.5 0 0 169.756
27.4375 2 1.9 1014.52 -21.9 69 0 0 170.61
27.4583 2 2.35 1014.53 -21.15 70 0 0 171.599
27.4792 2 2.8 1014.53 -20.4 71 0 0 172.587
27.5 2 3.05 1014.5 -19.9 71.5 0 0 173.167
27.5208 2 3.3 1014.47 -19.4 72 0 0 173.747
27.5417 2 3.35 1014.43 -19 72.5 0 0 172.861
27.5625 2 3.4 1014.39 -18.6 73 0 0 171.974
27.5833 2 3.4 1014.35 -18.55 72.5 0 0 170.982
27.6042 2 3.4 1014.31 -18.5 72 0 0 169.989
27.625 2 3.5 1014.38 -18.4 72 0 0 173.015
27.6458 2 3.6 1014.44 -18.3 72 0 0 176.041
27.6667 2 3.7 1014.4 -18 73 0 0 187.379
27.6875 2 3.8 1014.35 -17.7 74 0 0 198.716
27.7083 2 4.6 1014.35 -17.25 75 0 0 207.616
27.7292 2 5.4 1014.36 -16.8 76 0 0 216.515
27.75 2 4.95 1014.42 -17.05 75.5 0 0 204.913
27.7708 2 4.5 1014.48 -17.3 75 0 0 193.312
27.7917 2 4.3 1014.53 -17.35 75 0 0 193.719
27.8125 2 4.1 1014.57 -17.4 75 0 0 194.125
27.8333 2 4.55 1014.59 -17.1 75.5 0 -0.163833 211.059
27.8542 2 5 1014.62 -16.8 76 0 -0.327667 227.992
27.875 2 5.2 1014.63 -16.5 76.5 0 -0.449167 227.336
27.8958 2 5.4 1014.63 -16.2 77 0 -0.570667 226.68
27.9167 2 5.65 1014.57 -15.8 77.5 0 -0.52525 231.342
27.9375 2 5.9 1014.5 -15.4 78 0 -0.479833 236.005
27.9583 2 6.05 1014.4 -15.3 78.5 0 -0.573083 238.492
27.9792 2 6.2 1014.3 -15.2 79 0 -0.666333 240.98
28 2 6.7 1014.2 -15.2 79 0 -0.333167 241.999
28.0208 2 7.2 1014.1 -15.2 79 0 0 243.019
28.0417 2 7.1 1014.05 -15.1 79 0 0 240.898
28.0625 2 7 1014 -15 79 0 0 238.778
28.0833 2 6.65 1013.98 -14.9 79 0 0 228.09
28.1042 2 6.3 1013.96 -14.8 79 0 0 217.403
28.125 2 6.1 1013.9 -15.2 78 0 0 202.809
28.1458 2 5.9 1013.83 -15.6 77 0 0 188.215
28.1667 2 6.05 1013.77 -15.75 77 0 0 199.292
28.1875 2 6.2 1013.71 -15.9 77 0 0 210.37
28.2083 2 6.25 1013.65 -15.8 77.5 0 0 224.594
28.2292 2 6.3 1013.58 -15.7 78 0 0 238.818
28.25 2 6.2 1013.46 -15.4 78.5 0 0 242.529
28.2708 2 6.1 1013.35 -15.1 79 0 0 246.24
28.2917 2 5.7 1013.29 -14.7 79.5 0 0 247.534
28.3125 2 5.3 1013.23 -14.3 80 0 0 248.827
28.3333 2 4.8 1013.28 -14.1 80 0 0 249.061
28.3542 2 4.3 1013.32 -13.9 80 0 0 249.296
28.375 2 4.05 1013.25 -13.8 80 0 0 248.56
28.3958 2 3.8 1013.18 -13.7 80 0 0 247.824
28.4167 2 3.8 1013.15 -13.55 80 0 0 248.246
28.4375 2 3.8 1013.11 -13.4 80 0 0 248.668
28.4583 2 3.9 1012.98 -13.3 80 0 0 248.589
28.4792 2 4 1012.85 -13.2 80 0 0 248.509
28.5 2 3.85 1012.76 -13.15 80.5 0 0 249.294
28.5208 2 3.7 1012.67 -13.1 81 0 0 250.08
28.5417 2 3.6 1012.65 -13 81 0 0 250.336
28.5625 2 3.5 1012.63 -12.9 81 0 0 250.592
28.5833 2 3.4 1012.58 -12.8 81 0 0 251.065
28.6042 2 3.3 1012.52 -12.7 81 0 0 251.538
28.625 2 3.15 1012.43 -12.65 81 0 0 251.798
28.6458 2 3 1012.34 -12.6 81 0 0 252.059
28.6667 2 2.55 1012.35 -12.5 81 0 0 252.106
28.6875 2 2.1 1012.36 -12.4 81 0 0 252.153
28.7083 2 2 1012.41 -12.35 81.5 0 0 252.208
28.7292 2 1.9 1012.46 -12.3 82 0 0 252.264
28.75 2 2 1012.48 -12.25 82 0 0 252.301
28.7708 2 2.1 1012.5 -12.2 82 0 0 252.337
28.7917 2 2 1012.57 -12.2 82 0 0 252.066
28.8125 2 1.9 1012.64 -12.2 82 0 0 251.795
28.8333 2 1.65 1012.69 -12.2 82 0 -0.05075 251.163
28.8542 2 1.4 1012.74 -12.2 82 0 -0.1015 250.532
28.875 2 1.6 1012.79 -12.2 82 0 -0.516833 251.015
28.8958 2 1.8 1012.85 -12.2 82 0 -0.932166 251.498
28.9167 2 1.7 1012.95 -12.15 83.5 0 -0.724833 251.863
28.9375 2 1.6 1013.05 -12.1 85 0 -0.5175 252.227
28.9583 2 1.5 1013.04 -12.05 85 0 -0.524166 252.901
28.9792 2 1.4 1013.04 -12 85 0 -0.530833 253.574
29 2 1.3 1013.01 -11.95 85 0 -0.265417 254.417
29.0208 2 1.2 1012.98 -11.9 85 0 0 255.259
29.0417 2 1.25 1013.03 -11.85 85 0 0 255.591
29.0625 2 1.3 1013.08 -11.8 85 0 0 255.923
29.0833 2 1.65 1020.81 -11.7 85.5 0 0 256.406
29.1042 2 2 1028.54 -11.6 86 0 0 256.89
29.125 2 2.05 1028.5 -11.6 86 0 0 256.316
29.1458 2 2.1 1028.46 -11.6 86 0 0 255.742
29.1667 2 2.2 1028.34 -11.55 86 0 0 256.398
29.1875 2 2.3 1028.22 -11.5 86 0 0 257.055
29.2083 2 2.65 1028.03 -11.55 85.5 0 0 257.154
29.2292 2 3 1027.85 -11.6 85 0 0 257.252
29.25 2 2.8 1027.67 -11.65 85 0 0 257.146
29.2708 2 2.6 1027.48 -11.7 85 0 0 257.041
29.2917 2 2.7 1027.34 -11.75 84.5 0 0 256.847
29.3125 2 2.8 1027.21 -11.8 84 0 0 256.653
29.3333 2 2.65 1026.96 -11.9 84 0 0 256.379
29.3542 2 2.5 1026.71 -12 84 0 0 256.104
29.375 2 3.05 1026.41 -12.2 84.5 0 0 256.04
29.3958 2 3.6 1026.11 -12.4 85 0 0 255.976
29.4167 2 3.9 1026.22 -12.65 85 0 0 255.151
29.4375 2 4.2 1026.33 -12.9 85 0 0 254.327
29.4583 2 4.1 1026.23 -13.05 84.5 0 0 252.506
29.4792 2 4 1026.14 -13.2 84 0 0 250.685
29.5 2 3.45 1025.99 -13.4 84 0 0 246.132
29.5208 2 2.9 1025.84 -13.6 84 0 0 241.579
29.5417 2 2.85 1025.66 -13.75 83.5 0 0 243.969
29.5625 2 2.8 1025.48 -13.9 83 0 0 246.359
29.5833 2 2.5 1025.19 -14 83 0 0 246.755
29.6042 2 2.2 1024.9 -14.1 83 0 0 247.151
29.625 2 1.7 1024.75 -14.15 83 0 0 247.62
29.6458 2 1.2 1024.6 -14.2 83 0 0 248.09
29.6667 2 0.9 1024.43 -14.9 82 0 0 245.572
29.6875 2 0.6 1024.25 -15.6 81 0 0 243.054
29.7083 2 0.3 1023.92 -15.5 81 0 0 242.979
29.7292 2 0 1023.58 -15.4 81 0 0 242.905
29.75 2 0 1023.27 -15.5 81 0 0 243.944
29.7708 2 0 1022.96 -15.6 81 0 0 244.983
29.7917 2 0 1022.7 -15.55 81 0 0 243.521
29.8125 2 0 1022.43 -15.5 81 0 0 242.06
29.8333 2 0.7 1022.29 -15.3 81.5 0 0 245.159
29.8542 2 1.4 1022.15 -15.1 82 0 0 248.258
29.875 2 1.3 1021.88 -15.15 81.5 0 -0.950915 247.912
29.8958 2 1.2 1021.61 -15.2 81 0 -1.90183 247.566
29.9167 2 1.2 1021.26 -15.35 80.5 0 -1.84058 247.349
29.9375 2 1.2 1020.91 -15.5 80 0 -1.77933 247.133
29.9583 2 1.2 1020.68 -15.6 80 0 -1.39475 247.747
29.9792 2 1.2 1020.46 -15.7 80 0 -1.01017 248.361
