   1     -0.178130   -999.000000   -999.000000
   2     -0.178663   -999.000000   -999.000000
   3     -0.179198   -999.000000   -999.000000
   4     -0.179732   -999.000000   -999.000000
   5     -0.180257   -999.000000   -999.000000
   6     -0.180753   -999.000000   -999.000000
   7     -0.181229   -999.000000   -999.000000
   8     -0.181690   -999.000000   -999.000000
   9     -0.182136   -999.000000   -999.000000
  10     -0.182571   -999.000000   -999.000000
  11     -0.182986   -999.000000   -999.000000
  12     -0.183381   -999.000000   -999.000000
  13     -0.183775   -999.000000   -999.000000
  14     -0.184183   -999.000000   -999.000000
  15     -0.184599   -999.000000   -999.000000
  16     -0.185012   -999.000000   -999.000000
  17     -0.185426   -999.000000   -999.000000
  18     -0.185834   -999.000000   -999.000000
  19     -0.186236   -999.000000   -999.000000
  20     -0.186645   -999.000000   -999.000000
  21     -0.187043   -999.000000   -999.000000
  22     -0.187438   -999.000000   -999.000000
  23     -0.187816   -999.000000   -999.000000
  24     -0.188157   -999.000000   -999.000000
  25     -0.188441   -999.000000   -999.000000
  26     -0.188681   -999.000000   -999.000000
  27     -0.188690   -999.000000   -999.000000
  28     -0.189014   -999.000000   -999.000000
  29     -0.189298   -999.000000   -999.000000
  30     -0.189551   -999.000000   -999.000000
  31     -0.189849   -999.000000   -999.000000
  32     -0.190121   -999.000000   -999.000000
  33     -0.190457   -999.000000   -999.000000
  34     -0.190798   -999.000000   -999.000000
  35     -0.191136   -999.000000   -999.000000
  36     -0.191467   -999.000000   -999.000000
  37     -0.191794   -999.000000   -999.000000
  38     -0.192134   -999.000000   -999.000000
  39     -0.192499   -999.000000   -999.000000
  40     -0.192934   -999.000000   -999.000000
  41     -0.193388   -999.000000   -999.000000
  42     -0.193781   -999.000000   -999.000000
  43     -0.194022   -999.000000   -999.000000
  44     -0.194346   -999.000000   -999.000000
  45     -0.194620   -999.000000   -999.000000
  46     -0.194556   -999.000000   -999.000000
  47     -0.194507   -999.000000   -999.000000
  48     -0.193683   -999.000000   -999.000000
  49     -0.191760   -999.000000   -999.000000
  50     -0.189108   -999.000000   -999.000000
  51     -0.187414   -999.000000   -999.000000
  52     -0.185684   -999.000000   -999.000000
  53     -0.184455   -999.000000   -999.000000
  54     -0.183556   -999.000000   -999.000000
  55     -0.182891   -999.000000   -999.000000
  56     -0.182386   -999.000000   -999.000000
  57     -0.182010   -999.000000   -999.000000
  58     -0.181720   -999.000000   -999.000000
  59     -0.181391   -999.000000   -999.000000
  60     -0.181060   -999.000000   -999.000000
  61     -0.180756   -999.000000   -999.000000
  62     -0.180514   -999.000000   -999.000000
  63     -0.180349   -999.000000   -999.000000
  64     -0.180245   -999.000000   -999.000000
  65     -0.180187   -999.000000   -999.000000
  66     -0.180181   -999.000000   -999.000000
  67     -0.180217   -999.000000   -999.000000
  68     -0.180284   -999.000000   -999.000000
  69     -0.180397   -999.000000   -999.000000
  70     -0.180574   -999.000000   -999.000000
  71     -0.180851   -999.000000   -999.000000
  72     -0.181215   -999.000000   -999.000000
  73     -0.181618   -999.000000   -999.000000
  74     -0.182044   -999.000000   -999.000000
  75     -0.182505   -999.000000   -999.000000
  76     -0.182250   -999.000000   -999.000000
  77     -0.182262   -999.000000   -999.000000
  78     -0.181614   -999.000000   -999.000000
  79     -0.177357   -999.000000   -999.000000
  80     -0.172963   -999.000000   -999.000000
  81     -0.167479   -999.000000   -999.000000
  82     -0.155242   -999.000000   -999.000000
  83     -0.144757   -999.000000   -999.000000
  84     -0.147420   -999.000000   -999.000000
  85     -0.148217   -999.000000   -999.000000
  86     -0.147428   -999.000000   -999.000000
  87     -0.147492   -999.000000   -999.000000
  88     -0.147099   -999.000000   -999.000000
  89     -0.147244   -999.000000   -999.000000
  90     -0.146973   -999.000000   -999.000000
  91     -0.146940   -999.000000   -999.000000
  92     -0.146241   -999.000000   -999.000000
  93     -0.141675   -999.000000   -999.000000
  94     -0.124862   -999.000000   -999.000000
  95     -0.101718   -999.000000   -999.000000
  96     -0.092661   -999.000000   -999.000000
  97     -0.093517   -999.000000   -999.000000
  98     -0.097023   -999.000000   -999.000000
  99     -0.101936   -999.000000   -999.000000
 100     -0.106246   -999.000000   -999.000000
 101     -0.110683   -999.000000   -999.000000
 102     -0.104155   -999.000000   -999.000000
 103     -0.096738   -999.000000   -999.000000
 104     -0.098498   -999.000000   -999.000000
 105     -0.100477   -999.000000   -999.000000
 106     -0.103827   -999.000000   -999.000000
 107     -0.107103   -999.000000   -999.000000
 108     -0.107071   -999.000000   -999.000000
 109     -0.107444   -999.000000   -999.000000
 110     -0.110563   -999.000000   -999.000000
 111     -0.113591   -999.000000   -999.000000
 112     -0.115708   -999.000000   -999.000000
 113     -0.117796   -999.000000   -999.000000
 114     -0.113284   -999.000000   -999.000000
 115     -0.098245   -999.000000   -999.000000
 116     -0.096211   -999.000000   -999.000000
 117     -0.100812   -999.000000   -999.000000
 118     -0.104819   -999.000000   -999.000000
 119     -0.107035   -999.000000   -999.000000
 120     -0.107332   -999.000000   -999.000000
 121     -0.105794   -999.000000   -999.000000
 122     -0.068681   -999.000000   -999.000000
 123     -0.065025   -999.000000   -999.000000
 124     -0.071906   -999.000000   -999.000000
 125     -0.078200   -999.000000   -999.000000
 126     -0.079651   -999.000000   -999.000000
 127     -0.067164   -999.000000   -999.000000
 128     -0.066186   -999.000000   -999.000000
 129     -0.069758   -999.000000   -999.000000
 130     -0.071455   -999.000000   -999.000000
 131     -0.070715   -999.000000   -999.000000
 132     -0.070338   -999.000000   -999.000000
 133     -0.063236     -0.059412     -0.043294
 134     -0.035915     -0.055271     -0.040333
 135     -0.027305     -0.055604     -0.041125
 136     -0.033697     -0.056750     -0.042104
 137     -0.039950     -0.058958     -0.044125
 138     -0.046841     -0.060979     -0.048229
 139     -0.056938     -0.062958     -0.050396
 140     -0.065154     -0.064687     -0.052396
 141     -0.068848     -0.055479     -0.043563
 142     -0.069423     -0.042563     -0.030208
 143     -0.041589     -0.040563     -0.026854
 144     -0.031763     -0.045729     -0.030854
 145     -0.031701     -0.050167     -0.034396
 146     -0.038453     -0.056250     -0.042375
 147     -0.044227     -0.059250     -0.045708
 148     -0.045940     -0.045208     -0.032542
 149     -0.035941     -0.045354     -0.029625
 150     -0.022663     -0.047708     -0.034104
 151     -0.025286     -0.040063     -0.027396
 152     -0.019078     -0.044312     -0.028271
 153     -0.002031     -0.049854     -0.035771
 154      0.012905     -0.051708     -0.039792
 155      0.015255     -0.056625     -0.042854
 156      0.013901     -0.061354     -0.048042
 157      0.010012     -0.064312     -0.052229
 158      0.010728     -0.068292     -0.056000
 159      0.004379     -0.074646     -0.059021
 160     -0.016077     -0.076917     -0.061854
 161     -0.030501     -0.079271     -0.066083
 162     -0.051340     -0.079938     -0.070771
 163     -0.062010     -0.085250     -0.074813
 164     -0.068829     -0.093958     -0.077521
 165     -0.072043     -0.099875     -0.079813
 166     -0.070598     -0.087896     -0.075250
 167     -0.072296     -0.074667     -0.063750
 168     -0.057084     -0.075729     -0.065292
 169     -0.070110     -0.069542     -0.060896
 170     -0.070037     -0.065187     -0.053354
 171     -0.065866     -0.070083     -0.054437
 172     -0.055500     -0.064854     -0.052708
 173     -0.069699     -0.030458     -0.025104
 174     -0.017599     -0.024958     -0.011062
 175      0.022554     -0.029208     -0.014792
 176      0.021856     -0.035146     -0.019667
 177      0.016790     -0.034063     -0.024333
 178      0.012245      0.027021      0.030583
 179      0.045011      0.046042      0.055563
 180      0.069898      0.043667      0.053083
 181      0.048342      0.036250      0.047521
 182      0.043199      0.027813      0.039708
 183      0.048603      0.018042      0.031479
 184      0.043546      0.007792      0.020396
 185      0.035258     -0.001063      0.011167
 186      0.026874     -0.008792      0.004438
 187      0.020985     -0.016000     -0.003083
 188      0.015647     -0.020438     -0.008292
 189      0.013223     -0.020458     -0.007438
 190      0.015857     -0.024396     -0.011146
 191      0.012555     -0.028396     -0.013500
 192      0.017856     -0.034333     -0.021479
 193      0.013439     -0.040479     -0.027854
 194      0.011627     -0.044687     -0.033438
 195      0.010892     -0.049063     -0.038000
 196      0.008282     -0.047979     -0.038187
 197     -0.013876     -0.049292     -0.039813
 198     -0.023148     -0.051021     -0.041896
 199     -0.030715     -0.053604     -0.045083
 200     -0.047625     -0.008229     -0.008917
 201     -0.046797      0.038417      0.049104
 202      0.059861      0.026354      0.037292
 203      0.053883      0.017104      0.028500
 204      0.045683      0.022062      0.032958
 205      0.041058      0.020500      0.032208
 206      0.046229      0.012604      0.024167
 207      0.037055      0.004521      0.016729
 208      0.028582      0.007375      0.018812
 209      0.024402      0.002646      0.014750
 210      0.022601     -0.003563      0.008417
 211      0.016861     -0.008688      0.002938
 212      0.013798     -0.013708     -0.000542
 213      0.016878     -0.012521     -0.001104
 214      0.013848      0.066792      0.071542
 215      0.059792      0.050083      0.062042
 216      0.061512      0.042396      0.052625
 217      0.054933      0.052187      0.058646
 218      0.048639      0.066979      0.080000
 219      0.069793      0.062542      0.073500
 220      0.050002      0.064000      0.073167
 221      0.051095      0.062208      0.073292
 222      0.062336      0.054208      0.065396
 223      0.054315      0.048229      0.059792
 224      0.042929      0.055896      0.066500
 225      0.041644      0.049604      0.061750
 226      0.041399      0.042813      0.054375
 227      0.033961      0.037687      0.049146
 228      0.026755      0.037667      0.048104
 229      0.021197      0.034125      0.046021
 230      0.020642      0.029917      0.041729
 231      0.015943      0.027875      0.039896
 232      0.012528      0.022354      0.035083
 233      0.013896      0.019604      0.032021
 234      0.016156      0.018417      0.030021
 235      0.015018      0.017896      0.028250
 236      0.012879      0.014229      0.025875
 237      0.011596      0.009604      0.021771
 238      0.009306      0.006583      0.018646
 239      0.001652      0.000917      0.014146
 240     -0.027466     -0.002083      0.011917
 241     -0.047912     -0.003396      0.011208
 242     -0.062370     -0.004654      0.008688
 243     -0.068460   -999.000000   -999.000000
 244     -0.066568      0.009700      0.015792
 245     -0.054437      0.005167      0.017042
 246     -0.040402     -0.001042      0.013771
 247     -0.046717     -0.005083      0.012188
 248     -0.042367     -0.010146      0.006771
 249     -0.057998     -0.012438      0.004104
 250     -0.069910     -0.015500      0.000063
 251     -0.072177     -0.017979     -0.003958
 252     -0.063932     -0.021250     -0.009521
 253     -0.071552     -0.025000     -0.013917
 254     -0.064597     -0.028667     -0.017667
 255     -0.072023     -0.032604     -0.020583
 256     -0.073892     -0.038146     -0.024896
 257     -0.074893     -0.043354     -0.029188
 258     -0.072521     -0.046604     -0.033354
 259     -0.076063     -0.046458     -0.035563
 260     -0.088279     -0.045437     -0.037333
 261     -0.078766     -0.041542     -0.031583
 262     -0.077889     -0.038979     -0.024750
 263     -0.078895     -0.037312     -0.024146
 264     -0.084871     -0.024136     -0.007750
 265     -0.072396     -0.022941     -0.007188
 266     -0.049129     -0.027083     -0.013104
 267     -0.055499     -0.030854     -0.017229
 268     -0.068729     -0.033271     -0.019896
 269     -0.057533     -0.036083     -0.022979
 270     -0.071696     -0.039438     -0.026187
 271     -0.064219     -0.041083     -0.029167
 272     -0.072809     -0.041000     -0.031000
 273     -0.066562     -0.043042     -0.034417
 274     -0.071526     -0.044312     -0.037604
 275     -0.072206     -0.044042     -0.040229
 276     -0.071938     -0.046521     -0.043125
 277     -0.072272     -0.049667     -0.045979
 278     -0.072030     -0.053750     -0.048813
 279     -0.071629     -0.060312     -0.051958
 280     -0.071867     -0.063063     -0.053208
 281     -0.076301     -0.024000     -0.012917
 282     -0.077084     -0.029750     -0.017229
 283     -0.076246     -0.030104     -0.018437
 284     -0.068952     -0.028271     -0.015583
 285     -0.062070     -0.022479     -0.011938
 286     -0.060818      0.013958      0.024354
 287     -0.007146      0.005667      0.021042
 288      0.019106     -0.001125      0.017708
 289      0.016624     -0.004146      0.013354
 290      0.012860     -0.007625      0.009750
 291      0.018376     -0.008271      0.008458
 292      0.014168     -0.009979      0.007188
 293      0.014700     -0.012375      0.004521
 294      0.017617     -0.013896      0.002042
 295      0.013795     -0.014979      0.000833
 296      0.014308     -0.008938      0.006854
 297      0.015313     -0.010875      0.005229
 298      0.013578     -0.011630      0.003854
 299      0.013739     -0.012846      0.002208
 300      0.013344     -0.010500      0.004750
 301      0.013222     -0.009729      0.006083
 302      0.012130     -0.011021      0.005229
 303      0.012622     -0.010708      0.004625
 304      0.010931     -0.012083      0.004000
 305      0.011547     -0.011312      0.003792
 306      0.010232     -0.014167      0.002312
 307      0.009290     -0.017604      0.000313
 308      0.008301     -0.018312     -0.001229
 309      0.001335     -0.016625     -0.002104
 310     -0.016176     -0.016688     -0.002312
 311     -0.022278     -0.020042     -0.003833
 312     -0.028797     -0.023896     -0.006875
 313     -0.038983     -0.026000     -0.008333
 314     -0.045735     -0.026250     -0.009458
 315     -0.048616     -0.026687     -0.010375
 316     -0.050932     -0.027208     -0.011167
 317     -0.046198     -0.027229     -0.011417
 318     -0.041696     -0.028292     -0.012542
 319     -0.050383     -0.029750     -0.013062
 320     -0.064388     -0.031604     -0.014375
 321     -0.057288     -0.034521     -0.015583
 322     -0.054206     -0.035063     -0.016167
 323     -0.039553     -0.036354     -0.017667
 324     -0.036537     -0.040778     -0.019800
 325     -0.030858     -0.041625     -0.020771
 326     -0.036814     -0.038229     -0.020583
 327     -0.040549     -0.037771     -0.022104
 328     -0.052830     -0.038937     -0.022958
 329     -0.057233     -0.039083     -0.023333
 330     -0.049373     -0.028000     -0.015813
 331     -0.054018     -0.024146     -0.010104
 332     -0.042422     -0.025438     -0.010542
 333     -0.036527     -0.032292     -0.015479
 334     -0.037103     -0.033229     -0.014438
 335     -0.038896     -0.038187     -0.017875
 336     -0.039490     -0.040813     -0.020396
 337     -0.036924     -0.040542     -0.017688
 338     -0.038112     -0.044312     -0.021521
 339     -0.037518     -0.047750     -0.024694
 340     -0.035734     -0.049033     -0.026633
 341     -0.034405     -0.048604     -0.024625
 342     -0.050986     -0.055744     -0.026205
 343     -0.047665   -999.000000   -999.000000
 344     -0.041125     -0.068500     -0.027125
 345     -0.066318   -999.000000   -999.000000
 346     -0.083757   -999.000000   -999.000000
 347     -0.094894   -999.000000   -999.000000
 348     -0.098765   -999.000000   -999.000000
 349     -0.101313   -999.000000   -999.000000
 350     -0.103331   -999.000000   -999.000000
 351     -0.105020   -999.000000   -999.000000
 352     -0.106013   -999.000000   -999.000000
 353     -0.106642   -999.000000   -999.000000
 354     -0.107235   -999.000000   -999.000000
 355     -0.107888   -999.000000   -999.000000
 356     -0.108300   -999.000000   -999.000000
 357     -0.108655   -999.000000   -999.000000
 358     -0.108900   -999.000000   -999.000000
 359     -0.108894   -999.000000   -999.000000
 360     -0.108918   -999.000000   -999.000000
 361     -0.109322   -999.000000   -999.000000
 362     -0.109713   -999.000000   -999.000000
 363     -0.108807   -999.000000   -999.000000
 364     -0.107619   -999.000000   -999.000000
 365     -0.106982   -999.000000   -999.000000
 366     -0.106666   -999.000000   -999.000000
 367     -0.106504   -999.000000   -999.000000
 368     -0.106730   -999.000000   -999.000000
 369     -0.106714   -999.000000   -999.000000
 370     -0.106169   -999.000000   -999.000000
 371     -0.105872   -999.000000   -999.000000
 372     -0.106199   -999.000000   -999.000000
 373     -0.106109   -999.000000   -999.000000
 374     -0.104547   -999.000000   -999.000000
 375     -0.103528   -999.000000   -999.000000
 376     -0.103195   -999.000000   -999.000000
 377     -0.102457   -999.000000   -999.000000
 378     -0.101220   -999.000000   -999.000000
 379     -0.100372   -999.000000   -999.000000
 380     -0.099538   -999.000000   -999.000000
 381     -0.098916   -999.000000   -999.000000
 382     -0.099025   -999.000000   -999.000000
 383     -0.099644   -999.000000   -999.000000
 384     -0.100301   -999.000000   -999.000000
 385     -0.100654   -999.000000   -999.000000
 386     -0.100606   -999.000000   -999.000000
 387     -0.100278   -999.000000   -999.000000
 388     -0.099821   -999.000000   -999.000000
 389     -0.099361   -999.000000   -999.000000
 390     -0.099127   -999.000000   -999.000000
 391     -0.099167   -999.000000   -999.000000
 392     -0.099321   -999.000000   -999.000000
 393     -0.099568   -999.000000   -999.000000
 394     -0.099967   -999.000000   -999.000000
 395     -0.100467   -999.000000   -999.000000
 396     -0.101057   -999.000000   -999.000000
 397     -0.101663   -999.000000   -999.000000
 398     -0.102198   -999.000000   -999.000000
 399     -0.102711   -999.000000   -999.000000
 400     -0.103263   -999.000000   -999.000000
 401     -0.103881   -999.000000   -999.000000
 402     -0.104533   -999.000000   -999.000000
 403     -0.105185   -999.000000   -999.000000
 404     -0.105838   -999.000000   -999.000000
 405     -0.106531   -999.000000   -999.000000
 406     -0.107232   -999.000000   -999.000000
 407     -0.107868   -999.000000   -999.000000
 408     -0.108462   -999.000000   -999.000000
 409     -0.108902   -999.000000   -999.000000
 410     -0.109097   -999.000000   -999.000000
 411     -0.109155   -999.000000   -999.000000
 412     -0.109213   -999.000000   -999.000000
 413     -0.109373   -999.000000   -999.000000
 414     -0.109712   -999.000000   -999.000000
 415     -0.110200   -999.000000   -999.000000
 416     -0.110720   -999.000000   -999.000000
 417     -0.111227   -999.000000   -999.000000
 418     -0.111730   -999.000000   -999.000000
 419     -0.112156   -999.000000   -999.000000
 420     -0.112555   -999.000000   -999.000000
 421     -0.113051   -999.000000   -999.000000
 422     -0.113617   -999.000000   -999.000000
 423     -0.114211   -999.000000   -999.000000
 424     -0.114798   -999.000000   -999.000000
 425     -0.115362   -999.000000   -999.000000
 426     -0.115920   -999.000000   -999.000000
 427     -0.116465   -999.000000   -999.000000
 428     -0.117021   -999.000000   -999.000000
 429     -0.117569   -999.000000   -999.000000
 430     -0.118784   -999.000000   -999.000000
 431     -0.119640   -999.000000   -999.000000
 432     -0.120881   -999.000000   -999.000000
 433     -0.119628   -999.000000   -999.000000
 434     -0.119905   -999.000000   -999.000000
 435     -0.119952   -999.000000   -999.000000
 436     -0.120159   -999.000000   -999.000000
 437     -0.120613   -999.000000   -999.000000
 438     -0.119169   -999.000000   -999.000000
 439     -0.094065   -999.000000   -999.000000
 440     -0.062549   -999.000000   -999.000000
 441     -0.054469   -999.000000   -999.000000
 442     -0.058167   -999.000000   -999.000000
 443     -0.063187   -999.000000   -999.000000
 444     -0.067366   -999.000000   -999.000000
 445     -0.072077      0.034372      0.040977
 446     -0.074472      0.032292      0.041792
 447     -0.072412      0.047063      0.052229
 448     -0.070618      0.042292      0.051229
 449     -0.060810      0.036354      0.048021
 450     -0.040793      0.033958      0.044333
 451     -0.034604      0.036875      0.044000
 452     -0.047963      0.036062      0.043521
 453     -0.056623      0.043667      0.048167
 454     -0.066756      0.068667      0.072917
 455     -0.052841      0.069562      0.078063
 456     -0.029348      0.066146      0.077938
 457     -0.017369      0.060521      0.074875
 458     -0.020212      0.055854      0.068958
 459     -0.023591      0.050021      0.063354
 460     -0.025811      0.046479      0.060083
 461     -0.032542      0.043583      0.056021
 462     -0.037231      0.041333      0.052479
 463     -0.040235      0.037979      0.050646
 464     -0.045477      0.032792      0.046708
 465     -0.042459      0.026771      0.042104
 466     -0.043483      0.024938      0.040354
 467     -0.046691      0.025250      0.041667
 468     -0.053381      0.025375      0.040833
 469     -0.067837      0.039792      0.045604
 470     -0.068292      0.045896      0.050500
 471     -0.046428      0.074667      0.081458
 472     -0.041460      0.069917      0.081604
 473      0.025280      0.090354      0.093646
 474      0.035681      0.091771      0.101667
 475      0.034197      0.089500      0.101875
 476      0.043344      0.089125      0.101688
 477      0.042003      0.095104      0.105271
 478      0.036123      0.095875      0.106479
 479      0.044616      0.092542      0.106708
 480      0.063003      0.085354      0.105729
 481      0.053741      0.076896      0.090063
 482      0.044461      0.069750      0.080000
 483      0.038326      0.063583      0.073021
 484      0.030743      0.059396      0.067646
 485      0.024526      0.055021      0.063479
 486      0.018924      0.052917      0.061208
 487      0.014281      0.052021      0.057146
 488      0.015579      0.058042      0.061292
 489      0.013202      0.052125      0.055417
 490      0.022070      0.047438      0.051125
 491      0.017770      0.046250      0.052229
 492      0.013397      0.051521      0.057063
 493      0.016678      0.049125      0.054938
 494      0.016732      0.045771      0.051563
 495      0.013929      0.040000      0.047438
 496      0.013896      0.035979      0.043771
 497      0.015373      0.030375      0.038375
 498      0.014313      0.025896      0.034208
 499      0.014164      0.021208      0.031187
 500      0.011594      0.015479      0.024708
 501      0.009915      0.010604      0.019917
 502      0.001884     -0.004583     -0.000792
 503     -0.028786     -0.024604     -0.014063
 504     -0.050598     -0.028646     -0.015542
 505     -0.061093     -0.015437     -0.000438
 506     -0.066893     -0.020521     -0.002646
 507     -0.062688     -0.024417     -0.007542
 508     -0.040864     -0.007958     -0.000208
 509     -0.047749      0.024104      0.034958
 510     -0.068420      0.021604      0.037167
 511      0.002504      0.008833      0.026396
 512      0.021454      0.046042      0.051563
 513      0.018939      0.074563      0.080292
 514      0.028720      0.063063      0.074063
 515      0.066346      0.055167      0.066896
 516      0.056279      0.048813      0.059000
 517      0.056703      0.040958      0.052062
 518      0.047955      0.032229      0.045521
 519      0.038527      0.025417      0.039104
 520      0.030150      0.022312      0.033188
 521      0.022830      0.015562      0.027250
 522      0.017035      0.014104      0.025188
 523      0.012520      0.009250      0.020958
 524      0.018174      0.004938      0.016333
 525      0.013482     -0.000063      0.012271
 526      0.013426      0.000146      0.012438
 527      0.015013      0.011146      0.024688
 528      0.011905      0.000167      0.015292
 529      0.015751     -0.004188      0.011938
 530      0.013819      0.008479      0.018062
 531      0.014001      0.008875      0.021583
 532      0.013405      0.003271      0.015688
 533      0.016911      0.002188      0.015229
 534      0.014707     -0.001333      0.013229
 535      0.013727      0.013271      0.021583
 536      0.013417      0.063063      0.065062
 537      0.013384      0.053312      0.059771
 538      0.043514      0.043250      0.050729
 539      0.053304      0.037667      0.046667
 540      0.044589      0.036104      0.046042
 541      0.035894      0.027417      0.038750
 542      0.033510      0.022812      0.033604
 543      0.026779      0.019292      0.029479
 544      0.019821      0.013813      0.025104
 545      0.013923      0.008063      0.020646
 546      0.014352      0.003833      0.017542
 547      0.014975      0.000375      0.015958
 548      0.012500      0.006458      0.014396
 549      0.010324      0.030250      0.037437
 550      0.008322      0.022708      0.030417
 551      0.020122      0.018375      0.027813
 552      0.019753      0.025729      0.031250
 553      0.016065      0.024708      0.034521
 554      0.016384      0.015646      0.026417
 555      0.021756      0.007813      0.020938
 556      0.014500      0.002417      0.018625
 557      0.014692     -0.002542      0.011208
 558      0.012210     -0.007979      0.005604
 559      0.010116      0.009708      0.015646
 560      0.004992      0.017708      0.025729
 561     -0.025643      0.005958      0.021292
 562     -0.021767      0.008896      0.021375
 563     -0.027038      0.001729      0.016417
 564     -0.030988     -0.005229      0.008167
 565     -0.032319     -0.010500      0.002979
 566     -0.041852     -0.014875     -0.003333
 567     -0.044255     -0.022896     -0.011146
 568     -0.047058     -0.029000     -0.017229
 569     -0.065184     -0.034146     -0.022375
 570     -0.068153     -0.038917     -0.027833
 571     -0.070890     -0.006042     -0.005188
 572     -0.067562      0.010104      0.026042
 573     -0.058615     -0.002104      0.012396
 574     -0.006704     -0.011062      0.003375
 575      0.014393     -0.016146     -0.003396
 576      0.013975     -0.019042     -0.006875
 577      0.014270     -0.024729     -0.012854
 578      0.014056     -0.028250     -0.017792
 579      0.010839     -0.034333     -0.023312
 580      0.008654     -0.028208     -0.022396
 581     -0.015005     -0.003250      0.004458
 582     -0.039368     -0.013271      0.001958
 583     -0.034021     -0.020042     -0.007000
 584     -0.024114     -0.027729     -0.015708
 585     -0.030429     -0.031417     -0.020958
 586     -0.040423     -0.024313     -0.013958
 587     -0.046511     -0.029417     -0.016083
 588     -0.039812     -0.036437     -0.023521
 589     -0.035755     -0.038458     -0.028542
 590     -0.043698     -0.038167     -0.032500
 591     -0.045017     -0.042417     -0.038146
 592     -0.043918     -0.044187     -0.040104
 593     -0.056950     -0.035896     -0.023167
 594     -0.067790     -0.039833     -0.026917
 595     -0.042263     -0.032521     -0.016854
 596     -0.043038     -0.023938     -0.003292
 597     -0.045392     -0.032938     -0.011521
 598     -0.029858     -0.036229     -0.015979
 599     -0.035403     -0.039333     -0.030812
 600     -0.042090     -0.045812     -0.043583
 601     -0.045426     -0.050854     -0.048479
 602     -0.046858     -0.052896     -0.052937
 603     -0.060427     -0.059563     -0.056958
 604     -0.070294     -0.069271     -0.063792
 605     -0.071545     -0.075458     -0.068333
 606     -0.065246     -0.079250     -0.073479
 607     -0.070835     -0.083312     -0.078875
 608     -0.067081     -0.091979     -0.082729
 609     -0.073485     -0.099812     -0.084937
 610     -0.074146     -0.105625     -0.085375
 611     -0.072682     -0.110646     -0.086813
 612     -0.082131     -0.117667     -0.088938
 613     -0.082736     -0.117729     -0.089792
 614     -0.078299     -0.122833     -0.090938
 615     -0.085502     -0.122375     -0.091375
 616     -0.087789     -0.127458     -0.093021
 617     -0.088577     -0.133000     -0.095875
 618     -0.089342     -0.139854     -0.102625
 619     -0.093894     -0.144563     -0.111583
 620     -0.099469     -0.149229     -0.121458
 621     -0.108243     -0.157917     -0.128021
 622     -0.118410     -0.164917     -0.136875
 623     -0.127547     -0.171021     -0.143854
 624     -0.135888     -0.176354     -0.153521
 625     -0.143325     -0.175479     -0.160458
 626     -0.150185     -0.174979     -0.155021
 627     -0.156490     -0.176437     -0.157021
 628     -0.157157     -0.166792     -0.156396
 629     -0.160518     -0.149479     -0.139729
 630     -0.159441     -0.141625     -0.120063
 631     -0.157490     -0.154375     -0.124604
 632     -0.153216     -0.163417     -0.140208
 633     -0.152453     -0.169417     -0.162375
 634     -0.154969     -0.176771     -0.174667
 635     -0.158070     -0.183167     -0.180292
 636     -0.160692     -0.185938     -0.184333
 637     -0.163014     -0.189729     -0.189021
 638     -0.165293     -0.193729     -0.193750
 639     -0.168993     -0.198583     -0.198333
 640     -0.171286     -0.203187     -0.203958
 641     -0.173675     -0.207375     -0.207000
 642     -0.177004     -0.198125     -0.210297
 643     -0.179488     -0.163625     -0.184750
 644     -0.179810     -0.146937     -0.153875
 645     -0.180922     -0.155500     -0.150479
 646     -0.180027     -0.146542     -0.142563
 647     -0.177991     -0.129111     -0.122074
 648     -0.180357   -999.000000   -999.000000
 649     -0.169015   -999.000000   -999.000000
 650     -0.166826   -999.000000   -999.000000
 651     -0.163536   -999.000000   -999.000000
 652     -0.165393   -999.000000   -999.000000
 653     -0.166542   -999.000000   -999.000000
 654     -0.166680   -999.000000   -999.000000
 655     -0.168346   -999.000000   -999.000000
 656     -0.171331   -999.000000   -999.000000
 657     -0.172232   -999.000000   -999.000000
 658     -0.167824   -999.000000   -999.000000
 659     -0.155801   -999.000000   -999.000000
 660     -0.149510   -999.000000   -999.000000
 661     -0.147425   -999.000000   -999.000000
 662     -0.145822   -999.000000   -999.000000
 663     -0.144823   -999.000000   -999.000000
 664     -0.115026   -999.000000   -999.000000
 665     -0.094498   -999.000000   -999.000000
 666     -0.082626   -999.000000   -999.000000
 667     -0.081836   -999.000000   -999.000000
 668     -0.084149   -999.000000   -999.000000
 669     -0.085311   -999.000000   -999.000000
 670     -0.083032   -999.000000   -999.000000
 671     -0.085054   -999.000000   -999.000000
 672     -0.084332   -999.000000   -999.000000
 673     -0.083961   -999.000000   -999.000000
 674     -0.083955   -999.000000   -999.000000
 675     -0.084194   -999.000000   -999.000000
 676     -0.084571   -999.000000   -999.000000
 677     -0.084031   -999.000000   -999.000000
 678     -0.079117   -999.000000   -999.000000
 679     -0.074457   -999.000000   -999.000000
 680     -0.061008   -999.000000   -999.000000
 681     -0.065177   -999.000000   -999.000000
 682     -0.043137   -999.000000   -999.000000
 683     -0.050714   -999.000000   -999.000000
 684     -0.092790   -999.000000   -999.000000
 685     -0.104358   -999.000000   -999.000000
 686     -0.089014   -999.000000   -999.000000
 687     -0.066356   -999.000000   -999.000000
 688     -0.055369   -999.000000   -999.000000
 689     -0.062456   -999.000000   -999.000000
 690     -0.068400   -999.000000   -999.000000
 691     -0.077921   -999.000000   -999.000000
 692     -0.084667   -999.000000   -999.000000
 693     -0.091098   -999.000000   -999.000000
 694     -0.081317   -999.000000   -999.000000
 695     -0.071117   -999.000000   -999.000000
 696     -0.075973   -999.000000   -999.000000
 697     -0.080613   -999.000000   -999.000000
 698     -0.083133   -999.000000   -999.000000
 699     -0.085225   -999.000000   -999.000000
 700     -0.085708   -999.000000   -999.000000
 701     -0.086602   -999.000000   -999.000000
 702     -0.088130   -999.000000   -999.000000
 703     -0.088804   -999.000000   -999.000000
 704     -0.087932   -999.000000   -999.000000
 705     -0.077305   -999.000000   -999.000000
 706     -0.076017   -999.000000   -999.000000
 707     -0.078455   -999.000000   -999.000000
 708     -0.080338   -999.000000   -999.000000
 709     -0.080365   -999.000000   -999.000000
 710     -0.081255   -999.000000   -999.000000
 711     -0.081964   -999.000000   -999.000000
 712     -0.082489   -999.000000   -999.000000
 713     -0.083108   -999.000000   -999.000000
 714     -0.083488   -999.000000   -999.000000
 715     -0.083629   -999.000000   -999.000000
 716     -0.083685   -999.000000   -999.000000
 717     -0.084010   -999.000000   -999.000000
 718     -0.084517   -999.000000   -999.000000
 719     -0.084999   -999.000000   -999.000000
 720     -0.085345   -999.000000   -999.000000
 721     -0.085637   -999.000000   -999.000000
 722     -0.085973   -999.000000   -999.000000
 723     -0.086157   -999.000000   -999.000000
 724     -0.086230   -999.000000   -999.000000
 725     -0.086273   -999.000000   -999.000000
 726     -0.086229   -999.000000   -999.000000
 727     -0.086024   -999.000000   -999.000000
 728     -0.085762   -999.000000   -999.000000
 729     -0.085593   -999.000000   -999.000000
 730     -0.085634   -999.000000   -999.000000
